5 0.07674774169921875 0.026529998779296876 0.021900634765625 0.02155029296875
5 0.0552484130859375 0.009653816223144531 0.021900634765625 0.020055084228515624
5 0.0791229248046875 0.006185226440429688 0.021900634765625 0.0154302978515625
5 0.2250628662109375 0.44668731689453123 0.015125732421875 0.0426251220703125
2 0.2424322509765625 0.4044230651855469 0.00738525390625 0.01815399169921875
2 0.259400634765625 0.34631256103515623 0.017801513671875 0.00737457275390625
5 0.114742431640625 0.01506011962890625 0.04679443359375 0.034017181396484374
2 0.350128173828125 0.0968408203125 0.0095751953125 0.01585052490234375
2 0.3684759521484375 0.09613143920898437 0.01094970703125 0.02004974365234375
0 0.483431396484375 0.6986331176757813 0.0408447265625 0.0485693359375
0 0.4115380859375 0.6983726501464844 0.039833984375 0.04686920166015625
0 0.3407012939453125 0.69373046875 0.041591796875 0.0496826171875
2 0.679620361328125 0.3202459716796875 0.01058837890625 0.01923065185546875
2 0.970018310546875 0.3729096984863281 0.0252685546875 0.02146148681640625
2 0.948765869140625 0.34082321166992186 0.0289404296875 0.023526611328125
2 0.7140765380859375 0.25240386962890626 0.016524658203125 0.012286376953125
2 0.8554656982421875 0.07883804321289062 0.01716796875 0.0193206787109375
