5 0.07674774169921875 0.8390299987792968 0.021900634765625 0.02155029296875
5 0.0552484130859375 0.8217800903320313 0.021900634765625 0.02154998779296875
5 0.036497802734375 0.8094050598144531 0.021900634765625 0.02154998779296875
5 0.059498291015625 0.8031547546386719 0.021900634765625 0.02154998779296875
5 0.0791229248046875 0.8171553039550781 0.021900634765625 0.02154998779296875
5 0.114742431640625 0.8216410827636719 0.04679443359375 0.049752197265625
5 0.17473876953125 0.7719631958007812 0.038724365234375 0.03300018310546875
5 0.2089556884765625 0.6400544738769531 0.022589111328125 0.0201751708984375
5 0.2010797119140625 0.6333041381835938 0.022589111328125 0.0201739501953125
5 0.197830810546875 0.6230546569824219 0.022589111328125 0.0201751708984375
5 0.19070556640625 0.6148039245605469 0.02259033203125 0.02017486572265625
5 0.06306304931640624 0.5518124389648438 0.012452392578125 0.02162506103515625
5 0.07240325927734376 0.5467465209960938 0.0093402099609375 0.019161376953125
2 0.611422119140625 0.07917190551757812 0.01310546875 0.015406494140625
2 0.5889483642578125 0.07707107543945313 0.0153515625 0.01935760498046875
2 0.6150726318359375 0.13595169067382812 0.015394287109375 0.01715423583984375
2 0.323017578125 0.49346466064453126 0.021934814453125 0.01753936767578125
2 0.4536602783203125 0.546796875 0.016995849609375 0.01247650146484375
2 0.5488140869140625 0.5382801818847657 0.018057861328125 0.01628875732421875
2 0.350128173828125 0.9093408203125 0.0095751953125 0.01585052490234375
2 0.3684759521484375 0.9086314392089844 0.01094970703125 0.02004974365234375
2 0.8554656982421875 0.8913380432128907 0.01716796875 0.0193206787109375
2 0.7736376953125 0.6609237670898438 0.02110107421875 0.01904266357421875
5 0.7204852294921875 0.31076377868652344 0.03071533203125 0.038617095947265624
2 0.8034197998046875 0.30595619201660157 0.02112060546875 0.0114849853515625
2 0.8011859130859375 0.3176123809814453 0.021121826171875 0.011485137939453126
2 0.8032281494140625 0.328734130859375 0.02112060546875 0.0114849853515625
2 0.8071380615234375 0.3417254638671875 0.021121826171875 0.011485137939453126
5 0.8364056396484375 0.3327993011474609 0.04086669921875 0.011776885986328124
5 0.8163446044921875 0.3723853302001953 0.02318115234375 0.020947113037109374
5 0.79634033203125 0.38848777770996096 0.026441650390625 0.022251129150390625
5 0.7087347412109375 0.2793803405761719 0.015101318359375 0.01976531982421875
5 0.7506640625 0.2585157775878906 0.023228759765625 0.009756011962890625
2 0.7015985107421875 0.19583831787109374 0.0164453125 0.02201385498046875
2 0.7128924560546875 0.19541473388671876 0.015020751953125 0.01757049560546875
2 0.7118109130859375 0.21549026489257814 0.018177490234375 0.0233843994140625
2 0.68088623046875 0.13764869689941406 0.01488037109375 0.019270172119140627
2 0.8501849365234375 0.07368247985839843 0.010867919921875 0.02221038818359375
2 0.8138116455078125 0.07542533874511718 0.015499267578125 0.018201751708984373
2 0.7381195068359375 0.07588050842285156 0.015498046875 0.018201141357421874
2 0.707314453125 0.0937664794921875 0.01831298828125 0.0221990966796875
2 0.685831298828125 0.09295997619628907 0.015498046875 0.018201141357421874
2 0.67572021484375 0.09244430541992188 0.016685791015625 0.020946044921875
