2 0.14037322998046875 0.9512847900390625 0.0086932373046875 0.01713623046875
2 0.0497760009765625 0.88667724609375 0.009765625 0.0224053955078125
2 0.03904571533203125 0.8865069580078125 0.009765625 0.0224053955078125
2 0.01405242919921875 0.8864828491210938 0.009161376953125 0.0170941162109375
2 0.22295562744140626 0.9075750732421874 0.00931640625 0.0163629150390625
2 0.3132769775390625 0.9069924926757813 0.00862548828125 0.0169512939453125
6 0.371334228515625 0.8618734741210937 0.03530517578125 0.0355609130859375
2 0.483299560546875 0.9622396850585937 0.007347412109375 0.018480224609375
2 0.5662066650390625 0.9635635375976562 0.007587890625 0.0173773193359375
2 0.213489990234375 0.206900634765625 0.025635986328125 0.014166259765625
2 0.2451380157470703 0.18480010986328124 0.02563690185546875 0.0141656494140625
