0 0.5622952270507813 0.18748947143554687 0.03041351318359375 0.0279656982421875
0 0.54107666015625 0.21459304809570312 0.03329437255859375 0.0316070556640625
0 0.5848323059082031 0.21959686279296875 0.0267919921875 0.02681121826171875
0 0.62626953125 0.21853713989257811 0.034744873046875 0.03270843505859375
0 0.709420166015625 0.21938400268554686 0.0333331298828125 0.025
0 0.752652587890625 0.21870681762695313 0.0318023681640625 0.0277117919921875
0 0.6919999694824219 0.1866912841796875 0.0314166259765625 0.0311688232421875
0 0.7336222839355468 0.18879318237304688 0.03331329345703125 0.0298004150390625
0 0.817391357421875 0.1882244873046875 0.0268115234375 0.0242755126953125
0 0.8582815551757812 0.18865310668945312 0.030587158203125 0.02419830322265625
0 0.8770919799804687 0.2192401123046875 0.0335906982421875 0.02835174560546875
0 0.9444357681274415 0.18964675903320313 0.021374969482421874 0.0184747314453125
