2 0.05227470397949219 0.8783992004394531 0.02832855224609375 0.02307952880859375
2 0.051208114624023436 0.8923318481445313 0.02933258056640625 0.02310943603515625
2 0.051995773315429684 0.925419921875 0.0310107421875 0.02415985107421875
2 0.05238983154296875 0.9565390014648437 0.02832489013671875 0.0228466796875
2 0.0856256103515625 0.8791871643066407 0.02832855224609375 0.02307952880859375
2 0.08639701843261718 0.9267330932617187 0.02933258056640625 0.02310943603515625
2 0.07946357727050782 0.9071340942382813 0.026573638916015625 0.02120086669921875
2 0.0854779052734375 0.9586396789550782 0.027394256591796874 0.02232147216796875
2 0.08390243530273438 0.97544677734375 0.0273944091796875 0.02232147216796875
2 0.08757865905761719 0.9938288879394531 0.027394256591796874 0.02232147216796875
2 0.15782569885253905 0.880645751953125 0.025735321044921874 0.02186614990234375
2 0.15598731994628906 0.8662026977539062 0.025735321044921874 0.02186614990234375
2 0.15376327514648438 0.9011473083496093 0.030740966796875 0.0239337158203125
2 0.15861343383789062 0.93211669921875 0.025735321044921874 0.02186614990234375
2 0.1554621124267578 0.9486605834960937 0.025735321044921874 0.02186614990234375
2 0.20772071838378905 0.8667279052734375 0.030736083984375 0.02442230224609375
2 0.20982139587402343 0.8848477172851562 0.030735931396484374 0.02442230224609375
2 0.20929618835449218 0.9224003601074219 0.030735931396484374 0.02442230224609375
2 0.20995269775390624 0.9397319030761718 0.027996368408203125 0.0223211669921875
2 0.27756294250488284 0.9657315063476563 0.02995819091796875 0.0233746337890625
2 0.28334014892578124 0.9544393920898437 0.029958343505859374 0.0233746337890625
2 0.28248138427734376 0.9056800842285156 0.027474365234375 0.02196929931640625
2 0.28270301818847654 0.8890193176269531 0.02759124755859375 0.0217364501953125
2 0.3113269805908203 0.9050384521484375 0.027591094970703126 0.0217364501953125
2 0.3105800628662109 0.92222412109375 0.027474517822265624 0.021968994140625
2 0.31186973571777343 0.8882090759277343 0.02762603759765625 0.02137603759765625
2 0.4528623962402344 0.9730830383300781 0.027718048095703125 0.0259979248046875
2 0.4742646789550781 0.8316702270507812 0.0266046142578125 0.026785888671875
2 0.47465866088867187 0.7488182067871094 0.02581573486328125 0.024947509765625
2 0.4735426330566406 0.7298454284667969 0.0266546630859375 0.0266546630859375
2 0.6248699951171875 0.6029106140136719 0.025467529296875 0.0127337646484375
2 0.5622401428222656 0.6622921752929688 0.0291583251953125 0.0244281005859375
2 0.564578857421875 0.722843017578125 0.0291583251953125 0.02442840576171875
2 0.5661383056640625 0.74415283203125 0.0319708251953125 0.02754669189453125
2 0.5653585815429687 0.7600051879882812 0.0291583251953125 0.02442840576171875
2 0.5649803161621094 0.7809526062011719 0.0366650390625 0.0339886474609375
2 0.5615902709960937 0.7970372009277343 0.028416748046875 0.02468841552734375
2 0.5701661682128907 0.8908523559570313 0.0284161376953125 0.0246881103515625
2 0.5379327392578125 0.9638470458984375 0.035101318359375 0.033463134765625
2 0.5369026184082031 0.8794180297851563 0.02884613037109375 0.028846435546875
2 0.5333938598632812 0.9169700622558594 0.0305926513671875 0.03118499755859375
2 0.5350831604003906 0.7577963256835938 0.02884613037109375 0.028846435546875
2 0.5332643127441407 0.7772872924804688 0.02884613037109375 0.028846435546875
2 0.6088882446289062 0.8998684692382812 0.0111737060546875 0.02816741943359375
2 0.6264292907714843 0.6548855590820313 0.02859649658203125 0.02624755859375
2 0.6233106994628906 0.6973751831054688 0.02754669189453125 0.0275469970703125
2 0.6236367797851563 0.7359780883789062 0.03728973388671875 0.03204254150390625
2 0.6558950805664062 0.7484028625488282 0.0316766357421875 0.02892181396484375
2 0.6504379272460937 0.6579664611816406 0.03167724609375 0.028922119140625
2 0.6548558044433593 0.7697125244140625 0.03167724609375 0.028922119140625
2 0.6582339477539062 0.785045166015625 0.03167694091796875 0.028922119140625
2 0.6577143859863281 0.806614990234375 0.03167724609375 0.028922119140625
2 0.6581013488769532 0.8249417114257812 0.030211181640625 0.0276116943359375
2 0.6525169372558594 0.9030287170410156 0.03167724609375 0.028922119140625
2 0.660343017578125 0.83939697265625 0.02944732666015625 0.02676727294921875
2 0.6542033386230469 0.8613241577148437 0.030211181640625 0.02761199951171875
2 0.6565422058105469 0.917457275390625 0.030211181640625 0.02761199951171875
2 0.6561549377441406 0.9386312866210937 0.03167694091796875 0.028922119140625
2 0.6626519775390625 0.9724153137207031 0.0316766357421875 0.02892181396484375
2 0.6273089599609375 0.7546397399902344 0.0316766357421875 0.02892181396484375
2 0.6317268371582031 0.7691928100585937 0.03167694091796875 0.028922119140625
2 0.6301673889160156 0.7902426147460937 0.0316766357421875 0.02892181396484375
2 0.6307997131347656 0.807852783203125 0.02849090576171875 0.0250091552734375
2 0.6221414184570313 0.8331600952148438 0.02922637939453125 0.0257275390625
2 0.6309770202636719 0.8435548400878906 0.02922637939453125 0.0257275390625
2 0.6299375915527343 0.8653848266601563 0.02922637939453125 0.0257275390625
2 0.6305873107910156 0.9590699768066406 0.0305511474609375 0.02754669189453125
2 0.6325651550292969 0.9957638549804687 0.03502532958984375 0.03004150390625
2 0.6364346313476562 0.9744024658203125 0.02817413330078125 0.02546783447265625
2 0.687630615234375 0.8710226440429687 0.0111737060546875 0.02816741943359375
2 0.8594076538085937 0.7496607971191406 0.0111737060546875 0.02816741943359375
2 0.7145269775390625 0.6768452453613282 0.0291583251953125 0.0244281005859375
2 0.7133908081054687 0.6954249572753907 0.0298199462890625 0.02365142822265625
2 0.7127081298828125 0.7129678344726562 0.02934600830078125 0.02442840576171875
2 0.7151768493652344 0.7512995910644531 0.03008636474609375 0.02624725341796875
2 0.7155665588378907 0.7332380676269531 0.02560638427734375 0.0223492431640625
2 0.7134011840820312 0.7890017700195312 0.0351702880859375 0.02984405517578125
2 0.7142671203613281 0.8065228271484375 0.029345703125 0.0244281005859375
2 0.7137472534179687 0.7667619323730469 0.0291583251953125 0.02442840576171875
2 0.7166058349609375 0.9169699096679688 0.029345703125 0.02442840576171875
2 0.7166668701171875 0.8625823974609375 0.03702392578125 0.0313323974609375
2 0.7160820007324219 0.8270945739746094 0.029097900390625 0.025904541015625
2 0.71478271484375 0.8434669494628906 0.02909759521484375 0.02590423583984375
2 0.7184251403808594 0.9330819702148437 0.02934600830078125 0.02442840576171875
2 0.7145268249511719 0.882666015625 0.02934600830078125 0.02442840576171875
2 0.7422036743164062 0.9138514709472656 0.0298858642578125 0.0256231689453125
2 0.74083984375 0.8438972473144531 0.02533660888671875 0.0227740478515625
2 0.7414242553710938 0.7871621704101562 0.0298956298828125 0.02520782470703125
2 0.7450625610351562 0.8069129943847656 0.02990997314453125 0.02416839599609375
2 0.742723388671875 0.6606028747558593 0.0298956298828125 0.02520782470703125
2 0.7412623596191407 0.6965678405761718 0.0347589111328125 0.02916168212890625
2 0.7373959350585938 0.7318087768554687 0.02390838623046875 0.0210205078125
2 0.7386952209472656 0.7518190002441406 0.02390838623046875 0.02102020263671875
2 0.8011953735351562 0.6824324035644531 0.0312884521484375 0.02884613037109375
2 0.8011953735351562 0.7003636169433594 0.0312884521484375 0.02884613037109375
2 0.8017018127441407 0.7200167846679687 0.0298590087890625 0.027611083984375
2 0.8035342407226562 0.73778564453125 0.0312884521484375 0.028846435546875
2 0.80314453125 0.7762474060058594 0.02775177001953125 0.0272869873046875
2 0.8027546691894532 0.79495849609375 0.0312884521484375 0.028846435546875
2 0.803404541015625 0.813929443359375 0.0277520751953125 0.0272869873046875
2 0.8045738220214844 0.8310812377929687 0.0312884521484375 0.02884613037109375
2 0.8049639892578125 0.8848753356933594 0.03118499755859375 0.027049560546875
2 0.8071885681152344 0.923685302734375 0.02933441162109375 0.026590576171875
2 0.8321363830566406 0.9366789245605469 0.02933441162109375 0.02659088134765625
2 0.8413038635253907 0.95082763671875 0.03342987060546875 0.0294775390625
2 0.830577392578125 0.8283106994628906 0.02933441162109375 0.02659027099609375
2 0.8279783630371094 0.7932275390625 0.02933441162109375 0.02659027099609375
2 0.8308370971679687 0.7121466064453125 0.02933441162109375 0.02659027099609375
2 0.8279783630371094 0.6614706420898437 0.02933441162109375 0.026590576171875
2 0.8269389343261718 0.677843017578125 0.02933441162109375 0.026590576171875
2 0.8264192199707031 0.6978535461425781 0.02933441162109375 0.026590576171875
2 0.82511962890625 0.7373545837402343 0.02933441162109375 0.026590576171875
2 0.8276939392089844 0.7551019287109375 0.02622894287109375 0.02384033203125
2 0.9131072998046875 0.6484126281738282 0.028515625 0.02421600341796875
2 0.8926806640625 0.6545890808105469 0.0382196044921875 0.0315179443359375
2 0.9228520202636719 0.6790785217285156 0.03033538818359375 0.02629638671875
2 0.9192497253417968 0.6927847290039062 0.02818389892578125 0.02460296630859375
2 0.9196986389160157 0.7331082153320313 0.0342877197265625 0.0304052734375
2 0.9150918579101562 0.7853001403808594 0.02818389892578125 0.02460296630859375
2 0.9200294494628907 0.7691880798339844 0.02818359375 0.0246026611328125
2 0.9169111633300782 0.82142333984375 0.0281842041015625 0.02460296630859375
2 0.920289306640625 0.8419529724121094 0.02818389892578125 0.02460296630859375
2 0.8911773681640625 0.8583207702636719 0.03027496337890625 0.02615325927734375
2 0.893450927734375 0.7846934509277343 0.028326416015625 0.02442840576171875
2 0.8882536315917968 0.7639031982421876 0.0304052734375 0.0263311767578125
2 0.8916322326660157 0.6921780395507813 0.028326416015625 0.0244281005859375
2 0.8934512329101563 0.713487548828125 0.028326416015625 0.02442840576171875
2 0.8924116516113281 0.7311592102050781 0.028326416015625 0.02442840576171875
2 0.8916966247558594 0.67525634765625 0.02923675537109375 0.0250067138671875
2 0.8913720703125 0.8195167541503906 0.0304052734375 0.0263311767578125
3 0.9156704711914062 0.9196981811523437 0.05625640869140625 0.0459979248046875
2 0.9755717468261719 0.6720375061035156 0.0264202880859375 0.02520782470703125
2 0.9836277770996094 0.7455819702148437 0.0264202880859375 0.02520782470703125
2 0.9866004943847656 0.7644046020507812 0.02913818359375 0.02750946044921875
2 0.9799896240234375 0.8258836364746094 0.02854736328125 0.0246881103515625
2 0.9755717468261719 0.8118501281738282 0.0285467529296875 0.0246881103515625
2 0.9800776672363282 0.8654766845703125 0.03074859619140625 0.02918182373046875
2 0.28173782348632814 0.8735752868652343 0.02759124755859375 0.0217364501953125
2 0.3106953430175781 0.8533050537109375 0.02759124755859375 0.0217364501953125
2 0.08755607604980468 0.8642257690429688 0.02832855224609375 0.02307952880859375
2 0.0844439697265625 0.8949468994140625 0.0343743896484375 0.0262506103515625
2 0.09084587097167969 0.9439520263671874 0.029726715087890626 0.02269927978515625
