0 0.9074937438964844 0.7239148712158203 0.03817031860351563 0.04237030029296875
2 0.9940766906738281 0.36415977478027345 0.010074310302734375 0.01698326110839844
2 0.9786800384521485 0.3592015075683594 0.010074310302734375 0.016983184814453125
2 0.9593692016601563 0.35894054412841797 0.01007415771484375 0.01698326110839844
2 0.9921712493896484 0.48695194244384765 0.01047821044921875 0.021920700073242188
2 0.9731210327148437 0.4872129440307617 0.010478057861328126 0.021920700073242188
2 0.9558976745605469 0.4869519805908203 0.01047821044921875 0.021920700073242188
2 0.9444154357910156 0.4853861999511719 0.01047821044921875 0.021920700073242188
2 0.945981216430664 0.4305845642089844 0.01047821044921875 0.021920700073242188
2 0.9535491180419922 0.4290187835693359 0.01047821044921875 0.021920623779296874
2 0.9744258117675781 0.4279749298095703 0.01047821044921875 0.021920700073242188
2 0.9864302062988282 0.4292797088623047 0.01047821044921875 0.021920700073242188
2 0.9963468170166015 0.43267234802246096 0.01047821044921875 0.021920700073242188
