2 0.051341552734375 0.07076934814453124 0.012396240234375 0.0290960693359375
2 0.03414642333984375 0.06283309936523437 0.0123956298828125 0.0290960693359375
2 0.01992645263671875 0.0568804931640625 0.0123956298828125 0.0290960693359375
2 0.066884765625 0.07870590209960937 0.0123956298828125 0.0290960693359375
2 0.08110443115234375 0.08465835571289063 0.0123956298828125 0.0290960693359375
2 0.09598480224609375 0.09193328857421874 0.0123956298828125 0.0290960693359375
2 0.1402972412109375 0.11309738159179687 0.012396240234375 0.0290960693359375
2 0.108551025390625 0.0965631103515625 0.01239501953125 0.0290960693359375
2 0.1267388916015625 0.10648406982421875 0.012396240234375 0.0290960693359375
2 0.15385498046875 0.1226873779296875 0.0123956298828125 0.0290960693359375
2 0.168074951171875 0.13227752685546876 0.0123956298828125 0.0290960693359375
2 0.18262481689453125 0.13822952270507813 0.0123956298828125 0.0290960693359375
2 0.2001519775390625 0.1461663818359375 0.0123956298828125 0.0290960693359375
2 0.21404022216796875 0.15542556762695312 0.012396240234375 0.0290960693359375
2 0.23901611328125 0.16947906494140624 0.01572998046875 0.03141326904296875
2 0.15095947265625 0.050595550537109374 0.018848876953125 0.037576904296875
2 0.13399505615234375 0.04341964721679688 0.0166693115234375 0.03551513671875
2 0.1156475830078125 0.03772430419921875 0.0170074462890625 0.04029266357421875
2 0.08056884765625 0.0193597412109375 0.016297607421875 0.03337127685546875
2 0.06271270751953124 0.013648223876953126 0.0162969970703125 0.02810882568359375
2 0.09776519775390625 0.0266351318359375 0.0162969970703125 0.03337066650390625
2 0.18845245361328125 0.07234451293945313 0.0190997314453125 0.03983489990234375
2 0.1705950927734375 0.06870742797851563 0.0190997314453125 0.0398345947265625
2 0.22416595458984376 0.0898712158203125 0.0190997314453125 0.03983489990234375
2 0.260211181640625 0.10805877685546875 0.01909912109375 0.03983489990234375
2 0.24268402099609376 0.10177566528320313 0.01909912109375 0.03983428955078125
2 0.20763153076171875 0.08491043090820312 0.0190997314453125 0.03983489990234375
2 0.428902587890625 0.13095245361328126 0.02904541015625 0.02182525634765625
2 0.27529754638671877 0.11921279907226562 0.01025146484375 0.0314154052734375
2 0.2066796875 0.18683837890625 0.011904296875 0.02711639404296875
2 0.2331744384765625 0.20015533447265624 0.026536865234375 0.03619720458984375
2 0.2627325439453125 0.20337326049804688 0.024801025390625 0.03452362060546875
2 0.19014617919921875 0.17840621948242188 0.0139013671875 0.02678619384765625
2 0.17724853515625 0.1714617919921875 0.0145709228515625 0.02943115234375
2 0.16269866943359376 0.1645172119140625 0.0145709228515625 0.02943115234375
2 0.13624420166015624 0.14368423461914062 0.0145709228515625 0.02943115234375
2 0.14980224609375 0.15558837890625 0.0145709228515625 0.02943115234375
2 0.1061572265625 0.13251434326171874 0.0132147216796875 0.0289178466796875
2 0.0916070556640625 0.12490859985351563 0.0132147216796875 0.0289178466796875
2 0.06151458740234375 0.11135040283203125 0.0132147216796875 0.0289178466796875
2 0.0768853759765625 0.11541015625 0.0122552490234375 0.029761962890625
2 0.04597259521484375 0.10242172241210938 0.0132147216796875 0.0289178466796875
2 0.018353271484375 0.0891204833984375 0.012235107421875 0.0274468994140625
2 0.03224273681640625 0.09507278442382812 0.0122625732421875 0.0300927734375
2 0.1244549560546875 0.13712112426757814 0.015911865234375 0.02953369140625
2 0.04633392333984375 0.17586837768554686 0.026822509765625 0.03119964599609375
2 0.09178802490234375 0.20440582275390626 0.0237164306640625 0.02769622802734375
2 0.16604400634765626 0.24225814819335936 0.0270379638671875 0.03400146484375
2 0.1987432861328125 0.25876312255859374 0.026279296875 0.03075439453125
2 0.1832012939453125 0.2534724426269531 0.026279296875 0.03075439453125
2 0.19940521240234374 0.3222552490234375 0.02574951171875 0.03207672119140625
2 0.22205657958984376 0.281580810546875 0.02995361328125 0.039351806640625
2 0.14956573486328126 0.3517774963378906 0.0269268798828125 0.02300018310546875
2 0.26422027587890623 0.33482177734375 0.0257501220703125 0.03207733154296875
2 0.2969577026367187 0.31101211547851565 0.0257501220703125 0.03207733154296875
2 0.2969580078125 0.3447425842285156 0.0257501220703125 0.03207733154296875
2 0.310516357421875 0.35499359130859376 0.02574951171875 0.03207672119140625
2 0.28240753173828126 0.3401127624511719 0.02574951171875 0.03207672119140625
2 0.32473602294921877 0.3629301452636719 0.0257489013671875 0.03207672119140625
2 0.3387353515625 0.3690171813964844 0.024464111328125 0.02916259765625
2 0.3500201416015625 0.3757301330566406 0.022791748046875 0.0279156494140625
2 0.3215399169921875 0.3253663635253906 0.024464111328125 0.02916229248046875
2 0.3535504150390625 0.3418531799316406 0.0277935791015625 0.03388641357421875
2 0.37533050537109375 0.3882275390625 0.023818359375 0.03042327880859375
2 0.362764892578125 0.3806219482421875 0.023818359375 0.03042327880859375
2 0.3888894653320312 0.39484146118164065 0.023818359375 0.03042327880859375
2 0.4014547729492188 0.40244720458984373 0.023818359375 0.03042327880859375
2 0.41203765869140624 0.40806915283203127 0.023818359375 0.03042327880859375
2 0.42427276611328124 0.41567489624023435 0.023818359375 0.03042327880859375
2 0.43915374755859377 0.42228851318359373 0.023818359375 0.03042327880859375
2 0.452381591796875 0.4282411193847656 0.023818359375 0.03042327880859375
2 0.37863739013671877 0.3535050964355469 0.023818359375 0.03042327880859375
2 0.3915350341796875 0.36144195556640624 0.023818359375 0.03042327880859375
2 0.40410064697265624 0.36772506713867187 0.023818359375 0.03042327880859375
2 0.419312744140625 0.37400787353515624 0.023818359375 0.03042327880859375
2 0.464285888671875 0.40277786254882814 0.023818359375 0.03042327880859375
2 0.4298944091796875 0.38260589599609374 0.0238189697265625 0.03042388916015625
2 0.4417990112304688 0.388558349609375 0.023818359375 0.03042327880859375
2 0.4537042236328125 0.3938493347167969 0.023818359375 0.03042327880859375
2 0.4791668701171875 0.40906097412109377 0.0250616455078125 0.0324072265625
2 0.30772705078125 0.23785552978515626 0.029388427734375 0.04148529052734375
2 0.32870391845703123 0.24156784057617187 0.026258544921875 0.0413360595703125
2 0.359425048828125 0.27870529174804687 0.0138238525390625 0.03161651611328125
2 0.37265289306640625 0.2793666076660156 0.013824462890625 0.03161712646484375
2 0.38720367431640623 0.2892872619628906 0.0138238525390625 0.03161651611328125
2 0.4040692138671875 0.29259414672851564 0.0138238525390625 0.03161651611328125
2 0.43584625244140623 0.3113426208496094 0.0145501708984375 0.029605712890625
2 0.37451385498046874 0.24612060546875 0.013577880859375 0.026278076171875
2 0.3888897705078125 0.25677947998046874 0.0132366943359375 0.02876983642578125
2 0.3592922973632813 0.24388214111328124 0.0135980224609375 0.03207672119140625
2 0.415675048828125 0.2701722717285156 0.016124267578125 0.0310845947265625
2 0.43320068359375 0.2799273681640625 0.0154254150390625 0.0314154052734375
2 0.45138916015625 0.32192459106445315 0.0145501708984375 0.029605712890625
2 0.470238037109375 0.33267181396484374 0.0119049072265625 0.0270172119140625
2 0.44874298095703125 0.2908396911621094 0.0145501708984375 0.029605712890625
2 0.4667822265625 0.301929931640625 0.012930908203125 0.02907623291015625
2 0.5011572265625 0.31646835327148437 0.0122357177734375 0.0296319580078125
2 0.48330078125 0.30952392578125 0.0122357177734375 0.0296319580078125
2 0.5176922607421875 0.329034423828125 0.0122357177734375 0.0296319580078125
2 0.5322418212890625 0.33498687744140626 0.0122357177734375 0.0296319580078125
2 0.5606820678710938 0.34623046875 0.0122357177734375 0.02963226318359375
2 0.5461309814453125 0.3435847473144531 0.0122357177734375 0.0296319580078125
2 0.5935885620117187 0.36431594848632814 0.013233642578125 0.029967041015625
2 0.5752413940429687 0.35627792358398436 0.01291748046875 0.02950775146484375
2 0.610804443359375 0.3781086730957031 0.01393798828125 0.032803955078125
2 0.5960745239257812 0.3966688537597656 0.0135394287109375 0.03007598876953125
2 0.6264883422851563 0.38442489624023435 0.013558349609375 0.0384112548828125
2 0.518187255859375 0.3594573974609375 0.0119049072265625 0.0270166015625
2 0.5489410400390625 0.3769837951660156 0.0119049072265625 0.0270166015625
2 0.5634915161132813 0.38326675415039063 0.0119049072265625 0.0270166015625
2 0.5792745971679687 0.3923757934570313 0.01406982421875 0.0340313720703125
2 0.5333990478515624 0.36673263549804686 0.011904296875 0.0270166015625
2 0.48644073486328127 0.3468914794921875 0.011904296875 0.0270166015625
2 0.5023147583007812 0.35102508544921873 0.0119049072265625 0.0314154052734375
2 0.3539727783203125 0.18900146484375 0.0361041259765625 0.0281341552734375
2 0.383267822265625 0.18187820434570312 0.0152117919921875 0.0290838623046875
2 0.41468353271484376 0.19791702270507813 0.0158734130859375 0.03965057373046875
2 0.4308868408203125 0.205853271484375 0.015872802734375 0.0396502685546875
2 0.44940521240234377 0.21643508911132814 0.015872802734375 0.0396502685546875
2 0.4659393310546875 0.22139541625976564 0.015872802734375 0.0396502685546875
2 0.39816162109375 0.18271011352539063 0.0158978271484375 0.03669586181640625
2 0.482474365234375 0.22900131225585937 0.015872802734375 0.0396502685546875
2 0.5009927368164062 0.24454391479492188 0.0158734130859375 0.03965057373046875
2 0.51752685546875 0.2478504943847656 0.0158734130859375 0.03965087890625
2 0.5360452270507813 0.2587632751464844 0.0171954345703125 0.04089202880859375
2 0.5540670776367187 0.26504623413085937 0.0181878662109375 0.03889495849609375
2 0.5701065063476562 0.2766204833984375 0.0158734130859375 0.03965057373046875
2 0.5874673461914063 0.28373016357421876 0.0148809814453125 0.0358746337890625
2 0.6030093383789062 0.29332000732421876 0.0148809814453125 0.0358746337890625
2 0.6174615478515625 0.30342788696289064 0.0163995361328125 0.04195343017578125
2 0.6484793090820312 0.30985443115234373 0.030791015625 0.03968231201171875
2 0.665233154296875 0.3216693115234375 0.031304931640625 0.04250762939453125
2 0.685516357421875 0.33035720825195314 0.030791015625 0.03968231201171875
2 0.49791717529296875 0.422718505859375 0.0244427490234375 0.03075408935546875
2 0.5284744262695312 0.4308192443847656 0.0220263671875 0.0279083251953125
2 0.50928955078125 0.4343890380859375 0.0258660888671875 0.03360321044921875
2 0.5411746215820312 0.44144271850585937 0.02401611328125 0.03129852294921875
2 0.5258966064453126 0.47398269653320313 0.0240167236328125 0.03129913330078125
2 0.5406692504882813 0.4833500671386719 0.02697265625 0.03693756103515625
2 0.560093994140625 0.4432420349121094 0.021376953125 0.02661163330078125
2 0.5741818237304688 0.4519725036621094 0.021376953125 0.02661163330078125
2 0.5559576416015625 0.49074325561523435 0.0250360107421875 0.03201385498046875
2 0.4832562255859375 0.464691162109375 0.0305120849609375 0.0223675537109375
2 0.48922607421875 0.4510435485839844 0.02554931640625 0.02241363525390625
2 0.4482501220703125 0.5326875305175781 0.023701171875 0.02862518310546875
2 0.46215057373046875 0.5399482727050782 0.022757568359375 0.02889678955078125
2 0.47611419677734373 0.5485394287109375 0.0236273193359375 0.02946441650390625
2 0.5178280639648437 0.5367877197265625 0.023309326171875 0.030364990234375
2 0.48830474853515626 0.5565640258789063 0.023626708984375 0.02946441650390625
2 0.5008047485351562 0.5654376220703125 0.0255670166015625 0.033013916015625
2 0.5140768432617188 0.5715335083007812 0.0236273193359375 0.02946441650390625
2 0.47738037109375 0.5789176940917968 0.0403680419921875 0.03074554443359375
2 0.43467803955078127 0.52369384765625 0.025029296875 0.03162506103515625
2 0.41970916748046877 0.5202986145019531 0.0250299072265625 0.03162506103515625
2 0.405709228515625 0.555787353515625 0.040740966796875 0.03031341552734375
2 0.34506195068359374 0.5236880493164062 0.0407403564453125 0.03031341552734375
2 0.39038848876953125 0.5059468078613282 0.0250299072265625 0.03162506103515625
2 0.42125244140625 0.48117828369140625 0.0239862060546875 0.02930999755859375
2 0.40381439208984377 0.47647140502929686 0.0250299072265625 0.03162506103515625
2 0.43313446044921877 0.4905145263671875 0.0250299072265625 0.03162506103515625
2 0.48498687744140623 0.519681396484375 0.0250299072265625 0.03162506103515625
2 0.5005731201171875 0.5292494201660156 0.025029296875 0.03162506103515625
2 0.44609832763671875 0.4973048400878906 0.0250299072265625 0.03162506103515625
2 0.45813568115234377 0.5048666381835938 0.0250299072265625 0.03162506103515625
2 0.47160552978515624 0.5144290161132813 0.023316650390625 0.02793212890625
2 0.3763446044921875 0.4604219055175781 0.0250299072265625 0.03162506103515625
2 0.2241510009765625 0.44938201904296876 0.0208331298828125 0.04021026611328125
2 0.2364971923828125 0.4312501525878906 0.0121954345703125 0.0337969970703125
2 0.2758489990234375 0.48356521606445313 0.0344134521484375 0.0244964599609375
2 0.2816659545898437 0.44985610961914063 0.0232080078125 0.02901123046875
2 0.3237957763671875 0.4708436584472656 0.0232086181640625 0.02901153564453125
2 0.3094439697265625 0.46405364990234377 0.023209228515625 0.0290118408203125
2 0.351573486328125 0.48504119873046875 0.0232086181640625 0.02901153564453125
2 0.33722198486328125 0.4756277465820313 0.0232080078125 0.02901123046875
2 0.36422821044921877 0.49028839111328126 0.0232086181640625 0.02901123046875
2 0.32139923095703127 0.5120286560058593 0.0407403564453125 0.03031341552734375
2 0.25137298583984374 0.45456146240234374 0.0101165771484375 0.02462738037109375
2 0.29218109130859377 0.41546630859375 0.0108026123046875 0.0291497802734375
2 0.2762347412109375 0.410665283203125 0.010802001953125 0.02914947509765625
2 0.2608026123046875 0.40294921875 0.010802001953125 0.02914947509765625
2 0.3072702026367187 0.423525390625 0.0108026123046875 0.02914947509765625
2 0.3202886962890625 0.43444229125976563 0.0135186767578125 0.0297210693359375
2 0.3339312744140625 0.4394384765625 0.0154376220703125 0.033331298828125
2 0.3498318481445313 0.4433314514160156 0.017420654296875 0.02966094970703125
2 0.3615988159179688 0.4576786804199219 0.025029296875 0.03162506103515625
2 0.156845703125 0.9868930053710937 0.036473388671875 0.0266461181640625
2 0.16871673583984376 0.957220458984375 0.0367010498046875 0.027957763671875
2 0.1766644287109375 0.9428146362304688 0.0303369140625 0.0242498779296875
2 0.1444647216796875 0.9265009689331055 0.0375445556640625 0.028045501708984375
2 0.13816619873046876 0.9408303833007813 0.02934326171875 0.0235357666015625
2 0.13101715087890625 0.9546951293945313 0.02934326171875 0.0235357666015625
2 0.1255279541015625 0.9706378173828125 0.026934814453125 0.022330322265625
2 0.16009552001953126 0.9724871826171875 0.0286639404296875 0.02383056640625
2 0.16691925048828124 0.8856153869628907 0.0368035888671875 0.0277294921875
2 0.20493865966796876 0.8869149780273438 0.0292462158203125 0.02348114013671875
2 0.2116552734375 0.8726168823242187 0.02924560546875 0.0234808349609375
2 0.198223876953125 0.9016465759277343 0.0292462158203125 0.0234814453125
2 0.2271771240234375 0.8459286499023437 0.029962158203125 0.0234808349609375
2 0.22277587890625 0.859827880859375 0.035889892578125 0.026878662109375
2 0.1812176513671875 0.8576690673828125 0.0368035888671875 0.0277294921875
2 0.1740679931640625 0.8729415893554687 0.034522705078125 0.02577972412109375
2 0.19779022216796874 0.8312391662597656 0.0292462158203125 0.0234814453125
2 0.25422088623046873 0.9666448974609375 0.0303369140625 0.0242498779296875
2 0.26397003173828126 0.9540802001953125 0.0303369140625 0.0242498779296875
2 0.2729638671875 0.995234375 0.0275128173828125 0.0215032958984375
2 0.28466217041015623 0.9842938232421875 0.038345947265625 0.0293951416015625
2 0.29114837646484376 0.9701437377929687 0.0280841064453125 0.022449951171875
2 0.24220123291015624 0.9786611938476563 0.036474609375 0.026646728515625
2 0.2668975830078125 0.937933349609375 0.036473388671875 0.026646728515625
2 0.30066192626953125 0.954998779296875 0.0304833984375 0.023515625
2 0.2811956787109375 0.9106369018554688 0.0314129638671875 0.0243206787109375
2 0.28715667724609373 0.8962322998046875 0.0303350830078125 0.02426055908203125
2 0.298526611328125 0.8840988159179688 0.0305462646484375 0.02350921630859375
2 0.30849151611328124 0.9247182846069336 0.03141357421875 0.024320831298828127
2 0.31997406005859375 0.9136701965332031 0.0361785888671875 0.02755950927734375
2 0.30383056640625 0.8693746948242187 0.0303375244140625 0.024249267578125
2 0.3083795166015625 0.8555093383789063 0.0303369140625 0.02424957275390625
2 0.35207611083984375 0.8572203063964844 0.0384246826171875 0.0320928955078125
2 0.33998626708984375 0.8701026916503907 0.0272430419921875 0.021060791015625
2 0.332989501953125 0.81181396484375 0.032313232421875 0.02541900634765625
2 0.3281158447265625 0.8273025512695312 0.0325311279296875 0.0252044677734375
2 0.340987548828125 0.7990684509277344 0.0379119873046875 0.02630645751953125
2 0.358427734375 0.7706890869140625 0.0307623291015625 0.024752197265625
2 0.3786749267578125 0.7262997436523437 0.0327288818359375 0.024437255859375
2 0.3792202758789063 0.800050048828125 0.0303369140625 0.02424957275390625
2 0.3848529052734375 0.7853187561035156 0.0303375244140625 0.02425018310546875
2 0.3738043212890625 0.8156477355957031 0.0303375244140625 0.02425018310546875
2 0.36200439453125 0.7548585510253907 0.038350830078125 0.02927764892578125
2 0.4293148803710938 0.6997219848632813 0.0291229248046875 0.0221331787109375
2 0.41133453369140627 0.6728591918945312 0.0291229248046875 0.0221331787109375
2 0.3999136352539063 0.7584490966796875 0.031412353515625 0.023428955078125
2 0.37153350830078125 0.7426344299316406 0.031412353515625 0.02342864990234375
2 0.4186846923828125 0.7316195678710937 0.0368914794921875 0.0276617431640625
2 0.5281045532226563 0.6349623107910156 0.0282073974609375 0.0362835693359375
2 0.5071304321289063 0.6679945373535157 0.0297821044921875 0.03649658203125
2 0.37329071044921874 0.9780545043945312 0.0372003173828125 0.0280126953125
2 0.40449493408203124 0.9222938537597656 0.0372003173828125 0.02801239013671875
2 0.411075439453125 0.9082633972167968 0.0440850830078125 0.03550811767578125
2 0.4342218017578125 0.8667176818847656 0.03719970703125 0.0280126953125
2 0.44105377197265627 0.854346923828125 0.0372003173828125 0.0280126953125
2 0.466717529296875 0.8107722473144531 0.0372003173828125 0.02801239013671875
2 0.474178466796875 0.7985293579101562 0.0347650146484375 0.0270184326171875
2 0.4811212158203125 0.7847000122070312 0.0279718017578125 0.02156219482421875
2 0.486845703125 0.7702983093261718 0.027972412109375 0.02156280517578125
2 0.492384033203125 0.7573735046386719 0.0279718017578125 0.02156219482421875
2 0.5087249755859375 0.7270005798339844 0.0322186279296875 0.0239337158203125
2 0.5019851684570312 0.7418637084960937 0.0279718017578125 0.02156219482421875
2 0.5546697998046874 0.65661865234375 0.0485272216796875 0.03425201416015625
2 0.5616696166992188 0.6406019592285156 0.0382196044921875 0.02880645751953125
2 0.569793701171875 0.6267543029785156 0.0382196044921875 0.02880645751953125
2 0.5773638916015625 0.61161376953125 0.03822021484375 0.0288067626953125
2 0.5843795776367188 0.5985044860839843 0.0345269775390625 0.0260382080078125
2 0.6072760009765625 0.5551148986816407 0.03822021484375 0.0288067626953125
2 0.6147982788085937 0.5386280822753906 0.0381280517578125 0.02946502685546875
2 0.6268466186523437 0.52437255859375 0.0393280029296875 0.02989349365234375
2 0.6332626342773438 0.5090859985351562 0.0381280517578125 0.02946502685546875
2 0.6376824951171876 0.49114700317382814 0.0366253662109375 0.0264508056640625
2 0.6677630615234375 0.44641876220703125 0.0384417724609375 0.0281390380859375
2 0.67521728515625 0.4332991027832031 0.0389508056640625 0.0285272216796875
2 0.659620361328125 0.46205718994140627 0.0358197021484375 0.0275677490234375
2 0.688072509765625 0.4015510559082031 0.0384417724609375 0.02813873291015625
2 0.695343017578125 0.3897245788574219 0.0389508056640625 0.0285272216796875
2 0.7022732543945313 0.37432403564453126 0.0389508056640625 0.02852752685546875
2 0.511243896484375 0.009548492431640625 0.03162109375 0.0211639404296875
2 0.5272824096679688 0.016617431640625 0.03162109375 0.0252978515625
2 0.5428237915039062 0.02455352783203125 0.03162109375 0.0252978515625
2 0.555390625 0.03563201904296875 0.03162109375 0.0252978515625
2 0.6022073364257813 0.0590557861328125 0.0288201904296875 0.02188140869140625
2 0.585897216796875 0.04985137939453125 0.02893310546875 0.0229827880859375
2 0.6182211303710937 0.0660552978515625 0.0287701416015625 0.02463714599609375
2 0.6315017700195312 0.07601913452148437 0.0281329345703125 0.02521026611328125
2 0.6467987060546875 0.08373504638671875 0.027723388671875 0.02560455322265625
2 0.66286376953125 0.091104736328125 0.0294317626953125 0.02943115234375
2 0.6790673828125 0.0968914794921875 0.0274468994140625 0.02627716064453125
2 0.6930239868164062 0.1078094482421875 0.0213604736328125 0.026114501953125
2 0.6238607788085937 0.014388847351074218 0.0227313232421875 0.029375457763671876
2 0.6606875610351562 0.03837509155273437 0.023125 0.0328363037109375
2 0.6466256713867188 0.027437744140625 0.0245001220703125 0.03322479248046875
2 0.6368115234375 0.016695709228515626 0.02087646484375 0.02660858154296875
2 0.678375244140625 0.0453125 0.0245001220703125 0.03322479248046875
2 0.6916876220703125 0.05212509155273438 0.023125 0.0328363037109375
2 0.7208526611328125 0.0734027099609375 0.03070556640625 0.0361944580078125
2 0.7095718383789062 0.05958572387695313 0.0286065673828125 0.0348284912109375
2 0.7912847900390625 0.015624504089355468 0.0258819580078125 0.03160659790039062
2 0.7760189819335938 0.008997344970703125 0.023323974609375 0.020743408203125
2 0.7944479370117188 0.12283203125 0.0334234619140625 0.0261602783203125
2 0.9204922485351562 0.15549591064453125 0.0306634521484375 0.0236309814453125
2 0.928367919921875 0.1422589111328125 0.0306634521484375 0.0236309814453125
2 0.9359805297851562 0.12795211791992187 0.0298504638671875 0.023330078125
2 0.98740478515625 0.04526351928710937 0.03457275390625 0.026519775390625
2 0.960384521484375 0.17761520385742188 0.0296826171875 0.02346099853515625
2 0.9677450561523437 0.1647119140625 0.0288092041015625 0.02312347412109375
2 0.976656494140625 0.15317413330078125 0.0267047119140625 0.0207098388671875
2 0.9818203735351563 0.1415882873535156 0.028809814453125 0.023123779296875
2 0.9890252685546875 0.12751388549804688 0.0288092041015625 0.02312347412109375
2 0.43620330810546876 0.9663916015625 0.029481201171875 0.0226324462890625
2 0.4424526977539063 0.952122802734375 0.0264154052734375 0.0212994384765625
2 0.4567218017578125 0.9227598571777343 0.029481201171875 0.02263275146484375
2 0.461690673828125 0.9053671264648437 0.0290411376953125 0.02275726318359375
2 0.47311309814453123 0.8938677978515625 0.0278302001953125 0.0218719482421875
2 0.4841043090820312 0.8724954223632813 0.0399066162109375 0.030008544921875
2 0.51013916015625 0.8287001037597657 0.0260986328125 0.02132049560546875
2 0.4924945068359375 0.8572207641601562 0.02660400390625 0.02140716552734375
2 0.519969482421875 0.8087791442871094 0.0278302001953125 0.02187225341796875
2 0.5366387939453126 0.7693305969238281 0.0318194580078125 0.02282684326171875
2 0.5458721923828125 0.7556013488769531 0.028587646484375 0.02234130859375
2 0.5684091186523438 0.712362060546875 0.028587646484375 0.02234100341796875
2 0.5736154174804687 0.69775390625 0.0248516845703125 0.018538818359375
2 0.5626434326171875 0.726251220703125 0.028587646484375 0.02234100341796875
2 0.5537887573242187 0.7422735595703125 0.0357659912109375 0.02923614501953125
2 0.5963043212890625 0.6552670288085938 0.0262054443359375 0.02052886962890625
2 0.6287063598632813 0.5975755310058594 0.0307354736328125 0.02392608642578125
2 0.6363626098632813 0.5832926940917968 0.0294232177734375 0.022093505859375
2 0.6217669677734375 0.6104753112792969 0.031531982421875 0.02380859375
2 0.6416412353515625 0.5685272216796875 0.02953125 0.02279876708984375
2 0.5953887939453125 0.5876571655273437 0.0359014892578125 0.02809356689453125
2 0.654534912109375 0.5500929260253906 0.026622314453125 0.0313665771484375
2 0.66344482421875 0.5346316528320313 0.026622314453125 0.0313665771484375
2 0.671583251953125 0.5160076904296875 0.026341552734375 0.03087677001953125
2 0.6793881225585937 0.5003793334960938 0.0256597900390625 0.03016357421875
2 0.6881546020507813 0.487159423828125 0.0243707275390625 0.02904083251953125
2 0.6951107788085937 0.47443649291992185 0.0256597900390625 0.03016357421875
2 0.72623291015625 0.4097198486328125 0.025579833984375 0.03066436767578125
2 0.7161630249023437 0.4235598754882812 0.0254840087890625 0.0308856201171875
2 0.706085205078125 0.44062103271484376 0.0294171142578125 0.0312310791015625
2 0.7026312255859375 0.45631072998046873 0.028167724609375 0.030775146484375
2 0.7338330078125 0.3963558959960938 0.025579833984375 0.03066436767578125
2 0.7471173095703125 0.373165283203125 0.011268310546875 0.02939239501953125
2 0.5423333740234375 0.986370849609375 0.0292498779296875 0.023316650390625
2 0.5492889404296875 0.97091552734375 0.0296484375 0.0232586669921875
2 0.5578176879882812 0.955965576171875 0.0292498779296875 0.023316650390625
2 0.56561767578125 0.9405099487304688 0.0296484375 0.0232586669921875
2 0.5342791748046875 0.9261807250976563 0.0300341796875 0.024658203125
2 0.5032373046875 0.9850787353515625 0.0299078369140625 0.0242120361328125
2 0.5264852905273437 0.939947509765625 0.0296484375 0.02325927734375
2 0.5206192016601563 0.9552407836914063 0.0325567626953125 0.02364013671875
2 0.5115640258789063 0.9717599487304688 0.0296484375 0.0232586669921875
2 0.618348388671875 0.9860635375976563 0.0293499755859375 0.015360107421875
2 0.6536111450195312 0.99039306640625 0.029771728515625 0.014434814453125
2 0.7834457397460938 0.39831085205078126 0.0260235595703125 0.03243255615234375
2 0.798311767578125 0.40472991943359377 0.0260235595703125 0.03243255615234375
2 0.8131759643554688 0.41250015258789063 0.0260235595703125 0.03243255615234375
2 0.8266897583007813 0.41993270874023436 0.0260235595703125 0.03243255615234375
2 0.838851318359375 0.43074325561523436 0.0260235595703125 0.03243255615234375
2 0.8530404663085938 0.43918914794921876 0.0260235595703125 0.03243255615234375
2 0.8714410400390625 0.445458984375 0.030718994140625 0.03010650634765625
2 0.9890200805664062 0.5162164306640625 0.0179052734375 0.03588958740234375
2 0.91059326171875 0.46357620239257813 0.026112060546875 0.02892852783203125
2 0.924873046875 0.47482086181640626 0.033363037109375 0.03211517333984375
2 0.8896954345703125 0.456756591796875 0.0179052734375 0.03588958740234375
2 0.7740142822265625 0.47921951293945314 0.023768310546875 0.03115386962890625
2 0.7884170532226562 0.4894416809082031 0.023607177734375 0.0306103515625
2 0.8023980712890625 0.49611404418945315 0.0239013671875 0.03227386474609375
2 0.8184518432617187 0.5017416381835937 0.023607177734375 0.03061065673828125
2 0.8317947387695312 0.5083955383300781 0.023768310546875 0.03115386962890625
2 0.8467697143554688 0.5160433959960937 0.0236065673828125 0.0306103515625
2 0.8590347290039062 0.5247181701660156 0.0239013671875 0.03227386474609375
2 0.8721142578125 0.5332138061523437 0.0250946044921875 0.03210205078125
2 0.8863803100585937 0.5368020629882813 0.022760009765625 0.028226318359375
2 0.7608563232421875 0.5061074829101563 0.023768310546875 0.031153564453125
2 0.7706829833984375 0.5177598571777344 0.023607177734375 0.0306103515625
2 0.7876141357421875 0.52388427734375 0.021663818359375 0.0294622802734375
2 0.8035772705078125 0.5306317138671875 0.0236065673828125 0.0306103515625
2 0.8183905029296875 0.5372825622558594 0.02426025390625 0.03298675537109375
2 0.8304647827148437 0.5466496276855469 0.023607177734375 0.0306103515625
2 0.8450186157226562 0.5544664001464844 0.0239013671875 0.03227386474609375
2 0.8583837890625 0.5612460327148437 0.0250946044921875 0.03210205078125
2 0.6818350219726562 0.6462301635742187 0.031531982421875 0.02380859375
2 0.67296875 0.6599606323242188 0.031531982421875 0.02380859375
2 0.66460693359375 0.6718693542480468 0.0285369873046875 0.02239471435546875
2 0.80521728515625 0.6726425170898438 0.0265789794921875 0.02258026123046875
2 0.9700070190429687 0.5944271850585937 0.0186761474609375 0.0342572021484375
2 0.9894036865234375 0.6030754089355469 0.023768310546875 0.03115386962890625
2 0.94567626953125 0.6189462280273438 0.021405029296875 0.02943450927734375
2 0.957166748046875 0.6274725341796875 0.022972412109375 0.0318328857421875
2 0.971468505859375 0.6343374633789063 0.022972412109375 0.0318328857421875
2 0.9862640380859375 0.6412307739257812 0.022364501953125 0.03063201904296875
2 0.9089688110351563 0.6775297546386718 0.022279052734375 0.02897216796875
2 0.9249905395507813 0.6855320739746094 0.0238751220703125 0.03070159912109375
2 0.9395785522460938 0.6912530517578125 0.023875732421875 0.030701904296875
2 0.9515924072265625 0.7006925964355468 0.0238751220703125 0.03070159912109375
2 0.9658953857421875 0.7084161376953125 0.0238751220703125 0.030701904296875
2 0.9807818603515625 0.7127226257324218 0.0238482666015625 0.03070770263671875
2 0.9959420776367187 0.7201591491699219 0.023848876953125 0.03070770263671875
2 0.9942129516601562 0.7607615661621093 0.0238751220703125 0.03070159912109375
2 0.8946270751953125 0.70532958984375 0.0252392578125 0.02907989501953125
2 0.9090457153320313 0.7141896057128906 0.0243280029296875 0.03021148681640625
2 0.9222042846679688 0.7244877624511719 0.0243280029296875 0.03021148681640625
2 0.9379360961914063 0.7290638732910156 0.0243280029296875 0.03021148681640625
2 0.9510940551757813 0.7393618774414062 0.0243280029296875 0.03021148681640625
2 0.9673989868164062 0.7436521911621093 0.024327392578125 0.03021087646484375
2 0.9794122314453125 0.7539498901367188 0.0243280029296875 0.03021148681640625
2 0.863558349609375 0.7684498596191406 0.0277459716796875 0.03167083740234375
2 0.8809518432617187 0.7827626037597656 0.02649169921875 0.03115631103515625
2 0.8820358276367187 0.8832199096679687 0.026072998046875 0.03206512451171875
2 0.9077276611328124 0.9036965942382813 0.032730712890625 0.02574127197265625
2 0.9136978149414062 0.8884318542480468 0.0315106201171875 0.0257904052734375
2 0.92174560546875 0.8758248901367187 0.0315106201171875 0.02579010009765625
2 0.9295870971679687 0.8609170532226562 0.030831298828125 0.0276287841796875
2 0.9437408447265625 0.8487321472167969 0.0315106201171875 0.02579010009765625
2 0.9513693237304688 0.8339154052734375 0.0291290283203125 0.0240533447265625
2 0.8981292724609375 0.9187086486816406 0.028828125 0.02464935302734375
2 0.9637881469726562 0.88116943359375 0.0348712158203125 0.02495391845703125
2 0.9573504638671875 0.8972642517089844 0.0348712158203125 0.02495361328125
2 0.9514486694335937 0.9101397705078125 0.0348712158203125 0.0249542236328125
2 0.9411526489257812 0.92423583984375 0.0303741455078125 0.023309326171875
2 0.9679071044921875 0.8281089782714843 0.026632080078125 0.0285357666015625
2 0.9878988647460938 0.9777529907226562 0.020999755859375 0.031082763671875
2 0.880528564453125 0.04434844970703125 0.0144488525390625 0.02756744384765625
2 0.8977816772460937 0.03184234619140625 0.0238525390625 0.03538787841796875
2 0.882801513671875 0.0702044677734375 0.032254638671875 0.02148040771484375
2 0.8440139770507813 0.177908935546875 0.0345697021484375 0.02866790771484375
2 0.8588742065429688 0.1887644958496094 0.0361285400390625 0.0292999267578125
2 0.8899664306640624 0.20573333740234376 0.036031494140625 0.03035430908203125
2 0.9046160888671875 0.21416488647460938 0.032462158203125 0.02634063720703125
2 0.9178964233398438 0.22365066528320313 0.0324615478515625 0.02634063720703125
2 0.9517141723632813 0.2394377136230469 0.0310162353515625 0.02585113525390625
2 0.965440673828125 0.24837310791015624 0.0331158447265625 0.026678466796875
2 0.9938729858398437 0.2575224304199219 0.0204754638671875 0.038160400390625
2 0.11979339599609375 0.46096221923828123 0.021990966796875 0.029017333984375
2 0.270107421875 0.5712449645996094 0.021990966796875 0.029017333984375
2 0.3117483520507813 0.5936204528808594 0.02204345703125 0.02900848388671875
2 0.28444671630859375 0.5782363891601563 0.023170166015625 0.03112640380859375
2 0.35668487548828126 0.6181031799316407 0.02125732421875 0.02753021240234375
2 0.305443115234375 0.07308303833007812 0.0281512451171875 0.022431640625
2 0.13252044677734376 0.3832463073730469 0.0269268798828125 0.02300018310546875
2 0.1176605224609375 0.4234562683105469 0.0269268798828125 0.02300018310546875
2 0.43299407958984376 0.45769821166992186 0.0305120849609375 0.0223675537109375
2 0.6782766723632813 0.4171278381347656 0.0389508056640625 0.0285272216796875
2 0.6463714599609375 0.478753662109375 0.0389508056640625 0.0285272216796875
2 0.6103500366210938 0.6233625793457032 0.0307354736328125 0.02392608642578125
2 0.531695556640625 0.7862255859375 0.028587646484375 0.02234100341796875
2 0.42013671875 0.7123970031738281 0.0291229248046875 0.0221331787109375
2 0.5018353271484375 0.8431230163574219 0.0260986328125 0.02132049560546875
2 0.188175048828125 0.8443510437011719 0.0292462158203125 0.0234814453125
2 0.38643341064453124 0.7130813598632812 0.0327288818359375 0.024437255859375
2 0.1171282958984375 0.9874588012695312 0.02934326171875 0.0235357666015625
2 0.2377557373046875 0.9970565795898437 0.030570068359375 0.0257073974609375
2 0.9350302124023437 0.2310491943359375 0.0324615478515625 0.02634063720703125
2 0.8551092529296875 0.040805511474609375 0.028294677734375 0.03378265380859375
