2 0.10799224853515625 0.15549591064453125 0.0306634521484375 0.0236309814453125
2 0.115867919921875 0.1422589111328125 0.0306634521484375 0.0236309814453125
2 0.12348052978515625 0.12795211791992187 0.0298504638671875 0.023330078125
2 0.18791961669921875 0.0159185791015625 0.0306634521484375 0.0236309814453125
2 0.17490478515625 0.04526351928710937 0.03457275390625 0.026519775390625
2 0.147884521484375 0.17761520385742188 0.0296826171875 0.02346099853515625
2 0.15524505615234374 0.1647119140625 0.0288092041015625 0.02312347412109375
2 0.164156494140625 0.15317413330078125 0.0267047119140625 0.0207098388671875
2 0.16932037353515625 0.1415882873535156 0.028809814453125 0.023123779296875
2 0.1765252685546875 0.12751388549804688 0.0288092041015625 0.02312347412109375
2 0.1852374267578125 0.11511383056640626 0.0288092041015625 0.02312347412109375
2 0.19177337646484374 0.10221176147460938 0.028809814453125 0.023123779296875
2 0.19948028564453124 0.089644775390625 0.028809814453125 0.02312347412109375
2 0.20735626220703124 0.07523468017578125 0.028809814453125 0.023123779296875
2 0.21372314453125 0.06350494384765625 0.028809814453125 0.023123779296875
2 0.2213043212890625 0.0501971435546875 0.027802734375 0.02292999267578125
2 0.24254356384277342 0.01131031036376953 0.02880950927734375 0.022788238525390626
2 0.23483604431152344 0.0237939453125 0.02880950927734375 0.023123779296875
2 0.2283013916015625 0.036695556640625 0.0288092041015625 0.02312347412109375
2 0.01418975830078125 0.41993270874023436 0.0260235595703125 0.03243255615234375
2 0.026351318359375 0.43074325561523436 0.0260235595703125 0.03243255615234375
2 0.04054046630859375 0.43918914794921876 0.0260235595703125 0.03243255615234375
2 0.0589410400390625 0.445458984375 0.030718994140625 0.03010650634765625
2 0.17652008056640625 0.5162164306640625 0.0179052734375 0.03588958740234375
2 0.09809326171875 0.46357620239257813 0.026112060546875 0.02892852783203125
2 0.112373046875 0.47482086181640626 0.033363037109375 0.03211517333984375
2 0.19729705810546874 0.5277024841308594 0.0260235595703125 0.03243255615234375
2 0.22060821533203126 0.5381758117675781 0.0260235595703125 0.03243255615234375
2 0.2540545654296875 0.5547300720214844 0.026024169921875 0.03243255615234375
2 0.0771954345703125 0.456756591796875 0.0179052734375 0.03588958740234375
2 0.2824334716796875 0.5729728698730469 0.026024169921875 0.03243255615234375
2 0.30101318359375 0.5814190673828125 0.02602294921875 0.03243255615234375
2 0.330743408203125 0.5952703857421875 0.02602294921875 0.0324322509765625
2 0.265203857421875 0.5704396057128907 0.02442138671875 0.036148681640625
2 0.3125006103515625 0.5922300720214844 0.026024169921875 0.03243255615234375
2 0.0074147796630859375 0.5017416381835937 0.01775543212890625 0.03061065673828125
2 0.01929473876953125 0.5083955383300781 0.023768310546875 0.03115386962890625
2 0.03426971435546875 0.5160433959960937 0.0236065673828125 0.0306103515625
2 0.04653472900390625 0.5247181701660156 0.0239013671875 0.03227386474609375
2 0.0596142578125 0.5332138061523437 0.0250946044921875 0.03210205078125
2 0.07388031005859375 0.5368020629882813 0.022760009765625 0.028226318359375
2 0.007450408935546875 0.5372825622558594 0.0180206298828125 0.03298675537109375
2 0.01796478271484375 0.5466496276855469 0.023607177734375 0.0306103515625
2 0.03251861572265625 0.5544664001464844 0.0239013671875 0.03227386474609375
2 0.0458837890625 0.5612460327148437 0.0250946044921875 0.03210205078125
2 0.15750701904296874 0.5944271850585937 0.0186761474609375 0.0342572021484375
2 0.1769036865234375 0.6030754089355469 0.023768310546875 0.03115386962890625
2 0.19143280029296875 0.6112162780761718 0.0255767822265625 0.03421783447265625
2 0.20541229248046874 0.6184767150878906 0.024722900390625 0.032720947265625
2 0.22009552001953125 0.6242424011230469 0.023768310546875 0.03115386962890625
2 0.23405731201171875 0.6342900085449219 0.0238763427734375 0.032335205078125
2 0.248641357421875 0.6415367126464844 0.025577392578125 0.03421783447265625
2 0.2626202392578125 0.6485110473632812 0.024722900390625 0.03272125244140625
2 0.2753009033203125 0.6537042236328126 0.023768310546875 0.03115386962890625
2 0.289615478515625 0.6660780334472656 0.026031494140625 0.03524627685546875
2 0.13317626953125 0.6189462280273438 0.021405029296875 0.02943450927734375
2 0.144666748046875 0.6274725341796875 0.022972412109375 0.0318328857421875
2 0.158968505859375 0.6343374633789063 0.022972412109375 0.0318328857421875
2 0.1737640380859375 0.6412307739257812 0.022364501953125 0.03063201904296875
2 0.18933135986328126 0.6470826721191406 0.0233978271484375 0.03100677490234375
2 0.2035565185546875 0.6569316101074218 0.0249615478515625 0.03297088623046875
2 0.217821044921875 0.6636161804199219 0.0233984375 0.0320367431640625
2 0.23212310791015625 0.6701948547363281 0.0233984375 0.0320367431640625
2 0.245509033203125 0.6786041259765625 0.025 0.0328375244140625
2 0.2601092529296875 0.6847303771972656 0.024404296875 0.03214141845703125
2 0.27441162109375 0.6941702270507812 0.024405517578125 0.03214202880859375
2 0.09646881103515625 0.6775297546386718 0.022279052734375 0.02897216796875
2 0.11249053955078125 0.6855320739746094 0.0238751220703125 0.03070159912109375
2 0.12707855224609374 0.6912530517578125 0.023875732421875 0.030701904296875
2 0.1390924072265625 0.7006925964355468 0.0238751220703125 0.03070159912109375
2 0.1533953857421875 0.7084161376953125 0.0238751220703125 0.030701904296875
2 0.1682818603515625 0.7127226257324218 0.0238482666015625 0.03070770263671875
2 0.18344207763671874 0.7201591491699219 0.023848876953125 0.03070770263671875
2 0.1980169677734375 0.7284388732910156 0.0238751220703125 0.03070159912109375
2 0.21260498046875 0.7353031921386719 0.0238751220703125 0.03070159912109375
2 0.22290252685546874 0.7461729431152344 0.0238751220703125 0.03070159912109375
2 0.23521598815917968 0.7530540466308594 0.02384796142578125 0.03070770263671875
2 0.2472289276123047 0.7613494873046875 0.02384796142578125 0.0307073974609375
2 0.18171295166015625 0.7607615661621093 0.0238751220703125 0.03070159912109375
2 0.0821270751953125 0.70532958984375 0.0252392578125 0.02907989501953125
2 0.09654571533203125 0.7141896057128906 0.0243280029296875 0.03021148681640625
2 0.10970428466796875 0.7244877624511719 0.0243280029296875 0.03021148681640625
2 0.12543609619140625 0.7290638732910156 0.0243280029296875 0.03021148681640625
2 0.13859405517578124 0.7393618774414062 0.0243280029296875 0.03021148681640625
2 0.15489898681640624 0.7436521911621093 0.024327392578125 0.03021087646484375
2 0.1669122314453125 0.7539498901367188 0.0243280029296875 0.03021148681640625
2 0.19851287841796875 0.7684498596191406 0.0221514892578125 0.0294622802734375
2 0.2125286865234375 0.7748855590820313 0.0255560302734375 0.03146514892578125
2 0.051058349609375 0.7684498596191406 0.0277459716796875 0.03167083740234375
2 0.06845184326171876 0.7827626037597656 0.02649169921875 0.03115631103515625
2 0.06953582763671876 0.8832199096679687 0.026072998046875 0.03206512451171875
2 0.0952276611328125 0.9036965942382813 0.032730712890625 0.02574127197265625
2 0.10119781494140626 0.8884318542480468 0.0315106201171875 0.0257904052734375
2 0.10924560546875 0.8758248901367187 0.0315106201171875 0.02579010009765625
2 0.11708709716796875 0.8609170532226562 0.030831298828125 0.0276287841796875
2 0.1312408447265625 0.8487321472167969 0.0315106201171875 0.02579010009765625
2 0.13886932373046876 0.8339154052734375 0.0291290283203125 0.0240533447265625
2 0.0856292724609375 0.9187086486816406 0.028828125 0.02464935302734375
2 0.15128814697265625 0.88116943359375 0.0348712158203125 0.02495391845703125
2 0.1448504638671875 0.8972642517089844 0.0348712158203125 0.02495361328125
2 0.13894866943359374 0.9101397705078125 0.0348712158203125 0.0249542236328125
2 0.12865264892578124 0.92423583984375 0.0303741455078125 0.023309326171875
2 0.1554071044921875 0.8281089782714843 0.026632080078125 0.0285357666015625
2 0.2994903564453125 0.8348979187011719 0.03138427734375 0.01608367919921875
2 0.2632476806640625 0.8465524291992188 0.027689208984375 0.02868621826171875
2 0.3927044677734375 0.7520124816894531 0.027896728515625 0.02028045654296875
2 0.43319580078125 0.8092829895019531 0.036456298828125 0.0241455078125
2 0.395616455078125 0.7932864379882812 0.025291748046875 0.02970611572265625
2 0.44568115234375 0.6581277465820312 0.028165283203125 0.02340606689453125
2 0.2927447509765625 0.8659178161621094 0.0248681640625 0.03809967041015625
2 0.3257781982421875 0.8469688415527343 0.03138427734375 0.01843994140625
2 0.3515289306640625 0.8601127624511719 0.03138427734375 0.016083984375
2 0.3784478759765625 0.87298583984375 0.032269287109375 0.01797637939453125
2 0.4097869873046875 0.883602294921875 0.030748291015625 0.0160565185546875
2 0.439293212890625 0.8980876159667969 0.0307470703125 0.01605621337890625
2 0.4704937744140625 0.9117489624023437 0.027518310546875 0.0139483642578125
2 0.276727294921875 0.8611392211914063 0.024482421875 0.037379150390625
2 0.30677001953125 0.873746337890625 0.024482421875 0.037379150390625
2 0.32085693359375 0.8798211669921875 0.024761962890625 0.038104248046875
2 0.34856689453125 0.8901170349121094 0.021702880859375 0.03231353759765625
2 0.3341796875 0.8853140258789063 0.02209228515625 0.034093017578125
2 0.3614422607421875 0.8968229675292969 0.0217041015625 0.03231414794921875
2 0.3505596923828125 0.9246414184570313 0.0215673828125 0.031082763671875
2 0.3366119384765625 0.919813117980957 0.0215673828125 0.031082916259765624
2 0.307373046875 0.9104244995117188 0.0215673828125 0.031082763671875
2 0.3221270751953125 0.9141798400878907 0.0215673828125 0.0310833740234375
2 0.24071563720703126 0.8782359313964844 0.0232135009765625 0.03483856201171875
2 0.23078033447265625 0.9102110290527343 0.020037841796875 0.033338623046875
2 0.24299560546875 0.92262939453125 0.02201416015625 0.0410076904296875
2 0.2601507568359375 0.9216165542602539 0.016544189453125 0.029861297607421875
2 0.2949627685546875 0.9421908569335937 0.021790771484375 0.039974365234375
2 0.3108978271484375 0.9408657836914063 0.020400390625 0.02973388671875
2 0.3239990234375 0.9462155151367188 0.020316162109375 0.029703369140625
2 0.3374169921875 0.9522705078125 0.0215673828125 0.031082763671875
2 0.3516082763671875 0.9582803344726563 0.02403076171875 0.0361285400390625
2 0.3666534423828125 0.9729238891601563 0.021566162109375 0.031082763671875
2 0.378994140625 0.9435519409179688 0.023021240234375 0.0345697021484375
2 0.39145751953125 0.9101777648925782 0.0248681640625 0.03809967041015625
2 0.405137939453125 0.9182246398925781 0.0248681640625 0.03809967041015625
2 0.422210693359375 0.9234317016601562 0.020924072265625 0.0297369384765625
2 0.4380047607421875 0.9257138442993164 0.018974609375 0.026791229248046874
2 0.397769775390625 0.98311767578125 0.020443115234375 0.0348394775390625
2 0.17539886474609376 0.9777529907226562 0.020999755859375 0.031082763671875
2 0.204637451171875 0.988482666015625 0.0215673828125 0.031082763671875
2 0.1893365478515625 0.98451904296875 0.01923095703125 0.0306671142578125
2 0.2218048095703125 0.9904946899414062 0.0201568603515625 0.0313507080078125
2 0.5714501953125 0.9919451904296875 0.028101806640625 0.0155133056640625
2 0.6523162841796875 0.9890679931640625 0.0247998046875 0.03064208984375
2 0.4224114990234375 0.6482832336425781 0.028165283203125 0.02340606689453125
2 0.461492919921875 0.67006103515625 0.028165283203125 0.02340606689453125
2 0.4796905517578125 0.681396484375 0.028165283203125 0.0234063720703125
2 0.5484765625 0.7236904907226562 0.028424072265625 0.0233831787109375
2 0.49580078125 0.6900489807128907 0.028165283203125 0.02340606689453125
2 0.5321783447265624 0.7107682800292969 0.0299169921875 0.0237445068359375
2 0.516385498046875 0.6981034851074219 0.028165283203125 0.02340606689453125
2 0.5640814208984375 0.7380345153808594 0.031741943359375 0.02618865966796875
2 0.444598388671875 0.7792799377441406 0.029061279296875 0.01870941162109375
2 0.463990478515625 0.7921087646484375 0.029061279296875 0.01870941162109375
2 0.4204547119140625 0.7691743469238281 0.032083740234375 0.02104461669921875
2 0.5522955322265625 0.7595909118652344 0.029061279296875 0.01870941162109375
2 0.54066162109375 0.7828602600097656 0.029061279296875 0.01870941162109375
2 0.51952880859375 0.8219732666015624 0.02413818359375 0.0321990966796875
2 0.589407958984375 0.8059318542480469 0.0240185546875 0.0319317626953125
2 0.6296826171875 0.8324827575683593 0.0240185546875 0.03193145751953125
2 0.664647216796875 0.7843385314941407 0.01724365234375 0.02977203369140625
2 0.650924072265625 0.7974649047851563 0.01724365234375 0.02977203369140625
2 0.6822149658203125 0.7908358764648438 0.01956298828125 0.02930572509765625
2 0.70361083984375 0.798031005859375 0.0187939453125 0.02939239501953125
2 0.727713623046875 0.8139578247070313 0.0198681640625 0.0313934326171875
2 0.7498553466796875 0.8271142578125 0.0205908203125 0.03312255859375
2 0.770137939453125 0.8344276428222657 0.0181982421875 0.027008056640625
2 0.813096923828125 0.8363661193847656 0.0271484375 0.033519287109375
2 0.8363665771484375 0.8778341674804687 0.031324462890625 0.02910552978515625
2 0.8356207275390625 0.9234788513183594 0.03162353515625 0.02473480224609375
2 0.8400958251953125 0.9081147766113281 0.033411865234375 0.02322296142578125
2 0.8305499267578125 0.9394390869140625 0.032816162109375 0.023607177734375
2 0.8270050048828125 0.9553143310546875 0.0310986328125 0.023739013671875
2 0.6864971923828125 0.8959642028808594 0.026170654296875 0.02967193603515625
2 0.7140509033203125 0.8993130493164062 0.024163818359375 0.02545196533203125
2 0.7496258544921875 0.9090838623046875 0.02371826171875 0.0174517822265625
2 0.6528717041015625 0.9049020385742188 0.020628662109375 0.02969573974609375
2 0.681832275390625 0.9234788513183594 0.027744140625 0.01777862548828125
2 0.7246002197265625 0.9322903060913086 0.02855224609375 0.019710235595703125
2 0.7516717529296875 0.94211669921875 0.027337646484375 0.0191070556640625
2 0.6713165283203125 0.9945016479492188 0.0243115234375 0.03076904296875
2 0.6914599609375 0.9948794555664062 0.022288818359375 0.0297344970703125
2 0.8051910400390625 0.9849343872070313 0.028885498046875 0.028341064453125
2 0.068028564453125 0.04434844970703125 0.0144488525390625 0.02756744384765625
2 0.08528167724609376 0.03184234619140625 0.0238525390625 0.03538787841796875
2 0.070301513671875 0.0702044677734375 0.032254638671875 0.02148040771484375
2 0.03151397705078125 0.177908935546875 0.0345697021484375 0.02866790771484375
2 0.04637420654296875 0.1887644958496094 0.0361285400390625 0.0292999267578125
2 0.0774664306640625 0.20573333740234376 0.036031494140625 0.03035430908203125
2 0.0921160888671875 0.21416488647460938 0.032462158203125 0.02634063720703125
2 0.10539642333984375 0.22365066528320313 0.0324615478515625 0.02634063720703125
2 0.13921417236328126 0.2394377136230469 0.0310162353515625 0.02585113525390625
2 0.152940673828125 0.24837310791015624 0.0331158447265625 0.026678466796875
2 0.18137298583984374 0.2575224304199219 0.0204754638671875 0.038160400390625
2 0.1967425537109375 0.23812088012695312 0.0296575927734375 0.0241796875
2 0.203067626953125 0.2254730224609375 0.029656982421875 0.02417999267578125
2 0.21192047119140625 0.21198272705078125 0.0296575927734375 0.02417999267578125
2 0.21917724609375 0.19884780883789063 0.0264666748046875 0.02178131103515625
2 0.24954345703125 0.24989776611328124 0.02958984375 0.02411285400390625
2 0.2569720458984375 0.23634170532226562 0.02958984375 0.02411285400390625
2 0.265538330078125 0.22336044311523437 0.0273193359375 0.02251739501953125
2 0.3268377685546875 0.2393766784667969 0.027763671875 0.02279144287109375
2 0.6606109619140625 0.009167098999023437 0.02246337890625 0.0207440185546875
2 0.67357666015625 0.012697372436523437 0.02246337890625 0.02708587646484375
2 0.687528076171875 0.018897857666015625 0.02246337890625 0.03046783447265625
2 0.7004925537109375 0.025239715576171873 0.02246337890625 0.03046783447265625
2 0.714444580078125 0.032849273681640624 0.022464599609375 0.03046844482421875
2 0.72740966796875 0.03919113159179687 0.02246337890625 0.03046783447265625
2 0.7450250244140625 0.049196929931640626 0.02246337890625 0.03046783447265625
2 0.6471258544921875 0.033822021484375 0.02352294921875 0.03043975830078125
2 0.5928692626953125 0.009543991088867188 0.02352294921875 0.02184295654296875
2 0.6052703857421875 0.013105964660644532 0.023524169921875 0.027621307373046876
2 0.6199267578125 0.018461456298828127 0.02352294921875 0.030439453125
2 0.6338787841796875 0.02550750732421875 0.02352294921875 0.03043975830078125
2 0.7264654541015625 0.0748309326171875 0.02352294921875 0.030439453125
2 0.70081787109375 0.06017486572265625 0.02352294921875 0.03043975830078125
2 0.71406494140625 0.06764373779296876 0.02352294921875 0.03043975830078125
2 0.686866455078125 0.05341033935546875 0.02352294921875 0.03043975830078125
2 0.6727740478515625 0.04720962524414062 0.02352294921875 0.030439453125
2 0.65966796875 0.04030471801757812 0.02352294921875 0.03043975830078125
2 0.7414044189453125 0.0822998046875 0.02352294921875 0.03043975830078125
2 0.7538055419921875 0.0894873046875 0.02352294921875 0.03043975830078125
2 0.5738421630859375 0.020883636474609377 0.0276171875 0.0228839111328125
2 0.6026116943359375 0.035481109619140624 0.0275830078125 0.023048095703125
2 0.6350750732421875 0.05298736572265625 0.026634521484375 0.02491180419921875
2 0.5255072021484375 0.06116119384765625 0.02352294921875 0.03043975830078125
2 0.552000732421875 0.0748309326171875 0.02352294921875 0.03043975830078125
2 0.568389892578125 0.08658554077148438 0.02218505859375 0.0277874755859375
2 0.67517578125 0.1119354248046875 0.03614990234375 0.02770477294921875
2 0.4438592529296875 0.03098602294921875 0.029984130859375 0.0233587646484375
2 0.4363909912109375 0.04282379150390625 0.02998291015625 0.02335845947265625
2 0.4509051513671875 0.01830291748046875 0.029984130859375 0.02335845947265625
2 0.4217584228515625 0.07059051513671875 0.02993408203125 0.02393218994140625
2 0.428485107421875 0.05654022216796875 0.0288818359375 0.02260589599609375
2 0.413883056640625 0.08342666625976562 0.0262353515625 0.02170135498046875
2 0.4064251708984375 0.0989990234375 0.028114013671875 0.02240692138671875
2 0.39832763671875 0.11290969848632812 0.028883056640625 0.02260650634765625
2 0.3906048583984375 0.12681564331054687 0.02744384765625 0.0227978515625
2 0.3824603271484375 0.13998703002929688 0.027919921875 0.02236419677734375
2 0.3758355712890625 0.15450210571289064 0.027921142578125 0.022364501953125
2 0.35123291015625 0.19585739135742186 0.028074951171875 0.0217578125
2 0.588963623046875 0.3803790283203125 0.0316259765625 0.0238507080078125
2 0.2897930908203125 0.3155133056640625 0.02504638671875 0.0298162841796875
2 0.302039794921875 0.3232341003417969 0.02504638671875 0.02981658935546875
2 0.3150860595703125 0.33321807861328123 0.025045166015625 0.0298162841796875
2 0.3273333740234375 0.3409393310546875 0.025045166015625 0.029815673828125
2 0.3398468017578125 0.34772811889648436 0.02504638671875 0.02981597900390625
2 0.3530255126953125 0.35411819458007815 0.02504638671875 0.02981658935546875
2 0.4075335693359375 0.37841064453125 0.02140380859375 0.02779022216796875
2 0.370540771484375 0.36814437866210936 0.011846923828125 0.0310504150390625
2 0.8261248779296875 0.010960235595703124 0.015523681640625 0.022786407470703124
2 0.7971649169921875 0.01889923095703125 0.016744384765625 0.03481414794921875
2 0.822808837890625 0.08126968383789063 0.0155224609375 0.02825653076171875
2 0.8382281494140625 0.08309417724609375 0.015523681640625 0.0282574462890625
2 0.811436767578125 0.1174835205078125 0.014725341796875 0.0286273193359375
2 0.8267578125 0.11679367065429687 0.014588623046875 0.03654388427734375
2 0.7749627685546875 0.22179412841796875 0.026707763671875 0.0212066650390625
2 0.76737548828125 0.23469253540039062 0.02670654296875 0.0212060546875
2 0.8400042724609375 0.16625595092773438 0.033194580078125 0.02127777099609375
2 0.8448309326171874 0.1793115234375 0.024261474609375 0.01454132080078125
2 0.857696533203125 0.24173736572265625 0.026470947265625 0.01774017333984375
2 0.8520068359375 0.23035552978515625 0.026470947265625 0.0177410888671875
2 0.8426593017578125 0.19764801025390624 0.02408935546875 0.011864013671875
2 0.84649169921875 0.2136860656738281 0.026287841796875 0.0168621826171875
2 0.784427490234375 0.25379364013671873 0.0275048828125 0.026190185546875
2 0.7875567626953125 0.27162368774414064 0.02508056640625 0.01479522705078125
2 0.789832763671875 0.2843321228027344 0.02508056640625 0.01479522705078125
2 0.791728515625 0.29817901611328124 0.02508056640625 0.01479522705078125
2 0.794005126953125 0.3120252990722656 0.02508056640625 0.01479522705078125
2 0.800645751953125 0.3550834655761719 0.02508056640625 0.01479522705078125
2 0.7959033203125 0.3275794982910156 0.02508056640625 0.01479522705078125
2 0.7979888916015625 0.34161590576171874 0.02508056640625 0.01479522705078125
2 0.802921142578125 0.37101654052734373 0.02508056640625 0.01479522705078125
2 0.8105072021484375 0.4300071716308594 0.02508056640625 0.014794921875
2 0.804249267578125 0.38467361450195314 0.02508056640625 0.01479522705078125
2 0.8067138671875 0.39946823120117186 0.02508056640625 0.01479522705078125
2 0.8089910888671875 0.41388427734375 0.02508056640625 0.014794921875
2 0.812215576171875 0.443284912109375 0.02508056640625 0.014794921875
2 0.8144915771484375 0.45770050048828126 0.02508056640625 0.014794921875
2 0.816009521484375 0.4738240051269531 0.02508056640625 0.01479522705078125
2 0.8194232177734375 0.4897572326660156 0.02508056640625 0.01479522705078125
2 0.819329833984375 0.5044580078125 0.026204833984375 0.0183990478515625
2 0.7603564453125 0.24740142822265626 0.026707763671875 0.02120697021484375
2 0.7527691650390625 0.26029998779296876 0.026707763671875 0.0212066650390625
2 0.7393017578125 0.28514801025390624 0.026707763671875 0.02120697021484375
2 0.7325494384765625 0.2973255920410156 0.02655517578125 0.02113067626953125
2 0.7269732666015625 0.30961715698242187 0.026707763671875 0.02120697021484375
2 0.7459716796875 0.2734254455566406 0.03044189453125 0.022952880859375
2 0.8541705322265625 0.2856622314453125 0.030279541015625 0.013660888671875
2 0.856226806640625 0.3007493591308594 0.030338134765625 0.01382781982421875
2 0.8567938232421874 0.31733108520507813 0.0269287109375 0.01326507568359375
2 0.8586871337890625 0.3310888671875 0.025333251953125 0.0130877685546875
2 0.8621466064453125 0.3455964660644531 0.025128173828125 0.01214569091796875
2 0.864044189453125 0.36001235961914063 0.025128173828125 0.01214599609375
2 0.8681744384765625 0.3746144104003906 0.026929931640625 0.01326568603515625
2 0.8698785400390625 0.3909333801269531 0.02585205078125 0.0125189208984375
2 0.8770855712890625 0.4151177978515625 0.025333251953125 0.01308807373046875
2 0.87959716796875 0.431331787109375 0.025128173828125 0.01214569091796875
2 0.8830615234375 0.4616845703125 0.0289892578125 0.01669189453125
2 0.8839483642578125 0.477864990234375 0.02686767578125 0.0161962890625
2 0.88926025390625 0.49303985595703126 0.02686767578125 0.0161968994140625
2 0.8937774658203125 0.5066386413574219 0.026175537109375 0.01252349853515625
2 0.7135443115234374 0.39040771484375 0.0268603515625 0.02557586669921875
2 0.720283203125 0.37215911865234375 0.02309326171875 0.02855255126953125
2 0.7391290283203125 0.36406387329101564 0.01234375 0.02731353759765625
2 0.7575189208984375 0.36834274291992186 0.017030029296875 0.02991851806640625
2 0.7711383056640625 0.38411041259765627 0.0300927734375 0.026893310546875
2 0.776527099609375 0.40194198608398435 0.0248583984375 0.0234967041015625
2 0.77803955078125 0.4197210693359375 0.02819580078125 0.02589813232421875
2 0.776551513671875 0.4392228698730469 0.025845947265625 0.0167706298828125
2 0.7778045654296875 0.45598373413085935 0.025845947265625 0.0167706298828125
2 0.7841485595703125 0.46906341552734376 0.028509521484375 0.0209063720703125
2 0.784539794921875 0.48386611938476565 0.0258447265625 0.01677001953125
2 0.7870733642578125 0.5023306274414062 0.029344482421875 0.01938568115234375
2 0.7914739990234375 0.51718505859375 0.0274951171875 0.0183935546875
2 0.65923583984375 0.4958601379394531 0.03083984375 0.023316650390625
2 0.6655340576171875 0.48232040405273435 0.027327880859375 0.02063507080078125
2 0.686654052734375 0.5402902221679687 0.023311767578125 0.0296966552734375
2 0.7004229736328125 0.5451910400390625 0.024073486328125 0.030545654296875
2 0.71389404296875 0.5533358764648437 0.024073486328125 0.030545654296875
2 0.725970458984375 0.560496826171875 0.023311767578125 0.0296966552734375
2 0.7389715576171875 0.5666053771972657 0.023311767578125 0.02969635009765625
2 0.7516455078125 0.5738571166992188 0.024072265625 0.0305450439453125
2 0.7632513427734375 0.5813302612304687 0.023311767578125 0.029696044921875
2 0.7775689697265625 0.5895210266113281 0.027569580078125 0.033638916015625
2 0.7884259033203125 0.5989169311523438 0.02108642578125 0.0242840576171875
2 0.6752288818359375 0.5344961547851562 0.0233447265625 0.02875335693359375
2 0.804415283203125 0.6032322692871094 0.026435546875 0.03319854736328125
2 0.8181390380859375 0.6155230712890625 0.020989990234375 0.033836669921875
2 0.841959228515625 0.6110983276367188 0.0172509765625 0.03328704833984375
2 0.8576922607421875 0.6161308288574219 0.014881591796875 0.03344482421875
2 0.8823626708984375 0.6257505798339844 0.013486328125 0.0282611083984375
2 0.9055633544921875 0.6333258056640625 0.01789306640625 0.0303411865234375
2 0.5047998046875 0.4312461853027344 0.028466796875 0.02613861083984375
2 0.5181317138671875 0.44262405395507814 0.024173583984375 0.03039031982421875
2 0.5315606689453125 0.45009445190429687 0.021197509765625 0.029129638671875
2 0.54822509765625 0.4558978271484375 0.01414306640625 0.027021484375
2 0.5657342529296875 0.4718940734863281 0.023443603515625 0.02815032958984375
2 0.580137939453125 0.48012466430664064 0.023443603515625 0.0281500244140625
2 0.5914544677734375 0.48809722900390623 0.0234423828125 0.02814971923828125
2 0.4195562744140625 0.966317138671875 0.023021240234375 0.0345697021484375
2 0.61197998046875 0.5021372985839844 0.012203369140625 0.0267938232421875
2 0.6296484375 0.5101908874511719 0.01837890625 0.02943359375
2 0.6959771728515625 0.43019866943359375 0.027327880859375 0.02063507080078125
2 0.680294189453125 0.3817668151855469 0.027327880859375 0.02063507080078125
2 0.703929443359375 0.18904510498046875 0.026707763671875 0.0212066650390625
2 0.69977783203125 0.20472747802734376 0.026707763671875 0.0212066650390625
2 0.6900921630859375 0.21764297485351564 0.026707763671875 0.0212066650390625
2 0.683634033203125 0.23286392211914062 0.026707763671875 0.0212066650390625
2 0.22554962158203126 0.18667098999023438 0.0296575927734375 0.02417999267578125
2 0.12253021240234375 0.2310491943359375 0.0324615478515625 0.02634063720703125
2 0.27137939453125 0.21245712280273438 0.0273193359375 0.02251739501953125
2 0.277999267578125 0.20038558959960937 0.0273193359375 0.02251739501953125
2 0.3079840087890625 0.14976242065429687 0.0273193359375 0.02251739501953125
2 0.3142144775390625 0.13808059692382812 0.0273193359375 0.02251739501953125
2 0.23450653076171876 0.17265243530273439 0.0296575927734375 0.02417999267578125
2 0.2395684814453125 0.1570759582519531 0.02965728759765625 0.02417999267578125
2 0.2484417724609375 0.14214263916015624 0.027933349609375 0.02334686279296875
2 0.2559246826171875 0.1302069091796875 0.029658203125 0.02417999267578125
2 0.2710272216796875 0.09658203125 0.0279345703125 0.02334716796875
2 0.278037109375 0.08373138427734375 0.0279345703125 0.02334686279296875
2 0.285435791015625 0.07010238647460937 0.0279345703125 0.02334686279296875
2 0.2951702880859375 0.05803009033203125 0.027933349609375 0.02334686279296875
2 0.2998431396484375 0.042454681396484374 0.027933349609375 0.02334686279296875
2 0.3080413818359375 0.03103363037109375 0.027999267578125 0.02282379150390625
2 0.3168096923828125 0.016068267822265624 0.029932861328125 0.02366668701171875
2 0.322039794921875 0.005261192321777344 0.027933349609375 0.014797210693359375
2 0.0426092529296875 0.040805511474609375 0.028294677734375 0.03378265380859375
2 0.3697686767578125 0.03203399658203125 0.029932861328125 0.02366668701171875
2 0.3783355712890625 0.019183197021484376 0.029932861328125 0.02366668701171875
2 0.38573486328125 0.007416267395019532 0.029932861328125 0.017777252197265624
