5 0.14474990844726562 0.36492218017578126 0.03104705810546875 0.00976837158203125
2 0.5242622375488282 0.11765762329101563 0.01802734375 0.0098565673828125
2 0.45298919677734373 0.17526809692382814 0.00942626953125 0.01605865478515625
2 0.4189654541015625 0.14362045288085937 0.01379302978515625 0.0072412109375
2 0.4247413635253906 0.12112060546875 0.01810333251953125 0.0077587890625
2 0.4224612426757812 0.10510986328125 0.01566680908203125 0.00815155029296875
2 0.4232505798339844 0.0946209716796875 0.0156671142578125 0.00815155029296875
2 0.4232569885253906 0.07755355834960938 0.01566680908203125 0.00815155029296875
2 0.38310089111328127 0.11887741088867188 0.01379302978515625 0.0072412109375
2 0.3831071472167969 0.10196624755859375 0.01379302978515625 0.00724151611328125
2 0.38154693603515627 0.0944635009765625 0.01379302978515625 0.006282958984375
2 0.38188064575195313 0.073682861328125 0.01662689208984375 0.00952117919921875
2 0.38094741821289063 0.060374603271484376 0.016627197265625 0.00952117919921875
2 0.38220657348632814 0.047222900390625 0.01662689208984375 0.0095208740234375
2 0.3811033630371094 0.036831512451171874 0.01692901611328125 0.00850250244140625
2 0.3819804382324219 0.02506195068359375 0.0202264404296875 0.0115936279296875
2 0.32348663330078126 0.11652664184570312 0.01783966064453125 0.0081744384765625
2 0.3233616638183594 0.1064019775390625 0.01783966064453125 0.00817474365234375
2 0.3249864196777344 0.0976519775390625 0.01783966064453125 0.00817474365234375
2 0.3244378662109375 0.09032394409179688 0.01565826416015625 0.0078973388671875
2 0.3256878662109375 0.07807373046875 0.01565826416015625 0.0078973388671875
2 0.3269380187988281 0.06382369995117188 0.01565826416015625 0.0078973388671875
2 0.38155548095703123 0.605760498046875 0.0133892822265625 0.0070501708984375
2 0.3262493896484375 0.5671247863769531 0.007030029296875 0.015250244140625
2 0.23619384765625 0.849287109375 0.00967132568359375 0.01914581298828125
