0 0.09499374389648438 0.7239148712158203 0.03817031860351563 0.04237030029296875
0 0.4587102508544922 0.37669677734375 0.022058868408203126 0.031108551025390625
0 0.4867181396484375 0.39211185455322267 0.031944580078125 0.02929656982421875
0 0.5147808837890625 0.3815364456176758 0.0308355712890625 0.024476470947265624
0 0.46306631088256833 0.41523353576660155 0.058556137084960935 0.05497467041015625
0 0.4692275619506836 0.44353214263916013 0.038421707153320314 0.03669212341308594
0 0.5084877014160156 0.4227803421020508 0.041375732421875 0.047490692138671874
0 0.5205010986328125 0.5081370162963867 0.028966064453125 0.03280189514160156
0 0.5625553894042968 0.5310895538330078 0.03419464111328125 0.02780517578125
0 0.7283447265625 0.5217194747924805 0.0500018310546875 0.04915824890136719
0 0.755867919921875 0.5494632339477539 0.02928619384765625 0.021983489990234376
0 0.7898216247558594 0.5481354904174804 0.036119384765625 0.024126052856445312
0 0.8314453125 0.5269819259643554 0.027418212890625 0.03888374328613281
0 0.9203692626953125 0.5264379501342773 0.0364111328125 0.044539566040039065
0 0.8980613708496094 0.6115754699707031 0.02293060302734375 0.03364463806152344
2 0.9902444458007813 0.11006050109863282 0.00832122802734375 0.016545677185058595
2 0.9809587097167969 0.11053669929504395 0.00832122802734375 0.016545677185058595
2 0.9638154602050781 0.11077472686767578 0.008321533203125 0.01654592514038086
2 0.91833984375 0.07672717094421387 0.00832122802734375 0.01654569625854492
2 0.8959584045410156 0.07529860019683837 0.00832122802734375 0.016545686721801758
2 0.4701191711425781 0.03119047462940216 0.01047637939453125 0.019321300983428956
2 0.4334523010253906 0.030714287757873535 0.010476226806640626 0.019321298599243163
2 0.4784523010253906 0.030238091945648193 0.01047637939453125 0.019321298599243163
2 0.5644049072265624 0.030000002384185792 0.01047607421875 0.01932126998901367
2 0.5746430969238281 0.031190476417541503 0.01047637939453125 0.0193212890625
2 0.5834524536132812 0.031190468668937682 0.01047637939453125 0.019321296215057373
2 0.5934526062011719 0.031190476417541503 0.01047637939453125 0.0193212890625
2 0.21255226135253907 0.43319408416748045 0.01047821044921875 0.021920700073242188
2 0.18157669067382812 0.36415977478027345 0.010074310302734375 0.01698326110839844
2 0.16618003845214843 0.3592015075683594 0.010074310302734375 0.016983184814453125
2 0.14686920166015624 0.35894054412841797 0.01007415771484375 0.01698326110839844
2 0.22742683410644532 0.489561653137207 0.01047821044921875 0.021920623779296874
2 0.2182933807373047 0.4882567596435547 0.01047821044921875 0.021920700073242188
2 0.20915985107421875 0.4879958343505859 0.01047821044921875 0.021920700073242188
2 0.2000261688232422 0.4879957962036133 0.01047821044921875 0.021920700073242188
2 0.19010971069335938 0.48721290588378907 0.01047821044921875 0.021920700073242188
2 0.17967124938964843 0.48695194244384765 0.01047821044921875 0.021920700073242188
2 0.16062103271484374 0.4872129440307617 0.010478057861328126 0.021920700073242188
2 0.14339767456054686 0.4869519805908203 0.01047821044921875 0.021920700073242188
2 0.1319154357910156 0.4853861999511719 0.01047821044921875 0.021920700073242188
2 0.13348121643066407 0.4305845642089844 0.01047821044921875 0.021920700073242188
2 0.1410491180419922 0.4290187835693359 0.01047821044921875 0.021920623779296874
2 0.16192581176757812 0.4279749298095703 0.01047821044921875 0.021920700073242188
2 0.17393020629882813 0.4292797088623047 0.01047821044921875 0.021920700073242188
2 0.18384681701660155 0.43267234802246096 0.01047821044921875 0.021920700073242188
2 0.19376312255859374 0.43606475830078123 0.01047821044921875 0.021920700073242188
2 0.2039404296875 0.4381523895263672 0.01047821044921875 0.021920700073242188
