0 0.2564263916015625 0.4843648147583008 0.03077392578125 0.03983055114746094
0 0.2782952880859375 0.5280689620971679 0.033486328125 0.04280746459960937
0 0.2997747802734375 0.5672768783569336 0.033485107421875 0.04280693054199219
0 0.319962158203125 0.6101082992553711 0.033486328125 0.04280746459960937
0 0.3419598388671875 0.6529397583007812 0.033485107421875 0.04280685424804687
0 0.01173858642578125 0.6665396881103516 0.0268133544921875 0.04280685424804687
0 0.03025665283203125 0.7093707275390625 0.0334857177734375 0.0428070068359375
0 0.12259552001953125 0.8905380249023438 0.03077392578125 0.03983108520507812
0 0.1432989501953125 0.93091064453125 0.03077392578125 0.03983108520507812
0 0.16516815185546874 0.9746147918701172 0.0334857177734375 0.0428070068359375
0 0.39038818359375 0.7536061096191407 0.033486328125 0.04280776977539062
0 0.23572196960449218 0.4439921188354492 0.03077301025390625 0.03983055114746094
0 0.4532635498046875 0.8777556610107422 0.03077392578125 0.039830780029296874
0 0.47513427734375 0.9214601135253906 0.033485107421875 0.0428070068359375
0 0.4966143798828125 0.9606678771972657 0.033486328125 0.04280776977539062
0 0.410960693359375 0.7933792114257813 0.033485107421875 0.04280685424804687
0 0.4323162841796875 0.8368746948242187 0.033486328125 0.04280776977539062
0 0.05238922119140625 0.7508695983886718 0.0334857177734375 0.0428070068359375
0 0.166070556640625 0.2582203674316406 0.0363348388671875 0.040997276306152346
0 0.11951812744140625 0.4545645523071289 0.04322021484375 0.03721572875976562
0 0.13801513671875 0.4948822784423828 0.04322021484375 0.03721588134765625
0 0.16099151611328125 0.5353668975830078 0.04322021484375 0.03721572875976562
0 0.1829571533203125 0.5782861709594727 0.04322021484375 0.037215805053710936
0 0.20564605712890624 0.6196156311035156 0.04322021484375 0.03721588134765625
0 0.22486549377441406 0.6612339782714843 0.04322052001953125 0.03721572875976562
0 0.2953173828125 0.7997772216796875 0.043221435546875 0.03721588134765625
0 0.3138128662109375 0.8400951385498047 0.04322021484375 0.03721572875976562
0 0.336790771484375 0.8805799865722657 0.043221435546875 0.03721588134765625
0 0.3587567138671875 0.9234990692138672 0.043221435546875 0.03721588134765625
0 0.3777740478515625 0.9667852783203125 0.04322021484375 0.0372161865234375
0 0.24394676208496094 0.6999729919433594 0.04321990966796875 0.03721572875976562
