4 0.08162872314453125 0.6210786819458007 0.0108502197265625 0.017130966186523437
4 0.08781951904296875 0.6285958862304688 0.010328369140625 0.018374252319335937
4 0.107578125 0.626912956237793 0.01087646484375 0.017514190673828124
4 0.418095703125 0.5590739440917969 0.0109814453125 0.014911117553710938
4 0.4280718994140625 0.5230785369873047 0.01870849609375 0.017630844116210936
4 0.44930938720703123 0.5005215454101563 0.0173773193359375 0.0161419677734375
4 0.591510009765625 0.5438488388061523 0.021488037109375 0.023458786010742187
4 0.6053939819335937 0.5534919738769531 0.017322998046875 0.01884979248046875
4 0.6165023803710937 0.5648341369628906 0.0177459716796875 0.020264739990234374
4 0.64233154296875 0.5847654342651367 0.0164788818359375 0.019236221313476562
4 0.6658682250976562 0.6089342498779297 0.0188421630859375 0.020648651123046875
4 0.768675537109375 0.6574176788330078 0.0356298828125 0.03647781372070313
4 0.7895980834960937 0.6464602088928223 0.037625732421875 0.04352825164794922
4 0.8792910766601563 0.5693056106567382 0.0315655517578125 0.035003585815429686
4 0.8978500366210938 0.5564693450927735 0.0358221435546875 0.035470199584960935
2 0.065284423828125 0.5650056457519531 0.0154937744140625 0.01893096923828125
2 0.057489013671875 0.5587417602539062 0.0154937744140625 0.01893096923828125
2 0.10105926513671876 0.4104208755493164 0.0176312255859375 0.0166583251953125
2 0.05250030517578125 0.34631256103515623 0.014310302734375 0.014375
2 0.12116485595703125 0.2950151824951172 0.0161700439453125 0.015626678466796873
