2 0.059897446632385255 0.3489476013183594 0.02654548645019531 0.024072647094726562
2 0.0580557107925415 0.368984375 0.026909236907958985 0.0245819091796875
2 0.0568996000289917 0.38553768157958984 0.027986841201782228 0.024119186401367187
2 0.057971954345703125 0.404273681640625 0.02727121353149414 0.024976654052734373
2 0.08876799583435059 0.3900640869140625 0.027078399658203123 0.02421966552734375
2 0.08583571434020996 0.4058638381958008 0.026934566497802733 0.024542160034179687
2 0.08593210220336914 0.42412109375 0.02884357452392578 0.025899658203125
2 0.0846682071685791 0.44121852874755857 0.02758563995361328 0.023169326782226562
2 0.05949657440185547 0.4237700653076172 0.026315813064575196 0.022759628295898438
2 0.0839530873298645 0.34568077087402344 0.028318076133728026 0.023267440795898438
2 0.058627777099609375 0.4613756561279297 0.026909294128417968 0.024582061767578125
2 0.05747168064117432 0.4779290008544922 0.027986860275268553 0.024119186401367187
2 0.061641874313354494 0.5010011291503906 0.02831808090209961 0.026102752685546876
2 0.05835237503051758 0.5193078231811523 0.026315813064575196 0.022759628295898438
2 0.05775774478912354 0.5357093048095704 0.027986860275268553 0.024119186401367187
2 0.06278603553771972 0.559067497253418 0.02602975845336914 0.02268699645996094
2 0.056590404510498044 0.5740503692626953 0.030228872299194336 0.026956558227539062
2 0.08910183906555176 0.4838386535644531 0.028890151977539063 0.02566810607910156
2 0.09079474329948425 0.5024599838256836 0.02779268741607666 0.025324859619140626
2 0.08627449035644531 0.5176206588745117 0.03111236572265625 0.025971603393554688
2 0.09324944496154786 0.5404748916625977 0.02631582260131836 0.022759628295898438
2 0.10835472106933594 0.5862923431396484 0.013839740753173829 0.029360427856445312
2 0.14974255561828614 0.5301773834228516 0.027783641815185545 0.023169326782226562
2 0.14809724807739258 0.5529515075683594 0.02845989227294922 0.026383438110351563
2 0.14904443979263304 0.5694985198974609 0.030286436080932618 0.026334686279296873
2 0.15161879777908324 0.5843725967407226 0.03028641700744629 0.026334686279296873
2 0.1710696029663086 0.5517639541625976 0.030286407470703124 0.026334686279296873
2 0.17593231201171874 0.5677822875976563 0.030286483764648438 0.026334762573242188
2 0.17650436401367187 0.5869470596313476 0.030286483764648438 0.026334762573242188
2 0.1755862045288086 0.5117457580566406 0.027373695373535158 0.024063491821289064
2 0.1734003472328186 0.5313787078857422 0.029629583358764647 0.025343246459960937
2 0.1460240077972412 0.5134439086914062 0.026601829528808595 0.023865127563476564
2 0.17305490732192993 0.4536613082885742 0.03089251518249512 0.025835800170898437
2 0.2388218116760254 0.4767848205566406 0.027986831665039062 0.024119186401367187
2 0.23653348922729492 0.49537742614746094 0.027986831665039062 0.024119186401367187
2 0.23538925170898437 0.5133981323242187 0.027986831665039062 0.024119110107421876
2 0.26594900131225585 0.5160396575927735 0.027893257141113282 0.0239849853515625
2 0.2714304733276367 0.5377115631103515 0.027986831665039062 0.024119110107421876
2 0.26599576950073245 0.5537298202514649 0.02798686981201172 0.024119186401367187
2 0.25269197463989257 0.43451202392578125 0.030555686950683593 0.026856918334960938
2 0.3446365737915039 0.4176381683349609 0.02737373352050781 0.024063491821289064
2 0.3559783172607422 0.43135005950927735 0.030367279052734376 0.026315765380859377
2 0.3499942398071289 0.45378711700439456 0.029416427612304688 0.026567459106445312
2 0.35336238861083985 0.5324193572998047 0.028973159790039064 0.026694564819335936
2 0.3515616226196289 0.49341167449951173 0.030286331176757813 0.026334686279296873
2 0.3236555814743042 0.49098968505859375 0.027783603668212892 0.023169326782226562
2 0.3295363998413086 0.5260202407836914 0.030286407470703124 0.026334686279296873
2 0.3275341033935547 0.5509059143066406 0.030286483764648438 0.026334762573242188
2 0.3253718566894531 0.4111842346191406 0.027783584594726563 0.023169326782226562
2 0.38043712615966796 0.5741104888916015 0.0125811767578125 0.029227752685546875
2 0.3492132186889648 0.25774112701416013 0.02737373352050781 0.024063491821289064
2 0.34872554779052733 0.2788224792480469 0.029629592895507813 0.02534320831298828
2 0.353671875 0.2972148132324219 0.030504379272460937 0.026887893676757812
2 0.3525277328491211 0.3135191774368286 0.029041519165039064 0.025743770599365234
2 0.35039932250976563 0.33667903900146484 0.030286407470703124 0.026334762573242188
2 0.3516952896118164 0.3561642837524414 0.029434890747070314 0.0268017578125
2 0.31965103149414065 0.25843822479248046 0.027783660888671874 0.02316936492919922
2 0.3212412261962891 0.2986175537109375 0.030286407470703124 0.026334686279296873
2 0.4048708724975586 0.29868452072143553 0.028358840942382814 0.025948867797851563
2 0.40319320678710935 0.3190927267074585 0.026066131591796875 0.023141822814941405
2 0.43314453125 0.34149253845214844 0.02990478515625 0.0263970947265625
2 0.406666145324707 0.361197395324707 0.03015159606933594 0.027033309936523437
2 0.4031995391845703 0.41712486267089843 0.028841323852539062 0.02704132080078125
2 0.4080173873901367 0.10217426300048828 0.028358917236328125 0.025948848724365235
2 0.4368873977661133 0.4378533935546875 0.02823699951171875 0.024178695678710938
2 0.4343727493286133 0.4753904342651367 0.027212295532226562 0.026867828369140624
2 0.4350686264038086 0.417334098815918 0.02987335205078125 0.026315765380859377
2 0.4396452713012695 0.0978260612487793 0.029564208984375 0.027459964752197266
2 0.4409722137451172 0.11543486595153808 0.027094573974609376 0.025423240661621094
2 0.4390846252441406 0.4025214004516602 0.03491973876953125 0.029077606201171877
2 0.4103165435791016 0.45725669860839846 0.027665786743164063 0.02414398193359375
2 0.4081122970581055 0.4750533676147461 0.026066131591796875 0.023141860961914062
2 0.4391973876953125 0.5180302429199218 0.03102165222167969 0.02643951416015625
2 0.43775066375732424 0.5351020431518555 0.03102165222167969 0.02643951416015625
2 0.44138111114501954 0.5558495712280274 0.03259498596191406 0.026611251831054686
2 0.43879573822021484 0.5729866027832031 0.028079757690429686 0.02390777587890625
2 0.4105502700805664 0.5143171310424804 0.026891098022460938 0.024583282470703124
2 0.4128182601928711 0.5737553405761718 0.030269927978515625 0.026100616455078125
2 0.41084983825683596 0.5537693786621094 0.03466270446777344 0.029413604736328126
2 0.5011664581298828 0.5328647994995117 0.027617645263671876 0.02437408447265625
2 0.6150173568725585 0.6468460845947266 0.03430343627929688 0.01302093505859375
5 0.47195064544677734 0.6468035221099854 0.07121589660644531 0.02120800018310547
5 0.6245632934570312 0.6953126525878907 0.0465911865234375 0.017939453125
2 0.49240650177001954 0.33601051330566406 0.029190826416015624 0.0283294677734375
2 0.49605724334716794 0.3557243728637695 0.03125 0.03459075927734375
2 0.49499519348144533 0.38129764556884765 0.03263046264648437 0.03128684997558594
2 0.49657360076904294 0.39811397552490235 0.02776214599609375 0.03104087829589844
2 0.4998589324951172 0.41764495849609373 0.027871551513671874 0.028046951293945313
2 0.602140007019043 0.2751462364196777 0.02644439697265625 0.014543952941894532
2 0.6000955200195313 0.2964663124084473 0.02644439697265625 0.014543952941894532
2 0.6038922500610352 0.32362751007080076 0.02644439697265625 0.014543991088867187
2 0.017701300233602522 0.6694622039794922 0.0299677973985672 0.01977142333984375
