2 0.4964375305175781 0.23668750762939453 0.014375 0.006624984741210938
2 0.4954374694824219 0.22381248474121093 0.01787506103515625 0.009874992370605469
2 0.4940625 0.21193750381469725 0.0176251220703125 0.007625007629394531
2 0.4940625 0.1978125 0.0176251220703125 0.007625007629394531
2 0.43851242065429685 0.19768587112426758 0.01547515869140625 0.007371711730957031
2 0.40375 0.26043750762939455 0.0107501220703125 0.022375030517578123
2 0.37732208251953125 0.26338638305664064 0.00989410400390625 0.01752288818359375
2 0.36631256103515625 0.25887504577636716 0.011383056640625 0.020249977111816406
2 0.35381240844726564 0.2603125 0.0088751220703125 0.018694953918457033
2 0.3413751220703125 0.2615625 0.00903289794921875 0.017125091552734374
2 0.32186996459960937 0.12804402351379396 0.01726043701171875 0.008970508575439453
2 0.3225627136230469 0.14181249618530273 0.01737518310546875 0.009381122589111328
2 0.3228125 0.1513125228881836 0.0173748779296875 0.009381122589111328
2 0.32093719482421873 0.1739375114440918 0.0173748779296875 0.009381103515625
2 0.3223126220703125 0.1823124885559082 0.01737518310546875 0.009381141662597656
2 0.3601251220703125 0.18249996185302733 0.01824981689453125 0.00875
2 0.33868759155273437 0.16375003576278688 0.0123748779296875 0.02016343116760254
2 0.34791122436523436 0.13400136947631835 0.0091778564453125 0.020516090393066407
2 0.35762176513671873 0.13359546661376953 0.00899322509765625 0.02030921936035156
5 0.48962493896484377 0.14256250381469726 0.009000244140625 0.044375
5 0.4810626220703125 0.14106250762939454 0.00887481689453125 0.04447220802307129
5 0.4706877136230469 0.1408124876022339 0.00962493896484375 0.045011377334594725
5 0.4517500305175781 0.12662501335144044 0.00850341796875 0.01424999237060547
2 0.38567596435546875 0.324614143371582 0.01877838134765625 0.009443435668945312
2 0.34793045043945314 0.3236837387084961 0.01877838134765625 0.009443435668945312
2 0.3611265563964844 0.34672592163085936 0.018778076171875 0.009443435668945312
2 0.17761749267578125 0.36582977294921876 0.0201568603515625 0.01086181640625
2 0.2789324951171875 0.5071445083618165 0.00855865478515625 0.01866859436035156
2 0.2883209228515625 0.630748176574707 0.0083941650390625 0.0166058349609375
2 0.678914794921875 0.2117500114440918 0.0151702880859375 0.008350601196289062
2 0.640499267578125 0.20215824127197266 0.0085015869140625 0.01581653594970703
2 0.6618748474121093 0.1613749885559082 0.0082501220703125 0.015635604858398437
2 0.6437496948242187 0.16337499618530274 0.0082501220703125 0.015635604858398437
2 0.6346250915527344 0.16325000762939454 0.0082501220703125 0.015635337829589844
2 0.5878753662109375 0.16387500762939453 0.0082501220703125 0.015635337829589844
2 0.5782501220703125 0.16381250381469725 0.0082550048828125 0.01612510681152344
2 0.56 0.16243751287460328 0.0082550048828125 0.016124963760375977
2 0.5445626831054687 0.17469257354736328 0.0181256103515625 0.009614906311035155
2 0.5458151245117188 0.20331258773803712 0.0181298828125 0.009624862670898437
