0 0.0189453125 0.5269819259643554 0.027418212890625 0.03888374328613281
0 0.1078692626953125 0.5264379501342773 0.0364111328125 0.044539566040039065
0 0.08556137084960938 0.6115754699707031 0.02293060302734375 0.03364463806152344
0 0.407452392578125 0.3788226318359375 0.0287353515625 0.03708892822265625
0 0.4387068176269531 0.37728420257568357 0.0273699951171875 0.03430953979492188
0 0.34319869995117186 0.5101739883422851 0.03157623291015625 0.02744316101074219
0 0.32278076171875 0.5331106948852539 0.03084075927734375 0.027990341186523438
0 0.4064683532714844 0.5366805648803711 0.0315234375 0.026692047119140624
0 0.44830535888671874 0.5357677841186523 0.02902496337890625 0.027860260009765624
0 0.385322265625 0.5099982833862304 0.0287237548828125 0.02759239196777344
0 0.4287181091308594 0.509541015625 0.0264080810546875 0.02094268798828125
0 0.4722941589355469 0.5109719085693359 0.0297601318359375 0.0253826904296875
0 0.512640380859375 0.5139044952392579 0.0342694091796875 0.025
0 0.7074099731445312 0.4115264892578125 0.0297918701171875 0.02981651306152344
0 0.5972537231445313 0.5104140853881836 0.03624053955078125 0.03194908142089844
0 0.637899169921875 0.5110984420776368 0.033626708984375 0.0274267578125
0 0.6818185424804688 0.5120506286621094 0.032889404296875 0.029856414794921876
0 0.7266246032714844 0.5122286987304687 0.03401397705078125 0.025738983154296874
0 0.9751092529296875 0.2961482620239258 0.03161376953125 0.03125
0 0.9898223876953125 0.36184513092041015 0.02537109375 0.024428634643554686
2 0.9935861206054688 0.17235260009765624 0.0182855224609375 0.007987480163574218
7 0.7031929016113281 0.11476530075073242 0.031932373046875 0.014580364227294923
2 0.7654391479492187 0.03544622480869293 0.01933990478515625 0.01030292272567749
2 0.6443777465820313 0.05649563312530517 0.007095947265625 0.01364628791809082
2 0.3428497314453125 0.07616646885871887 0.0081097412109375 0.016238493919372557
2 0.33404022216796875 0.07592837452888489 0.0081097412109375 0.016238493919372557
2 0.3114213562011719 0.07664267897605896 0.0081097412109375 0.016238493919372557
2 0.30213577270507813 0.0759283697605133 0.0081097412109375 0.016238503456115723
2 0.2852308654785156 0.0773569667339325 0.0081097412109375 0.016238484382629394
2 0.27832611083984377 0.07735695838928222 0.0081097412109375 0.01623847961425781
2 0.2583258056640625 0.07592835903167724 0.0081097412109375 0.016238489151000977
2 0.22451644897460937 0.07711885929107666 0.0081097412109375 0.016238489151000977
2 0.1995166015625 0.07711886405944825 0.0081097412109375 0.01623847961425781
2 0.31964950561523436 0.1102985954284668 0.00832122802734375 0.016545677185058595
2 0.2701249694824219 0.10958427429199219 0.008321533203125 0.01654590606689453
2 0.23750595092773438 0.10934616088867187 0.008321533203125 0.01654592514038086
2 0.22964920043945314 0.1102985954284668 0.00832122802734375 0.016545677185058595
2 0.2213153076171875 0.10886997222900391 0.008321533203125 0.01654592514038086
2 0.21250579833984376 0.10886997222900391 0.008321533203125 0.01654592514038086
2 0.17774444580078125 0.11006050109863282 0.00832122802734375 0.016545677185058595
2 0.16845870971679688 0.11053669929504395 0.00832122802734375 0.016545677185058595
2 0.15131546020507813 0.11077472686767578 0.008321533203125 0.01654592514038086
2 0.10583984375 0.07672717094421387 0.00832122802734375 0.01654569625854492
2 0.08345840454101562 0.07529860019683837 0.00832122802734375 0.016545686721801758
