0 0.6322674560546875 0.42000694274902345 0.033485107421875 0.04280685424804687
0 0.674530029296875 0.5013906860351562 0.033486328125 0.0428076171875
0 0.12259552001953125 0.07803802490234375 0.03077392578125 0.03983108520507812
0 0.1432989501953125 0.11841064453125 0.03077392578125 0.03983108520507812
0 0.16516815185546874 0.16211479187011718 0.0334857177734375 0.0428070068359375
0 0.18664886474609374 0.20132293701171874 0.0334857177734375 0.0428070068359375
0 0.20683502197265624 0.24415428161621094 0.0334857177734375 0.04280670166015625
0 0.22883232116699218 0.2869854736328125 0.03348541259765625 0.04280731201171875
0 0.4178021240234375 0.6586766052246094 0.033485107421875 0.04280670166015625
0 0.2917401123046875 0.4113661956787109 0.03077392578125 0.03983123779296875
0 0.31244384765625 0.4517388916015625 0.03077392578125 0.03983123779296875
0 0.3343133544921875 0.49544342041015627 0.033486328125 0.0428076171875
0 0.35579345703125 0.5346511840820313 0.033485107421875 0.04280670166015625
0 0.37597900390625 0.5774824523925781 0.033486328125 0.0428076171875
0 0.397978515625 0.620313720703125 0.033486328125 0.0428076171875
0 0.4532635498046875 0.06525566101074219 0.03077392578125 0.039830780029296874
0 0.47513427734375 0.10896011352539063 0.033485107421875 0.0428070068359375
0 0.4966143798828125 0.14816787719726562 0.033486328125 0.04280776977539062
0 0.516800537109375 0.1909991455078125 0.033486328125 0.04280776977539062
0 0.5387982177734375 0.23383026123046874 0.033485107421875 0.04280670166015625
0 0.5586224365234375 0.27219314575195314 0.033486328125 0.04280776977539062
0 0.4323162841796875 0.02437469482421875 0.033486328125 0.04280776977539062
0 0.2499591064453125 0.3262355804443359 0.033486328125 0.04280731201171875
0 0.6940875244140625 0.5413099670410156 0.033485107421875 0.04280670166015625
0 0.715054931640625 0.5824391174316407 0.033486328125 0.0428076171875
0 0.737232666015625 0.62618896484375 0.033485107421875 0.04280670166015625
0 0.758604736328125 0.6689311218261719 0.033486328125 0.0428076171875
0 0.859412841796875 0.4367455291748047 0.043221435546875 0.03721588134765625
0 0.8795050048828125 0.48078643798828125 0.04322021484375 0.037215576171875
0 0.899290771484375 0.5215373229980469 0.043221435546875 0.03721588134765625
0 0.921256103515625 0.5644564819335938 0.04322021484375 0.03721649169921875
0 0.94394287109375 0.6057856750488281 0.04322021484375 0.03721588134765625
0 0.963162841796875 0.6474046325683593 0.04322021484375 0.0372161865234375
0 0.419613037109375 0.23702499389648438 0.04322021484375 0.03721572875976562
0 0.3138128662109375 0.027595138549804686 0.04322021484375 0.03721572875976562
0 0.336790771484375 0.06807998657226562 0.043221435546875 0.03721588134765625
0 0.3587567138671875 0.1109990692138672 0.043221435546875 0.03721588134765625
0 0.3777740478515625 0.1542852783203125 0.04322021484375 0.0372161865234375
0 0.400662841796875 0.19394683837890625 0.04322021484375 0.03721603393554687
0 0.5679412841796875 0.5279510498046875 0.04322021484375 0.03721588134765625
0 0.442125244140625 0.28009628295898437 0.043221435546875 0.03721588134765625
0 0.4606207275390625 0.32041412353515625 0.04322021484375 0.03721572875976562
0 0.4835992431640625 0.36089889526367186 0.043221435546875 0.03721588134765625
0 0.5055645751953125 0.40381828308105466 0.043221435546875 0.03721588134765625
0 0.5474713134765625 0.48676620483398436 0.04322021484375 0.0372161865234375
0 0.5868243408203125 0.5681108093261719 0.04322021484375 0.03721588134765625
0 0.9860284423828125 0.6877915954589844 0.043221435546875 0.03721588134765625
0 0.6083673095703125 0.6101319885253906 0.043221435546875 0.03721588134765625
0 0.633367919921875 0.6537490844726562 0.043221435546875 0.03721588134765625
0 0.653580322265625 0.6960365295410156 0.043221435546875 0.03721588134765625
