2 0.1751995849609375 0.19910018920898437 0.0205096435546875 0.02420013427734375
2 0.04977813720703125 0.7500578308105469 0.0283966064453125 0.03600982666015625
2 0.01781646728515625 0.8176095581054688 0.023668212890625 0.02879669189453125
2 0.047098388671875 0.8300665283203125 0.0236676025390625 0.02879638671875
2 0.008359909057617188 0.7219775390625 0.01864044189453125 0.0264483642578125
2 0.02267059326171875 0.7322105407714844 0.023939208984375 0.0280224609375
2 0.0365240478515625 0.7407118225097656 0.023939208984375 0.0280224609375
2 0.091654052734375 0.7714686584472656 0.02839599609375 0.036009521484375
2 0.10343231201171875 0.7819584655761719 0.0243157958984375 0.0292828369140625
2 0.12011993408203125 0.7860513305664063 0.0243157958984375 0.0292828369140625
2 0.06344482421875 0.7570845031738281 0.0243157958984375 0.02928253173828125
2 0.1323992919921875 0.7958125305175782 0.0262579345703125 0.0318011474609375
2 0.2740869140625 0.8062026977539063 0.0243157958984375 0.0292828369140625
2 0.2819586181640625 0.8241499328613281 0.0243157958984375 0.0292828369140625
2 0.31572479248046875 0.8310575866699219 0.0313238525390625 0.043096923828125
2 0.29848907470703123 0.8255668640136719 0.02810791015625 0.03463470458984375
2 0.32745635986328125 0.8403654479980469 0.0276129150390625 0.0352642822265625
2 0.3389627075195312 0.8501217651367188 0.0249029541015625 0.0308477783203125
2 0.3802099609375 0.8737367248535156 0.0249029541015625 0.0308477783203125
2 0.43593994140625 0.9064820861816406 0.02490234375 0.03084747314453125
2 0.44947906494140627 0.9130938720703125 0.0249029541015625 0.0308477783203125
2 0.40997283935546874 0.8881883239746093 0.0333428955078125 0.04037506103515625
2 0.47687255859375 0.9269477844238281 0.02490234375 0.03084747314453125
2 0.4916705322265625 0.9373385620117187 0.0249029541015625 0.0308477783203125
2 0.5052093505859375 0.9436355590820312 0.0249029541015625 0.0308477783203125
2 0.36732666015625 0.8686111450195313 0.026680908203125 0.03481842041015625
2 0.4212847900390625 0.8983001708984375 0.0304010009765625 0.0403021240234375
2 0.4638995361328125 0.9196694946289062 0.0280853271484375 0.0359765625
2 0.25455963134765625 0.8024826049804688 0.0255157470703125 0.03357452392578125
2 0.35502105712890625 0.8557894897460937 0.0249029541015625 0.0308477783203125
2 0.5334600830078124 0.95908447265625 0.0316552734375 0.0408990478515625
2 0.5629727172851563 0.9691439819335937 0.0255047607421875 0.0308563232421875
2 0.5937777709960937 0.9841976928710937 0.027606201171875 0.0364056396484375
2 0.07422607421875 0.6641593933105469 0.0135272216796875 0.02964599609375
2 0.11581878662109375 0.5792041015625 0.029425048828125 0.02396514892578125
2 0.1472216796875 0.5936918640136719 0.02984130859375 0.02323516845703125
2 0.19103912353515626 0.6217919921875 0.01393798828125 0.0365478515625
2 0.15502655029296875 0.5230096435546875 0.0288861083984375 0.02240692138671875
2 0.0411505126953125 0.4598451232910156 0.035841064453125 0.027802734375
2 0.0733404541015625 0.4387165832519531 0.0356195068359375 0.02731781005859375
2 0.251376953125 0.6930210876464844 0.0253204345703125 0.01982177734375
2 0.2600009155273437 0.6814967346191406 0.0259893798828125 0.020986328125
2 0.2867718505859375 0.6222665405273438 0.027454833984375 0.021383056640625
2 0.29342987060546877 0.6093353271484375 0.0308453369140625 0.02307098388671875
2 0.2718511962890625 0.6507807922363281 0.027454833984375 0.021383056640625
2 0.26356201171875 0.6655352783203125 0.027454833984375 0.021383056640625
2 0.37931304931640625 0.6466807556152344 0.0298468017578125 0.023282470703125
2 0.371983642578125 0.6608935546875 0.027454833984375 0.021383056640625
2 0.3136557006835938 0.5738578796386719 0.028524169921875 0.02215087890625
2 0.32095672607421877 0.559197998046875 0.0288690185546875 0.02218841552734375
2 0.3040399169921875 0.5882807922363281 0.028524169921875 0.02215087890625
2 0.33023406982421877 0.5416958618164063 0.0285247802734375 0.02215087890625
2 0.33902008056640626 0.5277705383300781 0.028524169921875 0.02215087890625
2 0.3440005493164062 0.5097943115234375 0.0288690185546875 0.02218841552734375
2 0.36273345947265623 0.4827716064453125 0.0288690185546875 0.022188720703125
2 0.3756988525390625 0.4603199768066406 0.030264892578125 0.0236566162109375
2 0.38803009033203123 0.442833251953125 0.0303057861328125 0.02348480224609375
2 0.401236572265625 0.41323394775390626 0.03030517578125 0.023485107421875
2 0.420789794921875 0.3822737121582031 0.0336474609375 0.0251031494140625
3 0.42975860595703125 0.4435333251953125 0.046220703125 0.0469964599609375
2 0.4298971557617188 0.3677020263671875 0.0336474609375 0.0251031494140625
2 0.4453799438476562 0.33855743408203126 0.0336474609375 0.0251025390625
2 0.464903564453125 0.31237274169921875 0.0312548828125 0.02325103759765625
2 0.47583282470703125 0.2971177673339844 0.0312548828125 0.02325103759765625
2 0.4882989501953125 0.2869865417480469 0.035697021484375 0.026671142578125
2 0.50607421875 0.2671234130859375 0.03930908203125 0.02722869873046875
2 0.5264913940429687 0.22558013916015626 0.0364996337890625 0.025341796875
2 0.53478759765625 0.20995132446289064 0.039520263671875 0.030006103515625
2 0.5147650146484375 0.2547019958496094 0.0364996337890625 0.02534210205078125
2 0.5420089721679687 0.28847930908203123 0.0396929931640625 0.0268670654296875
2 0.536429443359375 0.3071490478515625 0.040172119140625 0.0282330322265625
2 0.5763705444335937 0.229326171875 0.041173095703125 0.029244384765625
2 0.39178558349609377 0.6139834594726562 0.0371600341796875 0.0271539306640625
2 0.3997128295898438 0.59894287109375 0.0371600341796875 0.0271539306640625
2 0.42172454833984374 0.572073974609375 0.0261248779296875 0.02089263916015625
2 0.42750579833984376 0.5571067810058594 0.034420166015625 0.02559539794921875
2 0.44223785400390625 0.526138916015625 0.0269061279296875 0.02181427001953125
2 0.46866058349609374 0.48142333984375 0.02690673828125 0.0218145751953125
2 0.450406494140625 0.5110771179199218 0.0308941650390625 0.02444976806640625
2 0.4594549560546875 0.4972189331054688 0.035169677734375 0.02710784912109375
2 0.6286788940429687 0.4150727844238281 0.0367578125 0.02819549560546875
2 0.6206964111328125 0.4316334533691406 0.0366668701171875 0.0302520751953125
2 0.7125576782226563 0.28615493774414064 0.0318963623046875 0.0264801025390625
2 0.7211557006835938 0.2722657775878906 0.0318963623046875 0.0264801025390625
2 0.739012451171875 0.23853591918945313 0.0318963623046875 0.0264801025390625
2 0.7448226928710937 0.22292617797851563 0.0329339599609375 0.02703125
2 0.7538021850585938 0.2041998291015625 0.038690185546875 0.0294720458984375
2 0.7622921752929688 0.19024749755859374 0.0328204345703125 0.026251220703125
2 0.7286700439453125 0.2531414794921875 0.0386907958984375 0.02947174072265625
2 0.7874444580078125 0.14579849243164061 0.034898681640625 0.036304931640625
2 0.756448974609375 0.14103851318359376 0.0314154052734375 0.04092254638671875
2 0.5850009155273438 0.301063232421875 0.040372314453125 0.02945465087890625
2 0.5904931640625 0.2851255798339844 0.0364996337890625 0.02534210205078125
2 0.5965969848632813 0.27154571533203126 0.0364996337890625 0.02534210205078125
2 0.6058551025390625 0.258648681640625 0.0364996337890625 0.02534210205078125
2 0.6121389770507812 0.2424449157714844 0.0364996337890625 0.025341796875
2 0.555740966796875 0.26117233276367186 0.0387310791015625 0.0292425537109375
2 0.6215399169921875 0.2292510986328125 0.04135986328125 0.02959228515625
2 0.6284841918945312 0.21503189086914062 0.0413604736328125 0.02959259033203125
2 0.6354290771484375 0.20279632568359374 0.04135986328125 0.02959259033203125
2 0.642373046875 0.18857666015625 0.04135986328125 0.02959228515625
2 0.5990533447265625 0.18262451171875 0.04135986328125 0.02959228515625
2 0.6165792846679687 0.16410568237304687 0.04135986328125 0.02959259033203125
2 0.6527780151367187 0.17294998168945314 0.038359375 0.0277801513671875
2 0.6593923950195313 0.16104507446289062 0.038359375 0.0277801513671875
2 0.5798727416992188 0.14558746337890624 0.04135986328125 0.02959259033203125
2 0.588470458984375 0.1326904296875 0.0413604736328125 0.02959228515625
2 0.6274923706054687 0.13070648193359374 0.04135986328125 0.02959228515625
2 0.6674929809570312 0.14682510375976562 0.0367059326171875 0.0280047607421875
2 0.6755960083007813 0.13293670654296874 0.038359375 0.02778045654296875
2 0.5202078247070312 0.24079147338867188 0.0364996337890625 0.025341796875
2 0.6835321044921875 0.11838607788085938 0.0383599853515625 0.02778045654296875
2 0.6901455688476562 0.104827880859375 0.0383599853515625 0.02777984619140625
2 0.698082275390625 0.0902777099609375 0.0383599853515625 0.02778045654296875
2 0.656085205078125 0.0843255615234375 0.0383599853515625 0.02777984619140625
2 0.6636907958984375 0.07109817504882812 0.0383599853515625 0.02778045654296875
2 0.6464950561523437 0.10218246459960938 0.0383599853515625 0.02778045654296875
2 0.7037042236328125 0.07209014892578125 0.038359375 0.02778045654296875
2 0.7356155395507813 0.016369171142578125 0.033399658203125 0.02659698486328125
2 0.7188418579101562 0.04216171264648438 0.032259521484375 0.02480316162109375
2 0.7271087646484375 0.0302569580078125 0.032259521484375 0.024803466796875
2 0.7142117309570313 0.059688262939453125 0.032259521484375 0.02480316162109375
2 0.7442129516601562 0.006672706604003906 0.033399658203125 0.017762603759765624
2 0.6491757202148437 0.0148468017578125 0.032791748046875 0.0258624267578125
2 0.68964111328125 0.016636505126953124 0.03735107421875 0.0288958740234375
2 0.6356170654296875 0.04361679077148437 0.032791748046875 0.02586181640625
2 0.629334716796875 0.05915908813476563 0.032791748046875 0.0258624267578125
2 0.6217279052734375 0.07304794311523438 0.032791748046875 0.02586212158203125
2 0.6114764404296875 0.08792877197265625 0.032791748046875 0.02586212158203125
2 0.683896484375 0.0310504150390625 0.032791748046875 0.02586212158203125
2 0.6764691162109375 0.04979507446289062 0.03349365234375 0.02739410400390625
2 0.641416015625 0.028961639404296875 0.03349365234375 0.02739410400390625
2 0.713880615234375 0.3215388488769531 0.031895751953125 0.0264801025390625
2 0.863841552734375 0.07076934814453124 0.012396240234375 0.0290960693359375
2 0.8466464233398437 0.06283309936523437 0.0123956298828125 0.0290960693359375
2 0.8324264526367188 0.0568804931640625 0.0123956298828125 0.0290960693359375
2 0.80640380859375 0.055240478515625 0.0261444091796875 0.0356829833984375
2 0.879384765625 0.07870590209960937 0.0123956298828125 0.0290960693359375
2 0.8936044311523438 0.08465835571289063 0.0123956298828125 0.0290960693359375
2 0.9084848022460937 0.09193328857421874 0.0123956298828125 0.0290960693359375
2 0.9527972412109375 0.11309738159179687 0.012396240234375 0.0290960693359375
2 0.921051025390625 0.0965631103515625 0.01239501953125 0.0290960693359375
2 0.9392388916015625 0.10648406982421875 0.012396240234375 0.0290960693359375
2 0.96635498046875 0.1226873779296875 0.0123956298828125 0.0290960693359375
2 0.980574951171875 0.13227752685546876 0.0123956298828125 0.0290960693359375
2 0.9951248168945312 0.13822952270507813 0.0123956298828125 0.0290960693359375
2 0.96345947265625 0.050595550537109374 0.018848876953125 0.037576904296875
2 0.9464950561523438 0.04341964721679688 0.0166693115234375 0.03551513671875
2 0.9281475830078125 0.03772430419921875 0.0170074462890625 0.04029266357421875
2 0.89306884765625 0.0193597412109375 0.016297607421875 0.03337127685546875
2 0.8752127075195313 0.013648223876953126 0.0162969970703125 0.02810882568359375
2 0.9102651977539062 0.0266351318359375 0.0162969970703125 0.03337066650390625
2 0.9830950927734375 0.06870742797851563 0.0190997314453125 0.0398345947265625
2 0.98974853515625 0.1714617919921875 0.0145709228515625 0.02943115234375
2 0.9751986694335938 0.1645172119140625 0.0145709228515625 0.02943115234375
2 0.9487442016601563 0.14368423461914062 0.0145709228515625 0.02943115234375
2 0.96230224609375 0.15558837890625 0.0145709228515625 0.02943115234375
2 0.9186572265625 0.13251434326171874 0.0132147216796875 0.0289178466796875
2 0.9041070556640625 0.12490859985351563 0.0132147216796875 0.0289178466796875
2 0.8740145874023437 0.11135040283203125 0.0132147216796875 0.0289178466796875
2 0.8893853759765625 0.11541015625 0.0122552490234375 0.029761962890625
2 0.8584725952148438 0.10242172241210938 0.0132147216796875 0.0289178466796875
2 0.830853271484375 0.0891204833984375 0.012235107421875 0.0274468994140625
2 0.8447427368164062 0.09507278442382812 0.0122625732421875 0.0300927734375
2 0.9369549560546875 0.13712112426757814 0.015911865234375 0.02953369140625
2 0.8588339233398438 0.17586837768554686 0.026822509765625 0.03119964599609375
2 0.9042880249023437 0.20440582275390626 0.0237164306640625 0.02769622802734375
2 0.9785440063476563 0.24225814819335936 0.0270379638671875 0.03400146484375
2 0.9957012939453125 0.2534724426269531 0.026279296875 0.03075439453125
2 0.9620657348632813 0.3517774963378906 0.0269268798828125 0.02300018310546875
2 0.969345703125 0.9868930053710937 0.036473388671875 0.0266461181640625
2 0.9812167358398437 0.957220458984375 0.0367010498046875 0.027957763671875
2 0.9891644287109375 0.9428146362304688 0.0303369140625 0.0242498779296875
2 0.9569647216796875 0.9265009689331055 0.0375445556640625 0.028045501708984375
2 0.9506661987304688 0.9408303833007813 0.02934326171875 0.0235357666015625
2 0.9435171508789062 0.9546951293945313 0.02934326171875 0.0235357666015625
2 0.9380279541015625 0.9706378173828125 0.026934814453125 0.022330322265625
2 0.9725955200195312 0.9724871826171875 0.0286639404296875 0.02383056640625
2 0.9794192504882813 0.8856153869628907 0.0368035888671875 0.0277294921875
2 0.9937176513671875 0.8576690673828125 0.0368035888671875 0.0277294921875
2 0.9865679931640625 0.8729415893554687 0.034522705078125 0.02577972412109375
2 0.0077056884765625 0.971702880859375 0.0195037841796875 0.0349407958984375
2 0.01951629638671875 0.9782275390625 0.02445556640625 0.030765380859375
2 0.0593402099609375 0.8415364074707031 0.02698974609375 0.0338153076171875
2 0.071458740234375 0.8499978637695312 0.023668212890625 0.02879669189453125
2 0.08720672607421875 0.8559034729003906 0.023668212890625 0.02879669189453125
2 0.11476593017578125 0.8718971252441406 0.023668212890625 0.02879669189453125
2 0.10092437744140625 0.8641741943359375 0.0225604248046875 0.02696044921875
2 0.1282586669921875 0.8765657043457031 0.026201171875 0.03427093505859375
2 0.1428253173828125 0.8862202453613282 0.0263018798828125 0.0342523193359375
2 0.15585845947265625 0.8950274658203125 0.0236676025390625 0.02879638671875
2 0.13986358642578126 0.9218484878540039 0.023668212890625 0.028796844482421875
2 0.072689208984375 0.88370849609375 0.0236676025390625 0.02879638671875
2 0.08720703125 0.8903521728515625 0.023668212890625 0.02879669189453125
2 0.113544921875 0.9066439819335937 0.026302490234375 0.03425323486328125
2 0.12608489990234376 0.914466552734375 0.0236676025390625 0.02879638671875
2 0.01486419677734375 0.8539347839355469 0.023668212890625 0.02879669189453125
2 0.03244110107421875 0.8579289245605469 0.0263983154296875 0.0336505126953125
2 0.05817169189453125 0.8763264465332031 0.023668212890625 0.02879669189453125
2 0.0457843017578125 0.8672056579589844 0.0226080322265625 0.025810546875
2 0.06331573486328125 0.9669082641601563 0.0244561767578125 0.030765380859375
2 0.03297393798828125 0.984517822265625 0.0246087646484375 0.0310443115234375
2 0.02197723388671875 0.9413177490234375 0.0244561767578125 0.0307659912109375
2 0.0490435791015625 0.956573486328125 0.0244561767578125 0.030765380859375
2 0.09013580322265625 0.98265625 0.0244561767578125 0.030765380859375
2 0.07656585693359375 0.9732614135742188 0.0229046630859375 0.0282159423828125
2 0.03378814697265625 0.9506683349609375 0.0244561767578125 0.0307659912109375
2 0.345626220703125 0.7447470092773437 0.017152099609375 0.0250140380859375
2 0.384371337890625 0.7533851623535156 0.0195452880859375 0.02967926025390625
2 0.36593994140625 0.7401947021484375 0.017900390625 0.03461944580078125
2 0.44965057373046874 0.7862747192382813 0.0382379150390625 0.025809326171875
2 0.3853167724609375 0.7875088500976563 0.0248211669921875 0.030042724609375
2 0.369532470703125 0.7808749389648437 0.027230224609375 0.0336016845703125
2 0.40235382080078125 0.7953619384765624 0.023336181640625 0.028057861328125
2 0.416505126953125 0.8022232055664062 0.023336181640625 0.02805816650390625
2 0.42915496826171873 0.8120860290527344 0.023336181640625 0.02805816650390625
2 0.4544976806640625 0.8361045837402343 0.0233416748046875 0.02847747802734375
2 0.47171356201171877 0.8371659851074219 0.0236163330078125 0.029356689453125
2 0.4850070190429687 0.8465998840332031 0.02361572265625 0.0293560791015625
2 0.500921630859375 0.8480793762207032 0.022855224609375 0.02819061279296875
2 0.5126654052734375 0.8586067199707031 0.02361572265625 0.0293560791015625
2 0.5407379150390625 0.8772515869140625 0.0248712158203125 0.0312432861328125
2 0.528302001953125 0.8652447509765625 0.027528076171875 0.03537750244140625
2 0.5548886108398438 0.8860420227050781 0.024871826171875 0.031243896484375
2 0.5696826171875 0.88947265625 0.0248712158203125 0.0312432861328125
2 0.5842623901367188 0.8964407348632812 0.022298583984375 0.02742706298828125
2 0.6122430419921875 0.9095198059082031 0.023370361328125 0.02939971923828125
2 0.6386151123046875 0.926886863708496 0.0233709716796875 0.029400177001953125
2 0.6248666381835938 0.9199470138549805 0.02604736328125 0.03231796264648437
2 0.6821401977539062 0.9481133651733399 0.023370361328125 0.029399566650390625
2 0.740458984375 0.9800601196289063 0.0233709716796875 0.029400634765625
2 0.7239495849609375 0.9727700805664062 0.0233709716796875 0.029400634765625
2 0.7790524291992188 0.9859564208984375 0.0280877685546875 0.0384661865234375
2 0.4809176635742187 0.8074615478515625 0.031732177734375 0.0216619873046875
2 0.5075405883789063 0.8169351196289063 0.0382379150390625 0.025809326171875
2 0.539022216796875 0.8372640991210938 0.031732177734375 0.02166259765625
2 0.5229409790039062 0.8280442810058594 0.0317327880859375 0.02166229248046875
2 0.566573486328125 0.8447683715820312 0.041380615234375 0.025745849609375
2 0.5776156616210938 0.8561320495605469 0.0317327880859375 0.02166229248046875
2 0.6334686279296875 0.8879713439941406 0.030660400390625 0.02074737548828125
2 0.6158798217773438 0.8775115966796875 0.03110595703125 0.0224224853515625
2 0.5973410034179687 0.8692112731933593 0.031732177734375 0.0216619873046875
2 0.6528131103515625 0.8964472961425781 0.0327105712890625 0.02057037353515625
2 0.6660589599609374 0.9089834594726562 0.030660400390625 0.02074737548828125
2 0.7103012084960938 0.9301617431640625 0.0376690673828125 0.02327392578125
2 0.9322933959960937 0.46096221923828123 0.021990966796875 0.029017333984375
5 0.042591552734375 0.48228271484375 0.034381103515625 0.0267449951171875
5 0.12065521240234375 0.3069853210449219 0.047459716796875 0.0674395751953125
2 0.04661712646484375 0.994476318359375 0.0244561767578125 0.0307659912109375
2 0.006950759887695312 0.9373892211914062 0.01741973876953125 0.0307659912109375
2 0.3997491455078125 0.7598957824707031 0.0140185546875 0.0299798583984375
2 0.35385833740234374 0.7734297180175781 0.027230224609375 0.0336016845703125
2 0.13650726318359374 0.6286125183105469 0.02984130859375 0.02323516845703125
2 0.27995635986328127 0.6376316833496094 0.0329437255859375 0.02605682373046875
2 0.432664794921875 0.5428208923339843 0.034420166015625 0.02559539794921875
2 0.41199005126953125 0.5854632568359375 0.0291937255859375 0.02489501953125
2 0.3922158813476562 0.4302207946777344 0.031424560546875 0.02490081787109375
2 0.4524200439453125 0.3256890869140625 0.0312548828125 0.02325103759765625
2 0.4354315185546875 0.35437164306640623 0.0330047607421875 0.02620361328125
2 0.4133489990234375 0.39912322998046873 0.036793212890625 0.0276116943359375
2 0.0852386474609375 0.4293701171875 0.0288861083984375 0.02240692138671875
2 0.9450204467773438 0.3832463073730469 0.0269268798828125 0.02300018310546875
2 0.9301605224609375 0.4234562683105469 0.0269268798828125 0.02300018310546875
2 0.9296282958984375 0.9874588012695312 0.02934326171875 0.0235357666015625
