2 0.05933089256286621 0.23186691284179686 0.016684474945068358 0.0171875
2 0.06689671516418456 0.2516038513183594 0.016684417724609376 0.01718719482421875
2 0.08010664939880371 0.29136505126953127 0.014818477630615234 0.0199017333984375
2 0.12229323387145996 0.38718017578125 0.016614437103271484 0.0228839111328125
2 0.12992125511169433 0.403912353515625 0.0166145133972168 0.0228839111328125
2 0.1338583278656006 0.413262939453125 0.0166145133972168 0.0228839111328125
2 0.13976386070251465 0.421875 0.0166145133972168 0.0228839111328125
2 0.15969488143920899 0.4575541687011719 0.01661449432373047 0.0228839111328125
2 0.26110292434692384 0.7963931274414062 0.008247337341308593 0.0182037353515625
2 0.2898268699645996 0.8157817077636719 0.020352745056152345 0.01998809814453125
2 0.2450774574279785 0.8987173461914062 0.01599254608154297 0.0193914794921875
2 0.2519392013549805 0.9049822998046875 0.015992507934570313 0.0193914794921875
2 0.26029232025146487 0.9100537109375 0.015992584228515624 0.0193914794921875
2 0.26804897308349607 0.91751220703125 0.015992507934570313 0.0193914794921875
2 0.2755072402954102 0.9198989868164062 0.015992507934570313 0.0193914794921875
2 0.3309964370727539 0.8996124267578125 0.016408309936523438 0.00925323486328125
2 0.408204231262207 0.8945703125 0.018675537109375 0.02482086181640625
2 0.4227326965332031 0.9558474731445312 0.017059173583984375 0.02565673828125
2 0.33174217224121094 0.9090095520019531 0.016706466674804688 0.0071600341796875
2 0.33174217224121094 0.9182577514648438 0.016706466674804688 0.0071600341796875
2 0.3326371383666992 0.9269091796875 0.016706390380859373 0.00715972900390625
2 0.3320404815673828 0.9349641418457031 0.016706390380859373 0.00715972900390625
2 0.333830451965332 0.9460015869140626 0.016706390380859373 0.007159423828125
2 0.334725456237793 0.9552499389648438 0.016706466674804688 0.0071600341796875
2 0.33532211303710935 0.963006591796875 0.016706466674804688 0.0071600341796875
2 0.2959427261352539 0.9644985961914062 0.016706466674804688 0.007159423828125
2 0.2968376922607422 0.9728518676757812 0.016706466674804688 0.007159423828125
2 0.2971360397338867 0.982099609375 0.01670642852783203 0.0071600341796875
2 0.2974343681335449 0.9931378173828125 0.01670642852783203 0.0071600341796875
