2 0.4998298645019531 0.05006804943084717 0.02879669189453125 0.02656675338745117
2 0.4982972717285156 0.09213212013244629 0.02554595947265625 0.024182605743408202
2 0.5001704406738281 0.11239771842956543 0.02731048583984375 0.02520437240600586
2 0.500340576171875 0.13232293128967285 0.02978118896484375 0.0269073486328125
2 0.5016702270507812 0.14911184310913086 0.02901641845703125 0.026708106994628906
2 0.5034695434570312 0.18930746078491212 0.028143310546875 0.026017303466796874
2 0.5026919555664062 0.23255867004394531 0.0290167236328125 0.026708145141601563
2 0.5015327453613281 0.17115123748779296 0.0292913818359375 0.025575332641601563
2 0.5051089477539062 0.2535762405395508 0.0351947021484375 0.03167591094970703
2 0.5583195495605469 0.022469186633825303 0.0297857666015625 0.025225163102149964
2 0.5624737548828125 0.06379548549652099 0.029344482421875 0.026360044479370116
2 0.5910169982910156 0.10557553291320801 0.0297857666015625 0.025225143432617187
2 0.5927871704101563 0.14315542221069336 0.02934417724609375 0.02635986328125
2 0.5920390319824219 0.0844582462310791 0.0297857666015625 0.025225143432617187
2 0.5624067687988281 0.12294604301452637 0.0297857666015625 0.02522510528564453
2 0.5610443115234375 0.1025101375579834 0.0297857666015625 0.02522512435913086
2 0.5671749877929687 0.14440380096435546 0.02978607177734375 0.025225181579589844
2 0.5658323669433594 0.16386821508407592 0.02804718017578125 0.02512444496154785
2 0.5678564453125 0.1845945930480957 0.0297857666015625 0.025225181579589844
2 0.5641098022460938 0.19992155075073242 0.0297857666015625 0.025225181579589844
2 0.5883119201660156 0.219385986328125 0.02804718017578125 0.02512443542480469
2 0.5914949035644531 0.1633685326576233 0.03006072998046875 0.026123876571655272
2 0.5931275939941406 0.183345947265625 0.02934417724609375 0.02635986328125
2 0.5931275939941406 0.20412248611450196 0.029344482421875 0.026359939575195314
2 0.6537806701660156 0.12193458557128906 0.02794708251953125 0.02588563919067383
2 0.6495445251464844 0.10608104705810546 0.02454986572265625 0.022170162200927733
2 0.6568463134765625 0.178474063873291 0.02794708251953125 0.0258856201171875
2 0.6534402465820313 0.24318803787231447 0.02794708251953125 0.0258856201171875
2 0.6799137878417969 0.16007143259048462 0.0297857666015625 0.025225143432617187
2 0.6816166687011719 0.2203575325012207 0.0297857666015625 0.025225181579589844
2 0.650374755859375 0.1638283348083496 0.02794708251953125 0.0258856201171875
2 0.9246385192871094 0.43141143798828124 0.02780670166015625 0.0156005859375
2 0.9747201538085938 0.4760445785522461 0.02721771240234375 0.030549468994140624
