2 0.10799224853515625 0.9679959106445313 0.0306634521484375 0.0236309814453125
2 0.115867919921875 0.9547589111328125 0.0306634521484375 0.0236309814453125
2 0.12348052978515625 0.9404521179199219 0.0298504638671875 0.023330078125
2 0.18791961669921875 0.8284185791015625 0.0306634521484375 0.0236309814453125
2 0.19417449951171875 0.8152033996582031 0.03457275390625 0.026519775390625
2 0.17490478515625 0.8577635192871094 0.03457275390625 0.026519775390625
2 0.147884521484375 0.9901152038574219 0.0296826171875 0.02346099853515625
2 0.15524505615234374 0.9772119140625 0.0288092041015625 0.02312347412109375
2 0.164156494140625 0.9656741333007812 0.0267047119140625 0.0207098388671875
2 0.16932037353515625 0.9540882873535156 0.028809814453125 0.023123779296875
2 0.1765252685546875 0.9400138854980469 0.0288092041015625 0.02312347412109375
2 0.1852374267578125 0.9276138305664062 0.0288092041015625 0.02312347412109375
2 0.19177337646484374 0.9147117614746094 0.028809814453125 0.023123779296875
2 0.19948028564453124 0.902144775390625 0.028809814453125 0.02312347412109375
2 0.20735626220703124 0.8877346801757813 0.028809814453125 0.023123779296875
2 0.21372314453125 0.8760049438476563 0.028809814453125 0.023123779296875
2 0.2213043212890625 0.8626971435546875 0.027802734375 0.02292999267578125
2 0.249078369140625 0.8123326110839844 0.028809814453125 0.02312347412109375
2 0.2556140899658203 0.799095458984375 0.02881072998046875 0.023123779296875
2 0.24254356384277342 0.8237265014648437 0.02880950927734375 0.02312347412109375
2 0.23483604431152344 0.8362939453125 0.02880950927734375 0.023123779296875
2 0.2283013916015625 0.849195556640625 0.0288092041015625 0.02312347412109375
2 0.2628179931640625 0.78736572265625 0.02880859375 0.0231231689453125
2 0.11804901123046875 0.7859429931640625 0.0306683349609375 0.023623046875
2 0.10192840576171874 0.8126109313964843 0.0275836181640625 0.02122650146484375
2 0.22042572021484375 0.7758042907714844 0.0288092041015625 0.02312347412109375
2 0.23455718994140626 0.7486820983886718 0.03457244873046875 0.026519775390625
2 0.272369384765625 0.7739608764648438 0.028809814453125 0.02312347412109375
2 0.2801617431640625 0.7587135314941407 0.028819580078125 0.02318328857421875
2 0.2876177978515625 0.7454762268066406 0.028809814453125 0.02312347412109375
2 0.2509220886230469 0.7223526000976562 0.02881011962890625 0.023123779296875
2 0.300389404296875 0.7155995178222656 0.031260986328125 0.02469696044921875
2 0.3156353759765625 0.6876170349121093 0.031260986328125 0.02469696044921875
2 0.308096923828125 0.704708251953125 0.03126220703125 0.024697265625
2 0.3246673583984375 0.6768218994140625 0.025933837890625 0.0215399169921875
2 0.29366943359375 0.7321171569824219 0.0259326171875 0.021539306640625
2 0.2818231201171875 0.6641178894042968 0.02985107421875 0.0236114501953125
2 0.2642291259765625 0.6934416198730469 0.02985107421875 0.0236114501953125
2 0.329669189453125 0.66532958984375 0.02595947265625 0.0213427734375
2 0.339595947265625 0.6504818725585938 0.025037841796875 0.02041717529296875
2 0.3458447265625 0.6380697631835938 0.0237939453125 0.019478759765625
2 0.35754150390625 0.6130740356445312 0.027078857421875 0.0202545166015625
2 0.363016357421875 0.5996678161621094 0.027640380859375 0.020504150390625
2 0.3699114990234375 0.5846615600585937 0.029031982421875 0.02119964599609375
2 0.3796929931640625 0.5553787231445313 0.030806884765625 0.02362579345703125
2 0.3754156494140625 0.5703445434570312 0.027640380859375 0.02050384521484375
2 0.347353515625 0.5578082275390625 0.02111572265625 0.0291552734375
6 0.2004022216796875 0.43473526000976564 0.0211126708984375 0.022620697021484375
6 0.18917572021484375 0.4560154724121094 0.0211126708984375 0.02262054443359375
2 0.36174560546875 0.0177008056640625 0.0289892578125 0.02300018310546875
2 0.3994122314453125 0.01432403564453125 0.027991943359375 0.022069854736328123
2 0.3916070556640625 0.0291375732421875 0.03287353515625 0.0272259521484375
2 0.5476080322265625 0.014608020782470704 0.025968017578125 0.03141319274902344
2 0.5616876220703125 0.01896186828613281 0.0235888671875 0.03141326904296875
2 0.573079833984375 0.026855621337890625 0.023421630859375 0.030924530029296876
2 0.5869964599609375 0.03426116943359375 0.01995361328125 0.02945953369140625
2 0.613118896484375 0.046468353271484374 0.021669921875 0.030110626220703124
2 0.6002606201171875 0.039632110595703124 0.021669921875 0.030110931396484374
2 0.4926263427734375 0.026947708129882814 0.026134033203125 0.034441986083984376
2 0.5054693603515625 0.03273643493652344 0.026134033203125 0.034441986083984376
2 0.5170465087890626 0.041419601440429686 0.026134033203125 0.03444183349609375
2 0.5293475341796875 0.049559707641601565 0.026134033203125 0.03444183349609375
2 0.5919390869140625 0.07904624938964844 0.026134033203125 0.034441986083984376
2 0.5783428955078125 0.06972976684570313 0.02607666015625 0.03327285766601563
2 0.5445428466796876 0.056976699829101564 0.026134033203125 0.03444183349609375
2 0.6204766845703125 0.09148399353027344 0.02709228515625 0.03646148681640625
2 0.6329718017578125 0.10166572570800782 0.025072021484375 0.03403228759765625
2 0.5573040771484375 0.06627220153808594 0.029024658203125 0.029816436767578124
2 0.5096710205078125 0.0645904541015625 0.02588134765625 0.021866607666015624
2 0.535179443359375 0.07985733032226562 0.02875244140625 0.023533935546875
2 0.4846234130859375 0.05101280212402344 0.026409912109375 0.021726226806640624
2 0.5625408935546875 0.09352134704589844 0.0284814453125 0.022979583740234375
2 0.5908099365234375 0.10980476379394531 0.027857666015625 0.022317352294921874
2 0.5172955322265625 0.08829078674316407 0.02952392578125 0.022225799560546874
2 0.6260858154296876 0.14182357788085936 0.0271337890625 0.02087158203125
2 0.5716357421875 0.11866867065429687 0.0271337890625 0.02087158203125
2 0.5980462646484375 0.13133140563964843 0.027135009765625 0.020872039794921873
2 0.5454058837890625 0.10383506774902344 0.027135009765625 0.020872039794921873
2 0.472681884765625 0.09179763793945313 0.023421630859375 0.03092437744140625
2 0.45839111328125 0.08564727783203124 0.023421630859375 0.030924530029296876
2 0.487877197265625 0.1012042236328125 0.023421630859375 0.03092437744140625
2 0.51736328125 0.116761474609375 0.023421630859375 0.030924530029296876
2 0.5309320068359376 0.12291168212890625 0.023421630859375 0.030924530029296876
2 0.54540283203125 0.13249954223632812 0.023421630859375 0.030924530029296876
2 0.559512939453125 0.13883102416992188 0.023421630859375 0.030924530029296876
2 0.5893603515625 0.1531219482421875 0.023421630859375 0.03092437744140625
2 0.603470458984375 0.1610809326171875 0.023421630859375 0.030924530029296876
2 0.619932861328125 0.16741279602050782 0.023421630859375 0.030924530029296876
2 0.4441143798828125 0.11421356201171876 0.0216357421875 0.02899017333984375
2 0.4584344482421875 0.12074020385742187 0.0215771484375 0.028960723876953125
2 0.4763140869140625 0.12904693603515624 0.0216357421875 0.028990020751953127
2 0.487197265625 0.13792556762695313 0.0215771484375 0.028960723876953125
2 0.501212158203125 0.14392341613769533 0.022178955078125 0.0282586669921875
2 0.5142388916015626 0.15034782409667968 0.02217529296875 0.02835723876953125
2 0.52671875 0.15767127990722657 0.022178955078125 0.0282586669921875
2 0.53899169921875 0.16523452758789062 0.022235107421875 0.028250274658203126
2 0.5533123779296875 0.169703369140625 0.02217529296875 0.02835693359375
2 0.5648870849609375 0.1739521026611328 0.022178955078125 0.028258514404296876
2 0.57809326171875 0.18281639099121094 0.022178955078125 0.028258514404296876
2 0.6028765869140625 0.19710731506347656 0.022178955078125 0.028259124755859375
2 0.48299560546875 0.16208396911621092 0.031114501953125 0.023013916015625
2 0.5121197509765625 0.17709846496582032 0.02894287109375 0.021683502197265624
2 0.540782470703125 0.1912962341308594 0.02656982421875 0.02062713623046875
2 0.4214361572265625 0.15513870239257813 0.022178955078125 0.02825836181640625
2 0.4340008544921875 0.16384223937988282 0.02237548828125 0.028863983154296877
2 0.4444097900390625 0.1730475616455078 0.022178955078125 0.028258819580078125
2 0.457587890625 0.17771682739257813 0.022235107421875 0.028250274658203126
2 0.469708251953125 0.1849529266357422 0.02223388671875 0.028249664306640623
2 0.4831231689453125 0.18950950622558593 0.022178955078125 0.028258819580078125
2 0.49524169921875 0.1967449188232422 0.022178955078125 0.028258514404296876
2 0.5190887451171875 0.20929206848144533 0.0229931640625 0.0294989013671875
2 0.5305572509765625 0.21594192504882812 0.021014404296875 0.026131591796875
2 0.543179931640625 0.22406044006347656 0.022178955078125 0.028259124755859375
2 0.5064300537109375 0.20394721984863282 0.02223388671875 0.028249359130859374
2 0.5679632568359375 0.2367235565185547 0.022178955078125 0.028258819580078125
2 0.580313720703125 0.2425885009765625 0.02242431640625 0.0284124755859375
2 0.4053839111328125 0.18210456848144532 0.0231689453125 0.028419647216796875
2 0.4160595703125 0.19145469665527343 0.022801513671875 0.028631744384765626
2 0.4267236328125 0.19707305908203124 0.023902587890625 0.0307818603515625
2 0.4418634033203125 0.2030072784423828 0.02365478515625 0.030491485595703124
2 0.454345703125 0.21078544616699219 0.02365478515625 0.030491485595703124
2 0.4682745361328125 0.21675514221191405 0.02365478515625 0.030491485595703124
2 0.481661376953125 0.2230866241455078 0.02365478515625 0.030491485595703124
2 0.5168243408203125 0.24357826232910157 0.023154296875 0.030338287353515625
2 0.5048150634765625 0.23611122131347656 0.02365478515625 0.030491485595703124
2 0.492344970703125 0.2300098419189453 0.023994140625 0.031116790771484375
2 0.5416064453125 0.25551773071289063 0.023154296875 0.03033843994140625
2 0.5549237060546875 0.2619792938232422 0.02365478515625 0.030491485595703124
2 0.568436279296875 0.269515380859375 0.022183837890625 0.0305291748046875
2 0.3219970703125 0.19735870361328126 0.03219970703125 0.024383544921875
2 0.328599853515625 0.18433441162109376 0.027315673828125 0.02134307861328125
2 0.3454437255859375 0.1575439453125 0.03197998046875 0.02474822998046875
2 0.31358642578125 0.21327804565429687 0.027315673828125 0.02134368896484375
2 0.35315673828125 0.14601051330566406 0.027406005859375 0.02219757080078125
2 0.358809814453125 0.13368309020996094 0.027315673828125 0.021343231201171875
2 0.3778167724609375 0.23992874145507812 0.02294677734375 0.0308160400390625
2 0.390660400390625 0.24716415405273437 0.02294677734375 0.0308160400390625
2 0.4042279052734375 0.2524105072021484 0.02294677734375 0.03081573486328125
2 0.4185186767578125 0.2583800506591797 0.02294677734375 0.03081573486328125
2 0.471328125 0.2869031524658203 0.02435546875 0.033466033935546875
2 0.4573992919921875 0.2809333038330078 0.023582763671875 0.031656951904296876
2 0.444385986328125 0.2721278381347656 0.02294677734375 0.0308160400390625
2 0.432086181640625 0.26525413513183593 0.02294677734375 0.03081573486328125
2 0.4847149658203125 0.2932343292236328 0.02435546875 0.033466033935546875
2 0.49755859375 0.302098388671875 0.02435546875 0.03346588134765625
2 0.5109442138671875 0.3084298706054687 0.02435546875 0.03346588134765625
2 0.5243304443359375 0.31421852111816406 0.02435546875 0.033466033935546875
2 0.537174072265625 0.32109230041503906 0.02435546875 0.033466033935546875
2 0.36387451171875 0.27152626037597655 0.02435546875 0.033466033935546875
2 0.375113525390625 0.2792623901367188 0.020513916015625 0.02523040771484375
2 0.3901287841796875 0.2855937957763672 0.020513916015625 0.025230255126953125
2 0.4020672607421875 0.29228713989257815 0.020513916015625 0.02523040771484375
2 0.4152734375 0.29898048400878907 0.020513916015625 0.025230255126953125
2 0.426307373046875 0.30639694213867186 0.020513916015625 0.0252301025390625
2 0.43894775390625 0.31204795837402344 0.023582763671875 0.031656951904296876
2 0.451080322265625 0.3193425750732422 0.02294677734375 0.03081573486328125
2 0.464466552734375 0.3265782165527344 0.02294677734375 0.0308160400390625
2 0.4780206298828125 0.3337554931640625 0.023583984375 0.0316571044921875
2 0.5085845947265625 0.3485139465332031 0.020062255859375 0.02427032470703125
2 0.5225347900390624 0.35389366149902346 0.02294677734375 0.03081573486328125
2 0.5364569091796875 0.36371818542480466 0.01936767578125 0.023106689453125
2 0.2582305908203125 0.3422576141357422 0.027315673828125 0.021354217529296875
2 0.2512663269042969 0.3555535888671875 0.03364654541015625 0.0252911376953125
2 0.338187255859375 0.32633872985839846 0.021876220703125 0.03093353271484375
2 0.3538665771484375 0.33080856323242186 0.021409912109375 0.0301055908203125
2 0.3677044677734375 0.3367667388916016 0.02204833984375 0.029976348876953125
2 0.3931805419921875 0.35202598571777344 0.02116455078125 0.029877471923828124
2 0.4187176513671875 0.36697662353515625 0.02204833984375 0.029976348876953125
2 0.431923828125 0.37457427978515623 0.02204833984375 0.029976348876953125
2 0.4449481201171875 0.381810302734375 0.02204833984375 0.029976348876953125
2 0.458153076171875 0.3894078826904297 0.02204833984375 0.02997650146484375
2 0.471358642578125 0.3946539306640625 0.02204833984375 0.029976348876953125
2 0.4845635986328125 0.4022514343261719 0.02204833984375 0.029976348876953125
2 0.500633544921875 0.40629531860351564 0.0235791015625 0.0352752685546875
2 0.3266094970703125 0.35492042541503904 0.021876220703125 0.03093353271484375
2 0.3389105224609375 0.3592617797851563 0.021876220703125 0.030933380126953125
2 0.3539263916015625 0.36577438354492187 0.023218994140625 0.030933380126953125
2 0.366588134765625 0.3760856628417969 0.021876220703125 0.03093353271484375
2 0.380155029296875 0.3816931915283203 0.021876220703125 0.030933685302734375
2 0.393360595703125 0.3882054901123047 0.021876220703125 0.030933380126953125
2 0.406927490234375 0.3938133239746094 0.021876220703125 0.030933380126953125
2 0.3119390869140625 0.42035064697265623 0.022286376953125 0.030680084228515626
2 0.4799224853515625 0.4365602111816406 0.0260546875 0.03299407958984375
2 0.4338824462890625 0.41081771850585935 0.021876220703125 0.03093353271484375
2 0.4203143310546875 0.40430526733398436 0.021876220703125 0.030933380126953125
2 0.4647760009765625 0.42816398620605467 0.02449951171875 0.031696929931640624
2 0.3410638427734375 0.43247108459472655 0.022286376953125 0.03068023681640625
2 0.3564398193359375 0.44187767028808594 0.022286376953125 0.030680084228515626
2 0.3707305908203125 0.4474852752685547 0.022286376953125 0.03068023681640625
2 0.4336834716796875 0.48511245727539065 0.022286376953125 0.030679931640625
2 0.421201171875 0.47733354568481445 0.022286376953125 0.030680160522460937
2 0.4067291259765625 0.4704595947265625 0.022286376953125 0.03068023681640625
2 0.447353515625 0.49313873291015625 0.023165283203125 0.03235504150390625
2 0.4587554931640625 0.5212550354003906 0.024027099609375 0.035093994140625
2 0.2274090576171875 0.3977553558349609 0.0242822265625 0.020003509521484376
2 0.27822021484375 0.43749992370605467 0.022142333984375 0.030391082763671876
2 0.29232177734375 0.44402671813964845 0.02169189453125 0.028610992431640624
2 0.305709228515625 0.44945396423339845 0.02169189453125 0.028611297607421874
2 0.3185516357421875 0.45469955444335936 0.02169189453125 0.02861114501953125
2 0.3326617431640625 0.4628399085998535 0.021690673828125 0.028610916137695314
2 0.3447821044921875 0.4706187438964844 0.021690673828125 0.02861083984375
2 0.382589111328125 0.4921455383300781 0.021690673828125 0.02861083984375
2 0.3949151611328125 0.5019317626953125 0.02318603515625 0.03024505615234375
2 0.3710028076171875 0.48371932983398436 0.021671142578125 0.0273150634765625
2 0.3581689453125 0.4771308898925781 0.021690673828125 0.02861083984375
2 0.4215533447265625 0.5179354858398437 0.02291748046875 0.03015655517578125
2 0.435177001953125 0.5232852172851562 0.024169921875 0.031396484375
2 0.4101556396484375 0.5088902282714843 0.02291748046875 0.0301568603515625
2 0.3217584228515625 0.5317533874511718 0.038828125 0.0273883056640625
2 0.3172607421875 0.5469233703613281 0.026116943359375 0.01938018798828125
2 0.314366455078125 0.5622996520996094 0.026116943359375 0.01938018798828125
2 0.31400390625 0.5783992004394531 0.026116943359375 0.01938018798828125
2 0.3089385986328125 0.5908810424804688 0.026116943359375 0.01937957763671875
2 0.17316253662109374 0.010178565979003906 0.0248956298828125 0.023392868041992188
2 0.253304443359375 0.053749618530273435 0.02375 0.03255508422851563
2 0.22312164306640625 0.038165130615234376 0.0219580078125 0.0297412109375
2 0.267232666015625 0.062321319580078124 0.02375 0.032554931640625
2 0.2817864990234375 0.06714271545410157 0.024564208984375 0.031072235107421874
2 0.30910888671875 0.08454917907714844 0.0207177734375 0.02934356689453125
2 0.3235821533203125 0.08973686218261719 0.020377197265625 0.028025665283203126
2 0.33838134765625 0.09918502807617187 0.023553466796875 0.03020172119140625
2 0.11521148681640625 0.023480606079101563 0.0242193603515625 0.030895843505859374
2 0.14056854248046874 0.03615928649902344 0.0242193603515625 0.030895843505859374
2 0.15316497802734375 0.04743377685546875 0.0288299560546875 0.04129608154296875
2 0.2096466064453125 0.07534111022949219 0.02572265625 0.03639678955078125
2 0.2241961669921875 0.0808929443359375 0.022020263671875 0.02892852783203125
2 0.2382141876220703 0.08526771545410156 0.02297332763671875 0.0301788330078125
2 0.251875 0.094285888671875 0.022020263671875 0.028928680419921873
2 0.264605712890625 0.10373062133789063 0.02456787109375 0.03396697998046875
2 0.2917864990234375 0.11500007629394532 0.02280517578125 0.030714263916015627
2 0.2775897216796875 0.11008934020996093 0.025782470703125 0.03482131958007813
2 0.3053570556640625 0.12303565979003907 0.02280517578125 0.030714569091796876
2 0.06449737548828124 0.11633766174316407 0.0242193603515625 0.030895843505859374
2 0.07946441650390625 0.08651802062988281 0.0257147216796875 0.036030731201171874
2 0.07605712890625 0.12468040466308594 0.0250299072265625 0.03421051025390625
2 0.0905059814453125 0.13013717651367188 0.02255859375 0.030082855224609375
2 0.1031854248046875 0.1378155517578125 0.02255859375 0.030082855224609375
2 0.11764923095703125 0.1433515167236328 0.0225592041015625 0.030083160400390625
2 0.13205718994140625 0.14780899047851562 0.0232696533203125 0.030810546875
2 0.1459979248046875 0.15613059997558593 0.020924072265625 0.027975311279296877
2 0.1726507568359375 0.13631004333496094 0.0218408203125 0.0288079833984375
2 0.14696441650390624 0.1208929443359375 0.0219921875 0.02892852783203125
2 0.1727685546875 0.16946426391601563 0.0230804443359375 0.030714263916015627
2 0.185684814453125 0.17745872497558593 0.02255859375 0.030082855224609375
2 0.19818511962890625 0.1842443084716797 0.02255859375 0.030082855224609375
2 0.21047393798828126 0.1949481964111328 0.026195068359375 0.037960662841796874
2 0.211395263671875 0.15793197631835937 0.0219989013671875 0.0305645751953125
2 0.1560089111328125 0.16637664794921875 0.026195068359375 0.037960662841796874
2 0.2226458740234375 0.20061065673828124 0.0219989013671875 0.030564727783203124
2 0.06553619384765624 0.19241065979003907 0.0339581298828125 0.024821319580078126
2 0.12000030517578125 0.22276809692382812 0.0339581298828125 0.02482147216796875
2 0.08250030517578125 0.20455352783203126 0.0339581298828125 0.02482147216796875
2 0.17027099609375 0.22144943237304687 0.015172119140625 0.033970794677734374
2 0.2505030059814453 0.18132484436035157 0.02199920654296875 0.030564422607421874
2 0.2495806884765625 0.21619804382324218 0.026195068359375 0.037960662841796874
2 0.068028564453125 0.8568484497070312 0.0144488525390625 0.02756744384765625
2 0.08528167724609376 0.8443423461914062 0.0238525390625 0.03538787841796875
2 0.070301513671875 0.8827044677734375 0.032254638671875 0.02148040771484375
2 0.03151397705078125 0.990408935546875 0.0345697021484375 0.02866790771484375
2 0.5080474853515625 0.5930125427246093 0.029075927734375 0.02272735595703125
2 0.4483477783203125 0.7162229919433594 0.02651123046875 0.02295562744140625
2 0.43966552734375 0.7268675231933593 0.025958251953125 0.02190216064453125
2 0.49123046875 0.6330197143554688 0.02910400390625 0.022403564453125
2 0.657271728515625 0.39677284240722654 0.021702880859375 0.03011016845703125
2 0.6700726318359375 0.4096442413330078 0.02278076171875 0.03166061401367187
2 0.6930718994140626 0.4334752655029297 0.02622314453125 0.0393011474609375
2 0.7485089111328125 0.4534482765197754 0.025111083984375 0.036688003540039066
2 0.6448797607421874 0.4633009338378906 0.031021728515625 0.0278802490234375
2 0.5988232421875 0.529671630859375 0.023040771484375 0.031834716796875
2 0.63306884765625 0.5543333435058594 0.023040771484375 0.03183502197265625
2 0.650401611328125 0.5564472961425782 0.023040771484375 0.031834716796875
2 0.6642474365234375 0.5651069641113281 0.022640380859375 0.0336810302734375
2 0.6753802490234375 0.5727168273925781 0.022640380859375 0.0336810302734375
2 0.688486328125 0.5839204406738281 0.019697265625 0.026494140625
2 0.56384033203125 0.5579908752441406 0.027620849609375 0.0383660888671875
2 0.581807861328125 0.5623593139648437 0.02184326171875 0.0299554443359375
2 0.6205615234375 0.5850480651855469 0.02184326171875 0.0299554443359375
2 0.605628662109375 0.577730712890625 0.02465087890625 0.03521026611328125
2 0.642545166015625 0.6011836242675781 0.025567626953125 0.035936279296875
2 0.6576947021484375 0.6067501831054688 0.0233935546875 0.03376556396484375
2 0.673197021484375 0.6164741516113281 0.023675537109375 0.03295440673828125
2 0.5419256591796875 0.6537489318847656 0.02494384765625 0.03260894775390625
2 0.55587646484375 0.6606538391113281 0.02494384765625 0.03260894775390625
2 0.582811279296875 0.6738734436035156 0.022442626953125 0.02838165283203125
2 0.567432861328125 0.6685456848144531 0.02494384765625 0.03260894775390625
2 0.60930419921875 0.6876837158203125 0.022442626953125 0.02838134765625
2 0.5942083740234375 0.683624267578125 0.02409912109375 0.0323004150390625
2 0.6215655517578125 0.6948712158203125 0.02244140625 0.02838104248046875
2 0.6357806396484375 0.7051861572265625 0.024097900390625 0.0322991943359375
2 0.6476580810546875 0.7120823669433594 0.02276611328125 0.0302801513671875
2 0.6612872314453125 0.7182917785644531 0.024097900390625 0.03229949951171875
2 0.6743939208984375 0.7249154663085937 0.024097900390625 0.0322991943359375
2 0.701309814453125 0.738585205078125 0.024097900390625 0.03229949951171875
2 0.6883453369140625 0.7311160278320312 0.024097900390625 0.0322991943359375
2 0.7282275390625 0.751268310546875 0.020997314453125 0.02804412841796875
2 0.715120849609375 0.7437992858886718 0.02232177734375 0.03114471435546875
2 0.5269879150390625 0.6846112060546875 0.023253173828125 0.030863037109375
2 0.540374755859375 0.6912342834472657 0.023253173828125 0.03086273193359375
2 0.554185791015625 0.6979985046386719 0.023253173828125 0.030863037109375
2 0.5674322509765625 0.7051853942871094 0.023253173828125 0.03086273193359375
2 0.580115966796875 0.7119503784179687 0.023253173828125 0.030863037109375
2 0.607314453125 0.7253384399414062 0.023251953125 0.03086273193359375
2 0.6207012939453125 0.7319613647460937 0.023253173828125 0.030863037109375
2 0.6345123291015625 0.7387261962890626 0.023253173828125 0.03086273193359375
2 0.6477593994140625 0.7459130859375 0.023253173828125 0.030863037109375
2 0.6604425048828125 0.752677001953125 0.023253173828125 0.03086273193359375
2 0.67495849609375 0.760146484375 0.023251953125 0.0308624267578125
2 0.6876409912109375 0.7669107055664063 0.023251953125 0.0308624267578125
2 0.701944580078125 0.7725479125976562 0.022615966796875 0.029735107421875
2 0.7147686767578125 0.778184814453125 0.022615966796875 0.029735107421875
2 0.7283673095703125 0.7860061645507812 0.0220703125 0.02931243896484375
2 0.5002117919921875 0.7346391296386718 0.023253173828125 0.030863037109375
2 0.5147265625 0.7401351928710938 0.023253173828125 0.03086273193359375
2 0.52740966796875 0.7501408386230469 0.023251953125 0.03086273193359375
2 0.5406561279296875 0.7559190368652344 0.023253173828125 0.03086273193359375
2 0.5527764892578125 0.763387451171875 0.023251953125 0.0308624267578125
2 0.5660235595703125 0.7691659545898437 0.023251953125 0.0308624267578125
2 0.5791290283203125 0.7773390197753907 0.023253173828125 0.03086273193359375
2 0.5949127197265625 0.7839630126953125 0.023251953125 0.0308624267578125
2 0.607454833984375 0.7912905883789062 0.023253173828125 0.03086273193359375
2 0.6214117431640624 0.7957177734375 0.0227001953125 0.029852294921875
2 0.633695068359375 0.804058837890625 0.02246337890625 0.0304681396484375
2 0.6466595458984375 0.8104002380371094 0.02246337890625 0.03046783447265625
2 0.6606109619140625 0.8180099487304687 0.02246337890625 0.0304681396484375
2 0.67357666015625 0.824351806640625 0.02246337890625 0.0304681396484375
2 0.687528076171875 0.8313978576660156 0.02246337890625 0.03046783447265625
2 0.7004925537109375 0.8377397155761719 0.02246337890625 0.03046783447265625
2 0.714444580078125 0.8453492736816406 0.022464599609375 0.03046844482421875
2 0.72740966796875 0.8516911315917969 0.02246337890625 0.03046783447265625
2 0.7450250244140625 0.8616969299316406 0.02246337890625 0.03046783447265625
2 0.487176513671875 0.7616262817382813 0.02352294921875 0.03043975830078125
2 0.5001409912109375 0.7685313415527344 0.02352294921875 0.030439453125
2 0.5136700439453125 0.7772688293457031 0.023524169921875 0.0304400634765625
2 0.5266351318359375 0.7841741943359375 0.023524169921875 0.03043975830078125
2 0.5390362548828125 0.7898114013671875 0.02352294921875 0.03043975830078125
2 0.5541156005859375 0.796011962890625 0.02352294921875 0.03043975830078125
2 0.56764404296875 0.8030581665039063 0.02352294921875 0.03043975830078125
2 0.5803277587890625 0.8117953491210937 0.02352294921875 0.03043975830078125
2 0.6471258544921875 0.846322021484375 0.02352294921875 0.03043975830078125
2 0.5928692626953125 0.8191232299804687 0.02352294921875 0.030439453125
2 0.6052703857421875 0.8249012756347657 0.023524169921875 0.0304400634765625
2 0.6199267578125 0.8309614562988281 0.02352294921875 0.030439453125
2 0.6338787841796875 0.8380075073242188 0.02352294921875 0.03043975830078125
2 0.7264654541015625 0.8873309326171875 0.02352294921875 0.030439453125
2 0.70081787109375 0.8726748657226563 0.02352294921875 0.03043975830078125
2 0.71406494140625 0.8801437377929687 0.02352294921875 0.03043975830078125
2 0.686866455078125 0.8659103393554688 0.02352294921875 0.03043975830078125
2 0.6727740478515625 0.8597096252441406 0.02352294921875 0.030439453125
2 0.65966796875 0.8528047180175782 0.02352294921875 0.03043975830078125
2 0.7414044189453125 0.8947998046875 0.02352294921875 0.03043975830078125
2 0.7538055419921875 0.9019873046875 0.02352294921875 0.03043975830078125
2 0.5738421630859375 0.8333836364746093 0.0276171875 0.0228839111328125
2 0.6026116943359375 0.8479811096191406 0.0275830078125 0.023048095703125
2 0.6350750732421875 0.8654873657226563 0.026634521484375 0.02491180419921875
2 0.5255072021484375 0.8736611938476563 0.02352294921875 0.03043975830078125
2 0.552000732421875 0.8873309326171875 0.02352294921875 0.03043975830078125
2 0.568389892578125 0.8990855407714844 0.02218505859375 0.0277874755859375
2 0.67517578125 0.9244354248046875 0.03614990234375 0.02770477294921875
2 0.4438592529296875 0.8434860229492187 0.029984130859375 0.0233587646484375
2 0.4363909912109375 0.8553237915039062 0.02998291015625 0.02335845947265625
2 0.4509051513671875 0.8308029174804688 0.029984130859375 0.02335845947265625
2 0.4217584228515625 0.8830905151367188 0.02993408203125 0.02393218994140625
2 0.428485107421875 0.8690402221679687 0.0288818359375 0.02260589599609375
2 0.413883056640625 0.8959266662597656 0.0262353515625 0.02170135498046875
2 0.4064251708984375 0.9114990234375 0.028114013671875 0.02240692138671875
2 0.39832763671875 0.9254096984863281 0.028883056640625 0.02260650634765625
2 0.3906048583984375 0.9393156433105468 0.02744384765625 0.0227978515625
2 0.3824603271484375 0.9524870300292969 0.027919921875 0.02236419677734375
2 0.3758355712890625 0.9670021057128906 0.027921142578125 0.022364501953125
2 0.766219482421875 0.5123916625976562 0.030225830078125 0.0143414306640625
2 0.763126220703125 0.4977311706542969 0.02646728515625 0.01415374755859375
2 0.763897705078125 0.5278094482421875 0.030225830078125 0.01434112548828125
2 0.73506591796875 0.5495457458496094 0.027880859375 0.01463592529296875
2 0.777340087890625 0.5576686096191407 0.027880859375 0.01463592529296875
2 0.767896728515625 0.5441798400878907 0.033138427734375 0.0193988037109375
2 0.7430230712890625 0.5803811645507813 0.027879638671875 0.01463592529296875
2 0.744515380859375 0.5946385192871094 0.027880859375 0.01463592529296875
2 0.746505126953125 0.6098902893066406 0.027880859375 0.01463592529296875
2 0.7773590087890625 0.5883053588867188 0.027862548828125 0.01635986328125
2 0.7456793212890624 0.5642430114746094 0.02787353515625 0.01640777587890625
2 0.7775262451171875 0.6019000244140625 0.027862548828125 0.01635894775390625
2 0.776199951171875 0.5747116088867188 0.027862548828125 0.01635894775390625
2 0.7648712158203125 0.6729750061035156 0.02510009765625 0.0143853759765625
2 0.7610589599609375 0.6603755187988282 0.02510009765625 0.0143853759765625
2 0.7560845947265625 0.6321923828125 0.02510009765625 0.0143853759765625
2 0.7598974609375 0.6447921752929687 0.02510009765625 0.0143853759765625
2 0.7666607666015625 0.6884947204589844 0.027353515625 0.01502349853515625
2 0.79338623046875 0.6830874633789062 0.02510009765625 0.0143853759765625
2 0.7884112548828125 0.6544070434570313 0.025101318359375 0.0143853759765625
2 0.7920599365234375 0.668001708984375 0.02510009765625 0.0143853759765625
2 0.785262451171875 0.6391555786132812 0.02510009765625 0.0143853759765625
2 0.78227783203125 0.6247323608398437 0.02510009765625 0.0143853759765625
2 0.807347412109375 0.7151258850097656 0.01893798828125 0.03228240966796875
2 0.8261248779296875 0.8211576843261719 0.015523681640625 0.0282574462890625
2 0.82048828125 0.7924772644042969 0.0155224609375 0.0282568359375
2 0.7971649169921875 0.8313992309570313 0.016744384765625 0.03481414794921875
2 0.7865557861328125 0.7950930786132813 0.016744384765625 0.03481475830078125
2 0.822808837890625 0.8937696838378906 0.0155224609375 0.02825653076171875
2 0.8382281494140625 0.8955941772460938 0.015523681640625 0.0282574462890625
2 0.811436767578125 0.9299835205078125 0.014725341796875 0.0286273193359375
2 0.8267578125 0.9292936706542969 0.014588623046875 0.03654388427734375
2 0.8400042724609375 0.9787559509277344 0.033194580078125 0.02127777099609375
2 0.8448309326171874 0.9918115234375 0.024261474609375 0.01454132080078125
5 0.724512939453125 0.4518124198913574 0.03626953125 0.05626899719238281
2 0.3079840087890625 0.9622624206542969 0.0273193359375 0.02251739501953125
2 0.3142144775390625 0.9505805969238281 0.0273193359375 0.02251739501953125
2 0.23450653076171876 0.9851524353027343 0.0296575927734375 0.02417999267578125
2 0.2395684814453125 0.9695759582519531 0.02965728759765625 0.02417999267578125
2 0.2484417724609375 0.9546426391601562 0.027933349609375 0.02334686279296875
2 0.2559246826171875 0.9427069091796875 0.029658203125 0.02417999267578125
2 0.2710272216796875 0.90908203125 0.0279345703125 0.02334716796875
2 0.278037109375 0.8962313842773437 0.0279345703125 0.02334686279296875
2 0.285435791015625 0.8826023864746094 0.0279345703125 0.02334686279296875
2 0.2951702880859375 0.8705300903320312 0.027933349609375 0.02334686279296875
2 0.2998431396484375 0.8549546813964843 0.027933349609375 0.02334686279296875
2 0.3080413818359375 0.8435336303710937 0.027999267578125 0.02282379150390625
2 0.3168096923828125 0.8285682678222657 0.029932861328125 0.02366668701171875
2 0.322039794921875 0.815623779296875 0.027933349609375 0.02334686279296875
2 0.333721923828125 0.80355224609375 0.027933349609375 0.02334716796875
2 0.34971435546875 0.7734669494628906 0.027208251953125 0.02191558837890625
2 0.0426092529296875 0.8533055114746094 0.028294677734375 0.03378265380859375
2 0.3697686767578125 0.8445339965820312 0.029932861328125 0.02366668701171875
2 0.3783355712890625 0.8316831970214844 0.029932861328125 0.02366668701171875
2 0.38573486328125 0.8184439086914063 0.029932861328125 0.02366668701171875
2 0.392744140625 0.8052037048339844 0.02993408203125 0.02366668701171875
2 0.427593994140625 0.7541264343261719 0.025958251953125 0.02190216064453125
2 0.4791595458984375 0.6478170776367187 0.02910400390625 0.022403564453125
2 0.465140380859375 0.675465087890625 0.02910400390625 0.022403564453125
2 0.355555419921875 0.759058837890625 0.027208251953125 0.02191558837890625
2 0.367237548828125 0.7454295349121094 0.02720703125 0.02191497802734375
2 0.3707427978515625 0.7290744018554688 0.02720703125 0.02191497802734375
2 0.378919677734375 0.7134980773925781 0.02720703125 0.02191497802734375
2 0.3884600830078125 0.6996742248535156 0.029932861328125 0.02268707275390625
2 0.3980010986328125 0.6866288757324219 0.027208251953125 0.0219158935546875
2 0.4050103759765625 0.6726103210449219 0.027208251953125 0.021915283203125
2 0.4127978515625 0.6597596740722657 0.027208251953125 0.021915283203125
2 0.422532958984375 0.6437939453125 0.027208251953125 0.021915283203125
2 0.352479248046875 0.6251458740234375 0.027078857421875 0.0202545166015625
2 0.43421630859375 0.6165354919433593 0.02720703125 0.021915283203125
2 0.4457037353515625 0.602906494140625 0.029154052734375 0.02176177978515625
2 0.4593328857421875 0.5694172668457032 0.029154052734375 0.0217620849609375
2 0.45140625 0.421331787109375 0.021876220703125 0.03093353271484375
2 0.562882080078125 0.5072407531738281 0.02910400390625 0.022403564453125
2 0.572662353515625 0.49312652587890626 0.032310791015625 0.02426116943359375
2 0.5589654541015625 0.5221957397460938 0.024617919921875 0.0206396484375
2 0.5882275390625 0.44871849060058594 0.032269287109375 0.023513641357421875
2 0.5811834716796875 0.463626766204834 0.02910400390625 0.022403488159179686
