2 0.017618408203125 0.8269471740722656 0.02334716796875 0.030147705078125
2 0.01608673095703125 0.6461975860595703 0.0279962158203125 0.03615524291992187
2 0.01980865478515625 0.04388688683509827 0.037568359375 0.0279706072807312
2 0.0331292724609375 0.01793042868375778 0.0293719482421875 0.02308299660682678
2 0.406392822265625 0.04962350845336914 0.022596435546875 0.027118721008300782
2 0.4207373046875 0.058161869049072265 0.022596435546875 0.027118721008300782
2 0.3920489501953125 0.04142727851867676 0.0225958251953125 0.02711848258972168
2 0.4949148559570313 0.04552576065063477 0.0250335693359375 0.030533027648925782
2 0.5744915771484375 0.03357240915298462 0.0250335693359375 0.030532879829406737
2 0.5382891845703125 0.10426934242248535 0.0250335693359375 0.030533027648925782
2 0.4815151977539063 0.20593027114868165 0.0260418701171875 0.03144584655761719
2 0.36593994140625 0.2346478271484375 0.02768310546875 0.03352294921875
2 0.350850830078125 0.29220674514770506 0.0257574462890625 0.03170688629150391
2 0.35595977783203125 0.39745559692382815 0.03432373046875 0.03432388305664062
2 0.6331179809570312 0.11466634750366211 0.03160400390625 0.02434762954711914
2 0.625970458984375 0.1309266185760498 0.03108154296875 0.02240011215209961
2 0.6177279663085937 0.14298983573913573 0.03160400390625 0.024347553253173827
2 0.6116555786132812 0.1549552345275879 0.03108154296875 0.022400093078613282
2 0.5994659423828125 0.18241601943969726 0.0298101806640625 0.022693214416503907
2 0.6049459838867187 0.16599633932113647 0.0316033935546875 0.024346818923950197
2 0.5880624389648438 0.19095081329345703 0.026124267578125 0.02096111297607422
2 0.5805502319335938 0.20567792892456055 0.0298101806640625 0.022693138122558593
2 0.4561419677734375 0.4375605010986328 0.0273150634765625 0.022118377685546874
2 0.47277587890625 0.41270442962646486 0.029908447265625 0.02399467468261719
2 0.4625738525390625 0.42700508117675784 0.0273980712890625 0.02226806640625
2 0.4791668701171875 0.4012014389038086 0.029908447265625 0.02399467468261719
2 0.484534912109375 0.3889315414428711 0.029908447265625 0.02399467468261719
2 0.4927151489257813 0.374616813659668 0.029908447265625 0.02399467468261719
2 0.5035791015625 0.3503322219848633 0.0373211669921875 0.029800262451171875
2 0.44696075439453126 0.45077491760253907 0.0273455810546875 0.021763153076171875
2 0.43175537109375 0.4788545608520508 0.030150146484375 0.023148880004882813
2 0.43865692138671875 0.46505069732666016 0.030150146484375 0.023148880004882813
2 0.33179962158203125 0.514314956665039 0.0235174560546875 0.026971435546875
2 0.3438287353515625 0.5214480209350586 0.02559326171875 0.030626373291015627
2 0.3205682373046875 0.5079001998901367 0.02559326171875 0.030626296997070312
2 0.36915863037109375 0.5384099197387695 0.0246160888671875 0.029274444580078125
2 0.4519580078125 0.5820307540893555 0.0255926513671875 0.030625991821289063
2 0.42489501953125 0.5680495834350586 0.023931884765625 0.027499923706054686
2 0.339720458984375 0.579583740234375 0.0250439453125 0.030333251953125
2 0.4005673217773438 0.610677375793457 0.0255718994140625 0.03065910339355469
2 0.43839935302734373 0.6339389419555664 0.0255718994140625 0.03065910339355469
2 0.486707763671875 0.515593032836914 0.0273809814453125 0.03271995544433594
2 0.4992333984375 0.5232617568969726 0.0273809814453125 0.03271980285644531
2 0.5120147705078125 0.5316973114013672 0.0273809814453125 0.03271995544433594
2 0.52722412109375 0.5373210144042969 0.0252935791015625 0.03374244689941406
2 0.4741827392578125 0.5084357452392578 0.0273809814453125 0.03271995544433594
2 0.5397705078125 0.5435631561279297 0.0243255615234375 0.032423171997070316
2 0.5524029541015625 0.5531698226928711 0.028154296875 0.03629867553710937
2 0.5678884887695312 0.5581336975097656 0.0243255615234375 0.032423095703125
2 0.6067233276367188 0.5816717910766601 0.0222393798828125 0.029530029296875
2 0.5922805786132812 0.5754090118408203 0.0277630615234375 0.03527626037597656
2 0.6409396362304688 0.10250106811523438 0.02937744140625 0.0229388427734375
2 0.8128680419921875 0.11664780616760254 0.022169189453125 0.02884584426879883
2 0.8485772705078125 0.13659138679504396 0.0222674560546875 0.02893014907836914
2 0.8646905517578125 0.14023955345153807 0.024525146484375 0.030858783721923827
2 0.8353311157226563 0.038249375224113466 0.020111083984375 0.02524996519088745
2 0.84657958984375 0.04774900436401367 0.0228253173828125 0.030592613220214844
2 0.8202139282226563 0.03352310389280319 0.0228253173828125 0.030592657327651977
2 0.7887899780273437 0.4756260299682617 0.0286419677734375 0.023034286499023438
2 0.7939117431640625 0.4632967758178711 0.0286419677734375 0.023034286499023438
2 0.8259674072265625 0.4107551193237305 0.0286419677734375 0.023034286499023438
2 0.8375881958007813 0.3974886703491211 0.03594970703125 0.028229446411132814
2 0.8101812744140625 0.436171875 0.0259014892578125 0.02008796691894531
2 0.8691354370117188 0.3323513031005859 0.0306072998046875 0.024018936157226563
2 0.8968878173828125 0.2781768226623535 0.03060791015625 0.02401905059814453
2 0.8894122314453125 0.29493791580200196 0.038302001953125 0.029573974609375
2 0.8732205200195312 0.31839282512664796 0.0262060546875 0.02310953140258789
2 0.7078240966796875 0.9588168334960937 0.027412109375 0.02236602783203125
2 0.7157650756835937 0.9470525360107422 0.0274127197265625 0.022366180419921874
2 0.7284121704101563 0.9205817413330079 0.0274127197265625 0.02236602783203125
2 0.735765380859375 0.9067580413818359 0.027412109375 0.022366180419921874
2 0.7522357177734375 0.8761698913574218 0.027412109375 0.02236602783203125
2 0.7435455322265625 0.8886490631103515 0.0317962646484375 0.025533294677734374
2 0.6981179809570313 0.9726403045654297 0.0274127197265625 0.0223663330078125
2 0.7232357788085938 0.9314705657958985 0.0317645263671875 0.0253729248046875
2 0.76755859375 0.7871270751953126 0.031943359375 0.036922454833984375
2 0.847440185546875 0.7231358337402344 0.0313507080078125 0.0249053955078125
2 0.8556756591796875 0.7101946258544922 0.03135009765625 0.02490509033203125
2 0.8881304931640625 0.6524058532714844 0.0313873291015625 0.0246002197265625
2 0.8954571533203125 0.6389556503295899 0.035556640625 0.026794509887695314
2 0.874705810546875 0.6823531341552734 0.03176513671875 0.024516448974609376
2 0.8327947998046875 0.7542646789550781 0.0326470947265625 0.026825408935546875
2 0.8602334594726563 0.7574005889892578 0.0245831298828125 0.030153961181640626
2 0.887540283203125 0.771086196899414 0.0227276611328125 0.03
2 0.8736447143554688 0.7685279083251954 0.0243475341796875 0.029997100830078127
2 0.9140707397460938 0.7904855346679688 0.023436279296875 0.0301849365234375
2 0.9002471923828125 0.7810738372802735 0.023436279296875 0.0301849365234375
2 0.95073486328125 0.6914705657958984 0.0238934326171875 0.03235321044921875
2 0.9222064208984375 0.6758822631835938 0.0238934326171875 0.03235321044921875
2 0.9377944946289063 0.6452940368652343 0.0238934326171875 0.0323529052734375
2 0.95362548828125 0.651283950805664 0.0254864501953125 0.03374435424804687
2 0.9660992431640625 0.6627845001220704 0.0239642333984375 0.03027496337890625
2 0.9831582641601563 0.6719021606445312 0.02396484375 0.030275115966796873
2 0.2059210205078125 0.7377832794189453 0.0240362548828125 0.0283740234375
2 0.23433013916015624 0.7534918975830078 0.0240362548828125 0.0283740234375
2 0.383731689453125 0.7427362060546875 0.02347900390625 0.030570526123046875
2 0.340950927734375 0.8075758361816406 0.02347900390625 0.030570526123046875
2 0.3910845947265625 0.7012923431396484 0.02347900390625 0.030570526123046875
2 0.40462677001953123 0.7084425354003906 0.022489013671875 0.0291851806640625
2 0.3272479248046875 0.8002228546142578 0.0234796142578125 0.030570831298828125
2 0.4079718017578125 0.8965846252441406 0.024500732421875 0.03314315795898438
2 0.445213623046875 0.2730805206298828 0.0248675537109375 0.031189727783203124
2 0.4641217041015625 0.9269992065429687 0.024500732421875 0.03314300537109375
2 0.4791619873046875 0.9306755828857421 0.024500732421875 0.03314315795898438
2 0.4510870361328125 0.9196462249755859 0.024500732421875 0.03314315795898438
2 0.43870269775390625 0.9066250610351563 0.0251318359375 0.0323382568359375
2 0.48218048095703125 0.8927474212646485 0.0271942138671875 0.03670623779296875
2 0.8554489135742187 0.3605861282348633 0.0303192138671875 0.023422622680664064
2 0.8607205200195313 0.3457577896118164 0.0262060546875 0.023109512329101564
2 0.420367431640625 0.7167760467529297 0.022489013671875 0.0291851806640625
2 0.5840924072265625 0.6553559017181396 0.0243255615234375 0.03242298126220703
2 0.6095553588867187 0.6655410003662109 0.0243255615234375 0.03242294311523437
2 0.3577032470703125 0.5285037994384766 0.0243255615234375 0.032423095703125
2 0.5149209594726563 0.6723085021972657 0.0255926513671875 0.030626068115234373
2 0.46399505615234377 0.5871232986450196 0.0255926513671875 0.030625991821289063
2 0.520013427734375 0.6153641128540039 0.0255926513671875 0.030625991821289063
2 0.506124267578125 0.6088826370239258 0.0255926513671875 0.030625991821289063
2 0.5704763793945312 0.6468454742431641 0.0255926513671875 0.030626068115234373
