2 0.1470635986328125 0.8523114013671875 0.02739990234375 0.0143768310546875
2 0.12967193603515625 0.8757247924804688 0.028406982421875 0.014051513671875
2 0.4184353637695313 0.851644287109375 0.0231201171875 0.0117108154296875
2 0.7350192260742188 0.8702890014648438 0.0299603271484375 0.01281005859375
2 0.8517501831054688 0.8716241455078125 0.0278515625 0.0154803466796875
2 0.7682110595703125 0.8944784545898438 0.03176025390625 0.0116552734375
2 0.01781646728515625 0.02385955810546875 0.023668212890625 0.02879669189453125
2 0.047098388671875 0.0363165283203125 0.0236676025390625 0.02879638671875
2 0.2740869140625 0.0129998779296875 0.0243157958984375 0.0270941162109375
2 0.2819586181640625 0.030399932861328124 0.0243157958984375 0.0292828369140625
2 0.31572479248046875 0.03730758666992187 0.0313238525390625 0.043096923828125
2 0.29848907470703123 0.031816864013671876 0.02810791015625 0.03463470458984375
2 0.32745635986328125 0.04661544799804687 0.0276129150390625 0.0352642822265625
2 0.3389627075195312 0.05637176513671875 0.0249029541015625 0.0308477783203125
2 0.3802099609375 0.07998672485351563 0.0249029541015625 0.0308477783203125
2 0.43593994140625 0.11273208618164063 0.02490234375 0.03084747314453125
2 0.44947906494140627 0.1193438720703125 0.0249029541015625 0.0308477783203125
2 0.40997283935546874 0.09443832397460937 0.0333428955078125 0.04037506103515625
2 0.47687255859375 0.13319778442382812 0.02490234375 0.03084747314453125
2 0.4916705322265625 0.14358856201171874 0.0249029541015625 0.0308477783203125
2 0.5052093505859375 0.14988555908203124 0.0249029541015625 0.0308477783203125
2 0.36732666015625 0.07486114501953126 0.026680908203125 0.03481842041015625
2 0.4212847900390625 0.1045501708984375 0.0304010009765625 0.0403021240234375
2 0.4638995361328125 0.12591949462890625 0.0280853271484375 0.0359765625
2 0.25455963134765625 0.0112933349609375 0.0255157470703125 0.025519866943359375
2 0.35502105712890625 0.06203948974609375 0.0249029541015625 0.0308477783203125
2 0.5334600830078124 0.16533447265625 0.0316552734375 0.0408990478515625
2 0.5629727172851563 0.17539398193359376 0.0255047607421875 0.0308563232421875
2 0.5937777709960937 0.19044769287109375 0.027606201171875 0.0364056396484375
2 0.6063131713867187 0.20239990234375 0.0316558837890625 0.0408990478515625
2 0.636531982421875 0.2195635986328125 0.0317669677734375 0.040291748046875
2 0.6720574951171875 0.2414776611328125 0.0242413330078125 0.03159912109375
2 0.6850946044921875 0.246845703125 0.0242413330078125 0.03159912109375
2 0.7132662963867188 0.25599517822265627 0.0267388916015625 0.0355853271484375
2 0.6587649536132812 0.23201934814453126 0.0242413330078125 0.03159912109375
2 0.7556210327148437 0.27253387451171873 0.0301690673828125 0.040621337890625
2 0.7714801025390625 0.27696014404296876 0.03014892578125 0.038538818359375
2 0.8026669311523438 0.29766571044921875 0.0301483154296875 0.038538818359375
2 0.8169705200195313 0.30755462646484377 0.030169677734375 0.040621337890625
2 0.8341006469726563 0.3151458740234375 0.0311865234375 0.0393060302734375
2 0.86124267578125 0.33514312744140623 0.0317901611328125 0.038973388671875
2 0.9081954956054688 0.36210418701171876 0.0314111328125 0.0400555419921875
2 0.9260226440429687 0.369833984375 0.030784912109375 0.040406494140625
2 0.9401132202148438 0.37975250244140624 0.0311859130859375 0.039305419921875
2 0.903028564453125 0.2493109130859375 0.0262646484375 0.02113037109375
2 0.953326416015625 0.22002960205078126 0.033167724609375 0.0261669921875
2 0.969345703125 0.19314300537109375 0.036473388671875 0.0266461181640625
2 0.9812167358398437 0.163470458984375 0.0367010498046875 0.027957763671875
2 0.9891644287109375 0.14906463623046876 0.0303369140625 0.0242498779296875
2 0.9569647216796875 0.13275096893310548 0.0375445556640625 0.028045501708984375
2 0.9506661987304688 0.14708038330078124 0.02934326171875 0.0235357666015625
2 0.9435171508789062 0.16094512939453126 0.02934326171875 0.0235357666015625
2 0.9380279541015625 0.1768878173828125 0.026934814453125 0.022330322265625
2 0.908363037109375 0.2351715087890625 0.028162841796875 0.0226824951171875
2 0.9207867431640625 0.206624755859375 0.0375439453125 0.028045654296875
2 0.9127706909179687 0.21962310791015624 0.0375439453125 0.028045654296875
2 0.9600308227539063 0.20809173583984375 0.036474609375 0.026646728515625
2 0.94655029296875 0.235035400390625 0.02934326171875 0.0235357666015625
2 0.9301315307617187 0.2847808837890625 0.0292523193359375 0.0175457763671875
2 0.9725955200195312 0.1787371826171875 0.0286639404296875 0.02383056640625
2 0.9794192504882813 0.09186538696289062 0.0368035888671875 0.0277294921875
2 0.9937176513671875 0.0639190673828125 0.0368035888671875 0.0277294921875
2 0.9865679931640625 0.07919158935546874 0.034522705078125 0.02577972412109375
2 0.0077056884765625 0.177952880859375 0.0195037841796875 0.0349407958984375
2 0.01951629638671875 0.1844775390625 0.02445556640625 0.030765380859375
2 0.0593402099609375 0.047786407470703125 0.02698974609375 0.0338153076171875
2 0.071458740234375 0.05624786376953125 0.023668212890625 0.02879669189453125
2 0.08720672607421875 0.062153472900390624 0.023668212890625 0.02879669189453125
2 0.11476593017578125 0.07814712524414062 0.023668212890625 0.02879669189453125
2 0.10092437744140625 0.0704241943359375 0.0225604248046875 0.02696044921875
2 0.1282586669921875 0.08281570434570312 0.026201171875 0.03427093505859375
2 0.1428253173828125 0.09247024536132813 0.0263018798828125 0.0342523193359375
2 0.15585845947265625 0.1012774658203125 0.0236676025390625 0.02879638671875
2 0.13986358642578126 0.1280984878540039 0.023668212890625 0.028796844482421875
2 0.072689208984375 0.08995849609375 0.0236676025390625 0.02879638671875
2 0.08720703125 0.0966021728515625 0.023668212890625 0.02879669189453125
2 0.113544921875 0.11289398193359375 0.026302490234375 0.03425323486328125
2 0.12608489990234376 0.120716552734375 0.0236676025390625 0.02879638671875
2 0.01486419677734375 0.060184783935546875 0.023668212890625 0.02879669189453125
2 0.03244110107421875 0.06417892456054687 0.0263983154296875 0.0336505126953125
2 0.05817169189453125 0.08257644653320312 0.023668212890625 0.02879669189453125
2 0.0457843017578125 0.07345565795898437 0.0226080322265625 0.025810546875
2 0.07578704833984375 0.21683074951171874 0.0276885986328125 0.0349407958984375
2 0.06233154296875 0.204654541015625 0.0244561767578125 0.0307659912109375
2 0.06331573486328125 0.17315826416015626 0.0244561767578125 0.030765380859375
2 0.03297393798828125 0.190767822265625 0.0246087646484375 0.0310443115234375
2 0.02197723388671875 0.1475677490234375 0.0244561767578125 0.0307659912109375
2 0.0490435791015625 0.162823486328125 0.0244561767578125 0.030765380859375
2 0.09013580322265625 0.18890625 0.0244561767578125 0.030765380859375
2 0.07656585693359375 0.17951141357421874 0.0229046630859375 0.0282159423828125
2 0.03378814697265625 0.1569183349609375 0.0244561767578125 0.0307659912109375
2 0.02225555419921875 0.31296600341796876 0.0243353271484375 0.030361328125
2 0.02458770751953125 0.27887481689453125 0.02752197265625 0.0374737548828125
2 0.04030181884765625 0.28599090576171876 0.02815673828125 0.03546630859375
2 0.12659942626953125 0.311688232421875 0.023563232421875 0.028297119140625
2 0.008476409912109375 0.2691668701171875 0.0194134521484375 0.0303607177734375
2 0.0128094482421875 0.394183349609375 0.0247283935546875 0.0326983642578125
2 0.0088604736328125 0.50536865234375 0.0153466796875 0.0275732421875
2 0.02400146484375 0.5105194091796875 0.0155938720703125 0.0303515625
2 0.05467132568359375 0.5154379272460937 0.0155938720703125 0.0303509521484375
2 0.416505126953125 0.009862174987792969 0.023336181640625 0.022502288818359376
2 0.42915496826171873 0.018336029052734376 0.023336181640625 0.02805816650390625
2 0.4544976806640625 0.042354583740234375 0.0233416748046875 0.02847747802734375
2 0.47171356201171877 0.043415985107421874 0.0236163330078125 0.029356689453125
2 0.4850070190429687 0.05284988403320313 0.02361572265625 0.0293560791015625
2 0.500921630859375 0.05432937622070313 0.022855224609375 0.02819061279296875
2 0.5126654052734375 0.06485671997070312 0.02361572265625 0.0293560791015625
2 0.5407379150390625 0.0835015869140625 0.0248712158203125 0.0312432861328125
2 0.528302001953125 0.0714947509765625 0.027528076171875 0.03537750244140625
2 0.5548886108398438 0.09229202270507812 0.024871826171875 0.031243896484375
2 0.5696826171875 0.09572265625 0.0248712158203125 0.0312432861328125
2 0.5842623901367188 0.10269073486328124 0.022298583984375 0.02742706298828125
2 0.6122430419921875 0.11576980590820313 0.023370361328125 0.02939971923828125
2 0.6386151123046875 0.1331368637084961 0.0233709716796875 0.029400177001953125
2 0.6248666381835938 0.12619701385498047 0.02604736328125 0.03231796264648437
2 0.6821401977539062 0.15436336517333984 0.023370361328125 0.029399566650390625
2 0.740458984375 0.18631011962890626 0.0233709716796875 0.029400634765625
2 0.7239495849609375 0.17902008056640625 0.0233709716796875 0.029400634765625
2 0.7790524291992188 0.1922064208984375 0.0280877685546875 0.0384661865234375
2 0.7910592651367188 0.2037841796875 0.0280877685546875 0.0384661865234375
2 0.4809176635742187 0.0137115478515625 0.031732177734375 0.0216619873046875
2 0.5075405883789063 0.02318511962890625 0.0382379150390625 0.025809326171875
2 0.539022216796875 0.04351409912109375 0.031732177734375 0.02166259765625
2 0.5229409790039062 0.03429428100585938 0.0317327880859375 0.02166229248046875
2 0.566573486328125 0.05101837158203125 0.041380615234375 0.025745849609375
2 0.5776156616210938 0.062382049560546875 0.0317327880859375 0.02166229248046875
2 0.6334686279296875 0.09422134399414063 0.030660400390625 0.02074737548828125
2 0.6158798217773438 0.0837615966796875 0.03110595703125 0.0224224853515625
2 0.5973410034179687 0.07546127319335938 0.031732177734375 0.0216619873046875
2 0.6528131103515625 0.10269729614257812 0.0327105712890625 0.02057037353515625
2 0.6660589599609374 0.11523345947265624 0.030660400390625 0.02074737548828125
2 0.7103012084960938 0.1364117431640625 0.0376690673828125 0.02327392578125
2 0.19845916748046874 0.4395333862304687 0.0208624267578125 0.031429443359375
2 0.2738970947265625 0.5403076171875 0.037767333984375 0.029879150390625
2 0.0703863525390625 0.5157949829101562 0.0155938720703125 0.0303509521484375
2 0.08538604736328125 0.5197235107421875 0.0155938720703125 0.0303509521484375
2 0.04661712646484375 0.200726318359375 0.0244561767578125 0.0307659912109375
2 0.006950759887695312 0.14363922119140626 0.01741973876953125 0.0307659912109375
2 0.9296282958984375 0.19370880126953124 0.02934326171875 0.0235357666015625
