2 0.04690765380859375 0.7496607971191406 0.0111737060546875 0.02816741943359375
2 0.019636383056640627 0.9366789245605469 0.02933441162109375 0.02659088134765625
2 0.028803863525390626 0.95082763671875 0.03342987060546875 0.0294775390625
2 0.018077392578125 0.8283106994628906 0.02933441162109375 0.02659027099609375
2 0.015478363037109375 0.7932275390625 0.02933441162109375 0.02659027099609375
2 0.01833709716796875 0.7121466064453125 0.02933441162109375 0.02659027099609375
2 0.015478363037109375 0.6614706420898437 0.02933441162109375 0.026590576171875
2 0.014496002197265625 0.677843017578125 0.02910614013671875 0.026590576171875
2 0.014106216430664063 0.6978535461425781 0.02858642578125 0.026590576171875
2 0.013131523132324218 0.7373545837402343 0.027286834716796875 0.026590576171875
2 0.015193939208984375 0.7551019287109375 0.02622894287109375 0.02384033203125
2 0.1006072998046875 0.6484126281738282 0.028515625 0.02421600341796875
2 0.0801806640625 0.6545890808105469 0.0382196044921875 0.0315179443359375
2 0.11035202026367187 0.6790785217285156 0.03033538818359375 0.02629638671875
2 0.10674972534179687 0.6927847290039062 0.02818389892578125 0.02460296630859375
2 0.10719863891601562 0.7331082153320313 0.0342877197265625 0.0304052734375
2 0.10259185791015625 0.7853001403808594 0.02818389892578125 0.02460296630859375
2 0.10752944946289063 0.7691880798339844 0.02818359375 0.0246026611328125
2 0.10441116333007812 0.82142333984375 0.0281842041015625 0.02460296630859375
2 0.107789306640625 0.8419529724121094 0.02818389892578125 0.02460296630859375
2 0.0786773681640625 0.8583207702636719 0.03027496337890625 0.02615325927734375
2 0.080950927734375 0.7846934509277343 0.028326416015625 0.02442840576171875
2 0.07575363159179688 0.7639031982421876 0.0304052734375 0.0263311767578125
2 0.07913223266601563 0.6921780395507813 0.028326416015625 0.0244281005859375
2 0.08095123291015625 0.713487548828125 0.028326416015625 0.02442840576171875
2 0.07991165161132813 0.7311592102050781 0.028326416015625 0.02442840576171875
2 0.07919662475585937 0.67525634765625 0.02923675537109375 0.0250067138671875
2 0.0788720703125 0.8195167541503906 0.0304052734375 0.0263311767578125
3 0.10317047119140625 0.9196981811523437 0.05625640869140625 0.0459979248046875
2 0.16307174682617187 0.6720375061035156 0.0264202880859375 0.02520782470703125
2 0.1994496154785156 0.6660232543945312 0.02935699462890625 0.02617401123046875
2 0.17112777709960938 0.7455819702148437 0.0264202880859375 0.02520782470703125
2 0.17410049438476563 0.7644046020507812 0.02913818359375 0.02750946044921875
2 0.1674896240234375 0.8258836364746094 0.02854736328125 0.0246881103515625
2 0.16307174682617187 0.8118501281738282 0.0285467529296875 0.0246881103515625
2 0.16757766723632814 0.8654766845703125 0.03074859619140625 0.02918182373046875
2 0.19399261474609375 0.7294329833984375 0.029356689453125 0.02617340087890625
2 0.19836349487304689 0.7442648315429687 0.02770416259765625 0.02569183349609375
2 0.19576507568359375 0.8227474975585938 0.02770416259765625 0.0256915283203125
2 0.18282257080078124 0.90358642578125 0.0366424560546875 0.03229339599609375
2 0.19659576416015626 0.8586279296875 0.0366424560546875 0.0322930908203125
2 0.25246902465820314 0.6764553833007813 0.0345635986328125 0.0317034912109375
2 0.25119308471679686 0.6994810485839844 0.03295684814453125 0.0281201171875
2 0.25363937377929685 0.7557090759277344 0.03066314697265625 0.02727081298828125
2 0.2573284912109375 0.7919438171386719 0.03004150390625 0.027078857421875
2 0.2786445617675781 0.7160360717773437 0.0305487060546875 0.024705810546875
2 0.28150192260742185 0.6986540222167968 0.03055145263671875 0.0246661376953125
2 0.34134613037109374 0.6665800476074218 0.0264202880859375 0.02520782470703125
2 0.3488702392578125 0.7363645935058594 0.02575286865234375 0.02241912841796875
2 0.35187118530273437 0.69568603515625 0.02754669189453125 0.02350860595703125
2 0.34414947509765625 0.8864120483398438 0.0282159423828125 0.02308441162109375
2 0.34575180053710936 0.9034645080566406 0.02575286865234375 0.02241912841796875
2 0.34615402221679686 0.9243763732910156 0.02909576416015625 0.0246881103515625
2 0.3498374938964844 0.9394204711914063 0.0286773681640625 0.024111328125
2 0.3497802734375 0.9781297302246094 0.0306414794921875 0.02528839111328125
2 0.3689994812011719 0.6670445251464844 0.0275006103515625 0.02509735107421875
2 0.3708872985839844 0.7208604431152343 0.029534912109375 0.02683380126953125
2 0.3743502807617187 0.9030662536621094 0.02538116455078125 0.02260894775390625
2 0.3739704895019531 0.9195254516601562 0.030125732421875 0.026260986328125
2 0.3691241455078125 0.9462265014648438 0.036700439453125 0.0318115234375
2 0.3755195617675781 0.9591993713378906 0.02858642578125 0.02446441650390625
2 0.3781182861328125 0.9948023986816407 0.02858642578125 0.02446441650390625
2 0.37561279296875 0.9775559997558594 0.0318914794921875 0.02605804443359375
2 0.45971923828125 0.8360186767578125 0.0281256103515625 0.0246881103515625
2 0.43399169921875 0.836798095703125 0.02812591552734375 0.0246881103515625
2 0.4352911376953125 0.8196466064453125 0.0281256103515625 0.0246881103515625
2 0.43671401977539065 0.8755082702636718 0.03039306640625 0.02622467041015625
2 0.4345118713378906 0.8913723754882813 0.02812591552734375 0.0246881103515625
2 0.4346353149414062 0.9087725830078125 0.03039337158203125 0.02622467041015625
2 0.4347712707519531 0.9311326599121094 0.02812591552734375 0.0246881103515625
2 0.43301116943359375 0.9656449890136719 0.0305474853515625 0.026663818359375
2 0.43483001708984376 0.94745361328125 0.03054779052734375 0.02666412353515625
2 0.4636174011230469 0.9490643310546875 0.0281256103515625 0.0246881103515625
2 0.5429728698730468 0.6451637268066406 0.02735931396484375 0.02334197998046875
2 0.5293711853027344 0.8390499877929688 0.031175537109375 0.02694183349609375
2 0.525732421875 0.8632180786132813 0.031175537109375 0.02694183349609375
3 0.5514714050292969 0.9307211303710937 0.021341552734375 0.07852630615234375
2 0.8785081481933594 0.7188151550292968 0.0293731689453125 0.0267669677734375
2 0.8392669677734375 0.9260652160644531 0.0272869873046875 0.02517852783203125
2 0.5155044555664062 0.09871627807617188 0.024224853515625 0.029800262451171875
2 0.5341572570800781 0.09944290161132813 0.024224853515625 0.029800262451171875
2 0.5520835876464844 0.10065414428710938 0.024224853515625 0.029800262451171875
2 0.4651161193847656 0.21681182861328124 0.02713165283203125 0.0285516357421875
2 0.5615985107421875 0.19044944763183594 0.026512451171875 0.029638824462890626
2 0.7148486328125 0.19840164184570314 0.028636474609375 0.033915863037109376
2 0.519522705078125 0.18643684387207032 0.02935546875 0.03204010009765625
2 0.5048452758789063 0.21451057434082033 0.02567840576171875 0.027469329833984375
2 0.5234982299804688 0.21572212219238282 0.02567840576171875 0.027469329833984375
2 0.5402642822265625 0.2136992645263672 0.025576171875 0.028173675537109377
2 0.5330081176757813 0.27095008850097657 0.0258026123046875 0.029320831298828124
2 0.5115203857421875 0.27583473205566406 0.02546295166015625 0.02938262939453125
2 0.6402613830566406 0.30150672912597654 0.02470916748046875 0.027917022705078124
2 0.5271316528320312 0.30780517578125 0.02470916748046875 0.027917022705078124
2 0.5082363891601562 0.3068071746826172 0.024224853515625 0.0281805419921875
2 0.49067245483398436 0.30450790405273437 0.022047119140625 0.026158599853515624
2 0.46596435546875 0.3065650939941406 0.02592041015625 0.030571441650390625
2 0.7137841796875 0.30099327087402344 0.02785858154296875 0.03207382202148437
2 0.40354248046875 0.3697364807128906 0.0268603515625 0.02942230224609375
2 0.49842529296875 0.39135169982910156 0.0268896484375 0.030686798095703124
2 0.46002883911132814 0.3923204803466797 0.0276165771484375 0.030362701416015624
2 0.3829948425292969 0.37076080322265625 0.02761627197265625 0.03036224365234375
2 0.383236083984375 0.39571205139160154 0.0276165771484375 0.030362701416015624
2 0.56736572265625 0.38924423217773435 0.031451416015625 0.033817138671875
2 0.5893983459472656 0.3665644836425781 0.03005615234375 0.03293487548828125
2 0.47679931640625 0.3656794738769531 0.025303955078125 0.027362213134765626
2 0.7733477783203125 0.3621596527099609 0.0282537841796875 0.03219757080078125
2 0.7884915161132813 0.35805282592773435 0.0282537841796875 0.03219772338867188
2 0.8862837219238281 0.3588230895996094 0.0282537841796875 0.032238006591796875
2 0.9001445007324219 0.35433082580566405 0.02466033935546875 0.027608795166015623
2 0.8064749145507812 0.3558935546875 0.02726043701171875 0.0307696533203125
2 0.8087847900390625 0.38233070373535155 0.0272601318359375 0.0307696533203125
2 0.8470126342773437 0.3799981689453125 0.02928070068359375 0.0328570556640625
2 0.392833251953125 0.48363815307617186 0.026448974609375 0.03016082763671875
2 0.7818818664550782 0.4769500732421875 0.025133056640625 0.028902587890625
2 0.7811924743652344 0.45078201293945314 0.02388427734375 0.027591094970703126
2 0.7993356323242188 0.45051261901855466 0.025133056640625 0.028902587890625
2 0.8404032897949218 0.4443524932861328 0.025133056640625 0.028902587890625
2 0.8789044189453125 0.4417860412597656 0.025133056640625 0.028902740478515626
2 0.43449844360351564 0.5460929870605469 0.02706451416015625 0.02822265625
2 0.412069091796875 0.5468403625488282 0.02710418701171875 0.02825836181640625
2 0.8491307067871093 0.536094970703125 0.02520751953125 0.03005950927734375
2 0.9241313552856445 0.5355851745605469 0.025207672119140625 0.030059814453125
2 0.9610791015625 0.6520732116699218 0.0307708740234375 0.026187744140625
2 0.48416717529296877 0.1890717315673828 0.0271319580078125 0.0285516357421875
2 0.5984719848632812 0.19107666015625 0.0271319580078125 0.02913360595703125
2 0.4288134765625 0.3552960205078125 0.0268603515625 0.02942230224609375
2 0.7639747619628906 0.47343902587890624 0.025133056640625 0.028902587890625
2 0.7560446166992187 0.5384002685546875 0.02302337646484375 0.02646820068359375
2 0.6217387390136718 0.5386933898925781 0.02056671142578125 0.02290863037109375
2 0.8642665100097656 0.3569950103759766 0.02532257080078125 0.028126983642578124
