2 0.5142375946044921 0.6839340209960938 0.02170135498046875 0.031600341796875
2 0.039024333953857425 0.7477644348144531 0.030967750549316407 0.02418701171875
2 0.03809639453887939 0.7699473571777343 0.029498157501220704 0.024942626953125
2 0.037486720085144046 0.7916950988769531 0.029498252868652344 0.024942626953125
2 0.04166666984558105 0.8086380004882813 0.02799072265625 0.0235772705078125
2 0.016648138836026193 0.8691751098632813 0.02971226900815964 0.0277069091796875
2 0.016902837678790094 0.9096510314941406 0.029609074890613554 0.02683563232421875
2 0.018883762359619142 0.9923458862304687 0.02971221923828125 0.02770660400390625
2 0.1313737964630127 0.7394784545898437 0.026568775177001954 0.02368560791015625
2 0.12705061912536622 0.7581422424316406 0.029710979461669923 0.0249755859375
2 0.106214017868042 0.7637017822265625 0.029501113891601562 0.0252386474609375
2 0.13588882446289063 0.7838235473632813 0.029501094818115234 0.0252386474609375
2 0.13241870880126952 0.802744140625 0.029657001495361327 0.0260162353515625
2 0.13568552017211913 0.8236610412597656 0.02950122833251953 0.02523895263671875
2 0.10765097618103027 0.8228781127929687 0.03185253143310547 0.02599212646484375
2 0.106214017868042 0.859027099609375 0.029501113891601562 0.0252386474609375
2 0.14376971244812012 0.8675033569335937 0.02859640121459961 0.02576568603515625
2 0.13588891983032225 0.8817909240722657 0.02950115203857422 0.0252386474609375
2 0.19441055297851562 0.7447154235839843 0.027102890014648436 0.024593505859375
2 0.19603662490844725 0.7668699645996093 0.03231723785400391 0.03206634521484375
2 0.19794759750366211 0.8110409545898437 0.02689502716064453 0.02594329833984375
2 0.1987605857849121 0.7882765197753906 0.026895103454589845 0.025943603515625
2 0.2036256217956543 0.8443740844726563 0.026895103454589845 0.025943603515625
2 0.2024232864379883 0.8701536560058594 0.02639141082763672 0.025469970703125
2 0.22257492065429688 0.7455734252929688 0.026044235229492188 0.02509033203125
2 0.22164640426635743 0.765751953125 0.027282676696777343 0.0264227294921875
2 0.22882152557373048 0.7817410278320313 0.027968215942382812 0.02628662109375
2 0.22225608825683593 0.8068087768554687 0.02743904113769531 0.02637603759765625
2 0.28446140289306643 0.7198097229003906 0.029501075744628905 0.0252386474609375
2 0.28792165756225585 0.7440310668945312 0.029501304626464844 0.02523895263671875
2 0.28943546295166017 0.7643601989746094 0.029501075744628905 0.0252386474609375
2 0.28968196868896484 0.8080223083496094 0.027398719787597656 0.02279632568359375
2 0.29448532104492187 0.9276416015625 0.033113136291503906 0.02663726806640625
2 0.316468334197998 0.7211074829101562 0.029501094818115234 0.0252386474609375
2 0.31637691497802733 0.7435861206054688 0.03404312133789063 0.0309942626953125
2 0.3170759057998657 0.7648114013671875 0.03294864654541016 0.02790313720703125
2 0.31661651611328123 0.8040042114257813 0.031559295654296875 0.026939697265625
2 0.3186935806274414 0.7847135925292968 0.029036178588867187 0.02529571533203125
2 0.312191047668457 0.8442242431640625 0.02959716796875 0.02529144287109375
2 0.37597320556640623 0.7204801940917969 0.026600494384765624 0.024693603515625
2 0.3791206359863281 0.7397886657714844 0.025707855224609374 0.0239312744140625
2 0.3766219711303711 0.76005615234375 0.026600341796875 0.02469329833984375
2 0.3850201416015625 0.8309526062011718 0.026672744750976564 0.02364837646484375
2 0.38202857971191406 0.8693771362304688 0.023572616577148438 0.02188140869140625
2 0.38419113159179685 0.9600993347167969 0.027465362548828125 0.0244854736328125
2 0.406574592590332 0.7164793395996094 0.028114166259765625 0.02583770751953125
2 0.40123466491699217 0.7407705688476562 0.0270733642578125 0.0245623779296875
2 0.4061187744140625 0.7558229064941406 0.029465179443359375 0.02764923095703125
2 0.4030910873413086 0.7975616455078125 0.029465179443359375 0.02764923095703125
2 0.4097361373901367 0.7722935485839844 0.027949752807617186 0.0233929443359375
2 0.4053511047363281 0.8342347717285157 0.025667572021484376 0.022279052734375
2 0.40731857299804686 0.8903018188476562 0.029602508544921875 0.02541290283203125
2 0.46736026763916017 0.7252198791503907 0.029351043701171874 0.02540069580078125
2 0.46480018615722657 0.7442636108398437 0.03081123352050781 0.0261785888671875
2 0.4660471725463867 0.7630351257324218 0.029350967407226564 0.025400390625
2 0.4655878829956055 0.780240478515625 0.03081123352050781 0.0261785888671875
2 0.46325130462646485 0.7977912902832032 0.02885459899902344 0.02571563720703125
2 0.46762302398681643 0.8187074279785156 0.029351043701171874 0.02540069580078125
2 0.4671904373168945 0.8363941955566406 0.02885459899902344 0.02571563720703125
2 0.49440860748291016 0.7449154663085937 0.029350967407226564 0.02540069580078125
2 0.4936848831176758 0.7630708312988281 0.028181610107421876 0.02298492431640625
2 0.49506465911865233 0.7824638366699219 0.029087905883789063 0.02499786376953125
2 0.4942613983154297 0.8540641784667968 0.0277587890625 0.023704833984375
2 0.4905231475830078 0.8725161743164063 0.03313446044921875 0.02622039794921875
2 0.5791369247436523 0.6925126647949219 0.029751739501953124 0.02772125244140625
2 0.581119155883789 0.7118841552734375 0.0270733642578125 0.0245623779296875
2 0.5818014907836914 0.7292999267578125 0.02946556091308594 0.0276495361328125
2 0.5791754150390624 0.7490811157226562 0.025922775268554688 0.02337188720703125
2 0.5804883956909179 0.76746337890625 0.025922775268554688 0.02337188720703125
2 0.582326774597168 0.7853205871582031 0.025922698974609373 0.02337188720703125
2 0.5807510375976562 0.8236607360839844 0.028007583618164064 0.024947509765625
2 0.5827388000488282 0.8031275939941406 0.02899986267089844 0.0264239501953125
2 0.556274299621582 0.8041737365722657 0.02873146057128906 0.02588958740234375
2 0.5538492965698242 0.7681275939941407 0.030183792114257812 0.02785186767578125
2 0.5519956970214843 0.7107405090332031 0.029929122924804687 0.02652313232421875
2 0.5533243942260743 0.7308984375 0.028608932495117187 0.026397705078125
2 0.5559348678588867 0.7497373962402344 0.029241409301757813 0.02573516845703125
2 0.5548997497558594 0.8243252563476563 0.0301837158203125 0.02785186767578125
2 0.5572479629516601 0.8797270202636719 0.02820648193359375 0.0283612060546875
2 0.5607930374145508 0.9122895812988281 0.025906906127929688 0.02310943603515625
2 0.6754364776611328 0.8707835388183593 0.02832855224609375 0.023079833984375
2 0.6805412292480468 0.8907565307617188 0.034779052734375 0.02678558349609375
2 0.6499639892578125 0.9837040710449219 0.028328704833984374 0.023079833984375
2 0.6756993103027343 0.8382203674316406 0.02832855224609375 0.023079833984375
2 0.7452574157714844 0.9016133117675781 0.0331201171875 0.028541259765625
2 0.7482930755615235 0.9191175842285156 0.02613067626953125 0.023109130859375
2 0.7561832427978515 0.981334228515625 0.027072296142578126 0.02306732177734375
2 0.7903481292724609 0.93482421875 0.03132659912109375 0.0261614990234375
2 0.7898228454589844 0.9019985961914062 0.03132644653320313 0.0261614990234375
2 0.8647747039794922 0.8783992004394531 0.02832855224609375 0.02307952880859375
2 0.8637081146240234 0.8923318481445313 0.02933258056640625 0.02310943603515625
2 0.8644957733154297 0.925419921875 0.0310107421875 0.02415985107421875
2 0.8648898315429687 0.9565390014648437 0.02832489013671875 0.0228466796875
2 0.8981256103515625 0.8791871643066407 0.02832855224609375 0.02307952880859375
2 0.8988970184326172 0.9267330932617187 0.02933258056640625 0.02310943603515625
2 0.8919635772705078 0.9071340942382813 0.026573638916015625 0.02120086669921875
2 0.8979779052734375 0.9586396789550782 0.027394256591796874 0.02232147216796875
2 0.8964024353027343 0.97544677734375 0.0273944091796875 0.02232147216796875
2 0.9000786590576172 0.9938288879394531 0.027394256591796874 0.02232147216796875
2 0.970325698852539 0.880645751953125 0.025735321044921874 0.02186614990234375
2 0.9684873199462891 0.8662026977539062 0.025735321044921874 0.02186614990234375
2 0.9662632751464844 0.9011473083496093 0.030740966796875 0.0239337158203125
2 0.9711134338378906 0.93211669921875 0.025735321044921874 0.02186614990234375
2 0.9679621124267578 0.9486605834960937 0.025735321044921874 0.02186614990234375
2 0.49426143646240234 0.9092112731933594 0.0277587890625 0.023704833984375
2 0.49125732421875 0.8177084350585937 0.031499481201171874 0.0275299072265625
2 0.5795693588256836 0.9385067749023438 0.02820648193359375 0.0283612060546875
2 0.9000560760498046 0.8642257690429688 0.02832855224609375 0.02307952880859375
2 0.8969439697265625 0.8949468994140625 0.0343743896484375 0.0262506103515625
2 0.9033458709716797 0.9439520263671874 0.029726715087890626 0.02269927978515625
