2 0.009795761108398438 0.46236993789672853 0.02156951904296875 0.03186164855957031
2 0.14182403564453125 0.4029183197021484 0.0258514404296875 0.031741485595703126
2 0.17742706298828126 0.4496957397460937 0.0258514404296875 0.031741485595703126
2 0.017618408203125 0.014603843688964844 0.02334716796875 0.029521026611328126
2 0.7874444580078125 0.9582984924316407 0.034898681640625 0.036304931640625
2 0.756448974609375 0.9535385131835937 0.0314154052734375 0.04092254638671875
2 0.5990533447265625 0.99512451171875 0.04135986328125 0.02959228515625
2 0.6165792846679687 0.9766056823730469 0.04135986328125 0.02959259033203125
2 0.6527780151367187 0.9854499816894531 0.038359375 0.0277801513671875
2 0.6593923950195313 0.9735450744628906 0.038359375 0.0277801513671875
2 0.5798727416992188 0.9580874633789063 0.04135986328125 0.02959259033203125
2 0.588470458984375 0.9451904296875 0.0413604736328125 0.02959228515625
2 0.6274923706054687 0.9432064819335938 0.04135986328125 0.02959228515625
2 0.6674929809570312 0.9593251037597657 0.0367059326171875 0.0280047607421875
2 0.6755960083007813 0.9454367065429687 0.038359375 0.02778045654296875
2 0.6835321044921875 0.9308860778808594 0.0383599853515625 0.02778045654296875
2 0.6901455688476562 0.917327880859375 0.0383599853515625 0.02777984619140625
2 0.698082275390625 0.9027777099609375 0.0383599853515625 0.02778045654296875
2 0.656085205078125 0.8968255615234375 0.0383599853515625 0.02777984619140625
2 0.6636907958984375 0.8835981750488281 0.0383599853515625 0.02778045654296875
2 0.6464950561523437 0.9146824645996093 0.0383599853515625 0.02778045654296875
2 0.7037042236328125 0.8845901489257812 0.038359375 0.02778045654296875
2 0.7356155395507813 0.8288691711425781 0.033399658203125 0.02659698486328125
2 0.7188418579101562 0.8546617126464844 0.032259521484375 0.02480316162109375
2 0.7271087646484375 0.8427569580078125 0.032259521484375 0.024803466796875
2 0.7142117309570313 0.8721882629394532 0.032259521484375 0.02480316162109375
2 0.7442129516601562 0.816964111328125 0.033399658203125 0.02659698486328125
2 0.7521499633789063 0.8020832824707032 0.033399658203125 0.02659698486328125
2 0.76736083984375 0.7726518249511719 0.033399658203125 0.02659698486328125
2 0.7743063354492188 0.7581021118164063 0.033399658203125 0.02659698486328125
2 0.7607473754882812 0.7881944274902344 0.033399658203125 0.02659698486328125
2 0.7321786499023437 0.7555876159667969 0.032791748046875 0.0258624267578125
2 0.7420986938476563 0.7416987609863281 0.032791748046875 0.0258624267578125
2 0.7156430053710937 0.7886564636230469 0.032791748046875 0.02586212158203125
2 0.691834716796875 0.7615397644042968 0.032791748046875 0.0258624267578125
2 0.6642617797851562 0.7998258972167969 0.036856689453125 0.0279937744140625
2 0.6491757202148437 0.8273468017578125 0.032791748046875 0.0258624267578125
2 0.68964111328125 0.8291365051269531 0.03735107421875 0.0288958740234375
2 0.6735208129882813 0.7862675476074219 0.036856689453125 0.0279937744140625
2 0.656656494140625 0.8130534362792968 0.0368572998046875 0.0279937744140625
2 0.7212649536132812 0.7764207458496094 0.032791748046875 0.02586212158203125
2 0.6356170654296875 0.8561167907714844 0.032791748046875 0.02586181640625
2 0.629334716796875 0.8716590881347657 0.032791748046875 0.0258624267578125
2 0.6217279052734375 0.8855479431152343 0.032791748046875 0.02586212158203125
2 0.6114764404296875 0.9004287719726562 0.032791748046875 0.02586212158203125
2 0.683896484375 0.8435504150390625 0.032791748046875 0.02586212158203125
2 0.6764691162109375 0.8622950744628907 0.03349365234375 0.02739410400390625
2 0.641416015625 0.8414616394042969 0.03349365234375 0.02739410400390625
2 0.698778076171875 0.81544189453125 0.032791748046875 0.02586181640625
2 0.863841552734375 0.8832693481445313 0.012396240234375 0.0290960693359375
2 0.8466464233398437 0.8753330993652344 0.0123956298828125 0.0290960693359375
2 0.8324264526367188 0.8693804931640625 0.0123956298828125 0.0290960693359375
2 0.80640380859375 0.867740478515625 0.0261444091796875 0.0356829833984375
2 0.879384765625 0.8912059020996094 0.0123956298828125 0.0290960693359375
2 0.8936044311523438 0.8971583557128906 0.0123956298828125 0.0290960693359375
2 0.9084848022460937 0.9044332885742188 0.0123956298828125 0.0290960693359375
2 0.9527972412109375 0.9255973815917968 0.012396240234375 0.0290960693359375
2 0.921051025390625 0.9090631103515625 0.01239501953125 0.0290960693359375
2 0.9392388916015625 0.9189840698242188 0.012396240234375 0.0290960693359375
2 0.96635498046875 0.9351873779296875 0.0123956298828125 0.0290960693359375
2 0.980574951171875 0.9447775268554688 0.0123956298828125 0.0290960693359375
2 0.9951248168945312 0.9507295227050782 0.0123956298828125 0.0290960693359375
2 0.96345947265625 0.8630955505371094 0.018848876953125 0.037576904296875
2 0.9464950561523438 0.8559196472167969 0.0166693115234375 0.03551513671875
2 0.9281475830078125 0.8502243041992188 0.0170074462890625 0.04029266357421875
2 0.89306884765625 0.8318597412109375 0.016297607421875 0.03337127685546875
2 0.8752127075195313 0.82392333984375 0.0162969970703125 0.0333709716796875
2 0.9102651977539062 0.8391351318359375 0.0162969970703125 0.03337066650390625
2 0.9830950927734375 0.8812074279785156 0.0190997314453125 0.0398345947265625
2 0.98974853515625 0.9839617919921875 0.0145709228515625 0.02943115234375
2 0.9751986694335938 0.9770172119140625 0.0145709228515625 0.02943115234375
2 0.9487442016601563 0.9561842346191406 0.0145709228515625 0.02943115234375
2 0.96230224609375 0.96808837890625 0.0145709228515625 0.02943115234375
2 0.9186572265625 0.9450143432617187 0.0132147216796875 0.0289178466796875
2 0.9041070556640625 0.9374085998535157 0.0132147216796875 0.0289178466796875
2 0.8740145874023437 0.9238504028320312 0.0132147216796875 0.0289178466796875
2 0.8893853759765625 0.92791015625 0.0122552490234375 0.029761962890625
2 0.8584725952148438 0.9149217224121093 0.0132147216796875 0.0289178466796875
2 0.830853271484375 0.9016204833984375 0.012235107421875 0.0274468994140625
2 0.8447427368164062 0.9075727844238282 0.0122625732421875 0.0300927734375
2 0.9369549560546875 0.9496211242675782 0.015911865234375 0.02953369140625
2 0.8588339233398438 0.9883683776855469 0.026822509765625 0.03119964599609375
2 0.975555419921875 0.6472764587402344 0.016456298828125 0.027327880859375
2 0.9906954956054688 0.6564323425292968 0.0165008544921875 0.0288232421875
2 0.9956802368164063 0.5813720703125 0.021632080078125 0.027625732421875
2 0.7337924194335937 0.4614997863769531 0.03934814453125 0.02905975341796875
2 0.6089703369140625 0.4469118499755859 0.030958251953125 0.020588226318359375
2 0.618502197265625 0.46151525497436524 0.0270025634765625 0.017442550659179688
2 0.636365966796875 0.4693104553222656 0.02979248046875 0.02009185791015625
2 0.6532351684570312 0.47794097900390625 0.0300665283203125 0.019705810546875
2 0.6721945190429688 0.48804962158203125 0.0302716064453125 0.01992218017578125
2 0.6872747802734375 0.495731201171875 0.0301568603515625 0.01940338134765625
2 0.7250003051757813 0.5148529052734375 0.0323529052734375 0.02134124755859375
2 0.7060186767578125 0.5062846374511719 0.0302716064453125 0.01992218017578125
2 0.8018756103515625 0.5545353698730469 0.031397705078125 0.0181878662109375
2 0.7416064453125 0.5259906005859375 0.0302716064453125 0.0199224853515625
2 0.7745477294921875 0.5430491638183593 0.0302716064453125 0.01992218017578125
2 0.8205105590820313 0.5642610168457032 0.03015625 0.01940399169921875
2 0.8399224853515626 0.575142822265625 0.0301568603515625 0.01940338134765625
2 0.8586654663085938 0.5856965637207031 0.0302716064453125 0.01992218017578125
2 0.6413079833984375 0.3678759002685547 0.0315020751953125 0.02428131103515625
2 0.65630859375 0.34464073181152344 0.0315020751953125 0.02428131103515625
2 0.685426025390625 0.31199356079101564 0.0315020751953125 0.02428131103515625
2 0.6923074340820312 0.29715179443359374 0.034207763671875 0.02539520263671875
2 0.7078240966796875 0.14631683349609376 0.027412109375 0.02236602783203125
2 0.7157650756835937 0.13455253601074219 0.0274127197265625 0.022366180419921874
2 0.7284121704101563 0.10808174133300781 0.0274127197265625 0.02236602783203125
2 0.735765380859375 0.09425804138183594 0.027412109375 0.022366180419921874
2 0.7522357177734375 0.06366989135742188 0.027412109375 0.02236602783203125
2 0.7435455322265625 0.07614906311035156 0.0317962646484375 0.025533294677734374
2 0.6981179809570313 0.1601403045654297 0.0274127197265625 0.0223663330078125
2 0.7232357788085938 0.11897056579589843 0.0317645263671875 0.0253729248046875
2 0.11044952392578125 0.28089897155761717 0.03043701171875 0.024431915283203126
2 0.12466583251953126 0.31584213256835936 0.028074951171875 0.023116455078125
2 0.2795675659179688 0.42762351989746095 0.03043701171875 0.024431915283203126
2 0.4079718017578125 0.08408462524414062 0.024500732421875 0.03314315795898438
2 0.4641217041015625 0.11449920654296875 0.024500732421875 0.03314300537109375
2 0.4791619873046875 0.11817558288574219 0.024500732421875 0.03314315795898438
2 0.4510870361328125 0.10714622497558594 0.024500732421875 0.03314315795898438
2 0.43870269775390625 0.09412506103515625 0.0251318359375 0.0323382568359375
2 0.48218048095703125 0.08024742126464844 0.0271942138671875 0.03670623779296875
2 0.7579833984375 0.6883901977539062 0.0281512451171875 0.02183349609375
2 0.9728903198242187 0.7107838439941406 0.0281512451171875 0.02183349609375
