5 0.5648666381835937 0.865849609375 0.007288818359375 0.026534423828125
5 0.5639584350585938 0.8376065063476562 0.007288818359375 0.026534423828125
5 0.5634487915039063 0.8092306518554687 0.007288818359375 0.026534423828125
5 0.5622763061523437 0.778599853515625 0.0072900390625 0.026534423828125
5 0.562828369140625 0.7491616821289062 0.007288818359375 0.026534423828125
5 0.562186279296875 0.719990234375 0.0072900390625 0.026534423828125
5 0.5611248779296875 0.6885592651367187 0.0070672607421875 0.02906005859375
5 0.5600076293945313 0.6591775512695313 0.0072216796875 0.028232421875
5 0.5580938720703125 0.6304592895507812 0.0071099853515625 0.0272808837890625
5 0.5575836181640625 0.6016851806640625 0.0071099853515625 0.0272808837890625
5 0.55680908203125 0.5718496704101562 0.0071099853515625 0.0272808837890625
5 0.7154367065429688 0.4210623168945313 0.0063751220703125 0.026534423828125
5 0.709937744140625 0.42081207275390625 0.0063751220703125 0.026534423828125
5 0.7043124389648437 0.421937255859375 0.0063751220703125 0.0265338134765625
5 0.69856201171875 0.4225616455078125 0.0063751220703125 0.0265338134765625
5 0.6930624389648438 0.42256256103515627 0.0063751220703125 0.0265338134765625
5 0.6880624389648438 0.4198126220703125 0.0063751220703125 0.026534423828125
5 0.6783120727539063 0.41968719482421873 0.00637451171875 0.0265338134765625
5 0.67168701171875 0.41993682861328124 0.0063751220703125 0.0265338134765625
5 0.6620004272460938 0.4213128662109375 0.00675048828125 0.0263189697265625
5 0.65675048828125 0.42156280517578126 0.00675048828125 0.026319580078125
5 0.65112548828125 0.42193756103515623 0.00675048828125 0.0263189697265625
5 0.645250244140625 0.4228131103515625 0.0067498779296875 0.026319580078125
5 0.639625244140625 0.42331298828125 0.0067498779296875 0.0263189697265625
5 0.6345004272460938 0.42456268310546874 0.00675048828125 0.0263189697265625
5 0.629000244140625 0.42556304931640626 0.0067498779296875 0.0263189697265625
5 0.6227505493164063 0.42481292724609376 0.0067498779296875 0.0263189697265625
5 0.6128753662109375 0.42556243896484375 0.0067498779296875 0.026318359375
5 0.6070004272460937 0.4248126220703125 0.00675048828125 0.0263189697265625
5 0.6008755493164063 0.4256878662109375 0.0067498779296875 0.0263189697265625
5 0.5953756713867188 0.4265625 0.0067498779296875 0.026318359375
5 0.5901254272460937 0.426812744140625 0.00675048828125 0.0263189697265625
5 0.5843756103515625 0.4271881103515625 0.0067498779296875 0.026319580078125
5 0.588250732421875 0.3985626220703125 0.00675048828125 0.0263189697265625
5 0.5938760375976563 0.39781280517578127 0.00675048828125 0.026319580078125
5 0.5987506103515625 0.3965625 0.0067498779296875 0.026319580078125
5 0.6052505493164062 0.396187744140625 0.0067498779296875 0.0263189697265625
5 0.6207501220703125 0.3948126220703125 0.00675048828125 0.0263189697265625
5 0.6315005493164062 0.3946875 0.0067498779296875 0.026319580078125
5 0.6375009155273438 0.3946875 0.0067498779296875 0.026319580078125
5 0.6430007934570312 0.39243804931640625 0.00675048828125 0.0263189697265625
5 0.7115628051757813 0.28312469482421876 0.0061248779296875 0.026846923828125
5 0.700687255859375 0.28374969482421875 0.0061248779296875 0.026846923828125
5 0.6946878051757812 0.28425018310546873 0.0061248779296875 0.0268463134765625
5 0.6896881103515625 0.28425018310546873 0.0061248779296875 0.0268463134765625
5 0.6841879272460938 0.28500030517578123 0.0061248779296875 0.026846923828125
5 0.6790628051757812 0.28537506103515625 0.0061248779296875 0.0268463134765625
5 0.6648129272460938 0.28050018310546876 0.0061248779296875 0.0268463134765625
5 0.6594381713867188 0.28074981689453127 0.0061248779296875 0.0268463134765625
5 0.6538131713867188 0.2804998779296875 0.0061248779296875 0.0268463134765625
5 0.6486874389648437 0.2815008544921875 0.0061248779296875 0.0268463134765625
5 0.64268798828125 0.28137542724609377 0.00612548828125 0.0268463134765625
5 0.6366879272460938 0.281875 0.0061248779296875 0.026846923828125
5 0.631812744140625 0.2817498779296875 0.0061248779296875 0.0268463134765625
5 0.626688232421875 0.28200042724609375 0.0061248779296875 0.0268463134765625
5 0.621187744140625 0.2813751220703125 0.0061248779296875 0.0268463134765625
5 0.6150625610351562 0.28175048828125 0.0061248779296875 0.0268463134765625
5 0.60956298828125 0.2820001220703125 0.00612548828125 0.0268463134765625
5 0.6040631103515625 0.282249755859375 0.0061248779296875 0.0268463134765625
5 0.5989376831054688 0.28237548828125 0.00612548828125 0.0268463134765625
5 0.5938128662109375 0.2820001220703125 0.0061248779296875 0.0268463134765625
5 0.58768798828125 0.280999755859375 0.00612548828125 0.0268463134765625
5 0.5825628662109374 0.281375732421875 0.0061248779296875 0.0268463134765625
5 0.5769378662109375 0.282125244140625 0.0061248779296875 0.0268463134765625
5 0.5718124389648438 0.2822503662109375 0.0061248779296875 0.0268463134765625
5 0.6496875 0.3110003662109375 0.0061248779296875 0.0268463134765625
5 0.6444381713867188 0.311500244140625 0.0061248779296875 0.0268463134765625
5 0.6388131713867188 0.3116253662109375 0.0061248779296875 0.0268463134765625
5 0.6333126831054687 0.31199981689453127 0.00612548828125 0.0268463134765625
5 0.6275631713867188 0.3128750610351563 0.0061248779296875 0.0268463134765625
5 0.622313232421875 0.3127505493164062 0.0061248779296875 0.0268463134765625
