2 0.5242622375488282 0.9301576232910156 0.01802734375 0.0098565673828125
2 0.45298919677734373 0.9877680969238282 0.00942626953125 0.01605865478515625
2 0.4189654541015625 0.9561204528808593 0.01379302978515625 0.0072412109375
2 0.4247413635253906 0.93362060546875 0.01810333251953125 0.0077587890625
2 0.4224612426757812 0.91760986328125 0.01566680908203125 0.00815155029296875
2 0.4232505798339844 0.9071209716796875 0.0156671142578125 0.00815155029296875
2 0.4232569885253906 0.8900535583496094 0.01566680908203125 0.00815155029296875
2 0.38310089111328127 0.9313774108886719 0.01379302978515625 0.0072412109375
2 0.3831071472167969 0.9144662475585937 0.01379302978515625 0.00724151611328125
2 0.38154693603515627 0.9069635009765625 0.01379302978515625 0.006282958984375
2 0.38188064575195313 0.886182861328125 0.01662689208984375 0.00952117919921875
2 0.38094741821289063 0.8728746032714844 0.016627197265625 0.00952117919921875
2 0.38220657348632814 0.859722900390625 0.01662689208984375 0.0095208740234375
2 0.3811033630371094 0.8493315124511719 0.01692901611328125 0.00850250244140625
2 0.3819804382324219 0.8375619506835937 0.0202264404296875 0.0115936279296875
2 0.32348663330078126 0.9290266418457032 0.01783966064453125 0.0081744384765625
2 0.3233616638183594 0.9189019775390626 0.01783966064453125 0.00817474365234375
2 0.3249864196777344 0.9101519775390625 0.01783966064453125 0.00817474365234375
2 0.3244378662109375 0.9028239440917969 0.01565826416015625 0.0078973388671875
2 0.3256878662109375 0.89057373046875 0.01565826416015625 0.0078973388671875
2 0.3269380187988281 0.8763236999511719 0.01565826416015625 0.0078973388671875
2 0.46518768310546876 0.79625 0.00912841796875 0.0182501220703125
