2 0.39784286499023436 0.09263351440429687 0.03041755676269531 0.02386932373046875
2 0.38993812561035157 0.10623641967773438 0.03041755676269531 0.02386932373046875
2 0.35477935791015625 0.168382568359375 0.029779586791992187 0.0230267333984375
2 0.3817097091674805 0.2349267578125 0.02077201843261719 0.026741943359375
2 0.3899932861328125 0.27870758056640627 0.023386688232421876 0.029349365234375
2 0.418302001953125 0.2917593383789063 0.023386764526367187 0.029349365234375
2 0.4504712677001953 0.30830322265625 0.023386688232421876 0.029349365234375
2 0.4875236129760742 0.33173431396484376 0.023576812744140627 0.028909912109375
2 0.5122446823120117 0.3476416015625 0.023387069702148437 0.0293499755859375
2 0.5579278182983398 0.36868255615234374 0.023576812744140627 0.028909912109375
2 0.5288604736328125 0.35349273681640625 0.0279412841796875 0.035736083984375
2 0.46619792938232424 0.18766357421875 0.023651580810546875 0.0286981201171875
2 0.5074097442626954 0.208565673828125 0.022094650268554686 0.027015380859375
2 0.5332050323486328 0.22155181884765626 0.024755401611328123 0.029832763671875
2 0.5620954513549805 0.2396563720703125 0.024755325317382813 0.029832763671875
2 0.5476837158203125 0.23392608642578125 0.0236669921875 0.028387451171875
2 0.5743040466308593 0.2474871826171875 0.022592926025390626 0.0262347412109375
2 0.4423888397216797 0.22988739013671874 0.024993133544921876 0.032252197265625
2 0.5524775695800781 0.28827880859375 0.02286186218261719 0.0269232177734375
2 0.5172381973266602 0.09868072509765625 0.023651504516601564 0.0286981201171875
2 0.5438175582885743 0.11004440307617187 0.023651580810546875 0.02869781494140625
2 0.6096879577636719 0.15222442626953125 0.023651580810546875 0.0286981201171875
2 0.5957242584228516 0.142113037109375 0.024790420532226562 0.0312017822265625
2 0.5816638565063477 0.13344570159912109 0.024790420532226562 0.031201934814453124
2 0.569337387084961 0.12554901123046874 0.024790267944335937 0.0312017822265625
2 0.5296611022949219 0.10474761962890625 0.024790267944335937 0.0312017822265625
2 0.5044297027587891 0.090302734375 0.026066741943359374 0.0331280517578125
2 0.623362922668457 0.1593511962890625 0.02365165710449219 0.0286981201171875
2 0.6508090209960937 0.1767816162109375 0.024556732177734374 0.03004638671875
2 0.5937981796264649 0.17639617919921874 0.024790573120117187 0.0312017822265625
2 0.5792199325561523 0.17014434814453125 0.02438743591308594 0.0317950439453125
2 0.5663985824584961 0.15991943359375 0.0233978271484375 0.0294500732421875
2 0.5523382949829102 0.15163787841796875 0.0233978271484375 0.0294500732421875
2 0.6088683319091797 0.18341278076171874 0.021181640625 0.02558837890625
2 0.6221108245849609 0.06622695922851562 0.024790267944335937 0.0312017822265625
2 0.63790452003479 0.0727752685546875 0.024790306091308594 0.0312017822265625
2 0.6080508422851563 0.05948577880859375 0.024790267944335937 0.0312017822265625
2 0.5918720245361329 0.04831497192382812 0.024790420532226562 0.0312017822265625
2 0.7443544006347657 0.0235211181640625 0.030693359375 0.0238140869140625
2 0.7262248229980469 0.0496820068359375 0.030057220458984374 0.02168701171875
2 0.8253817749023438 0.0476934814453125 0.030216217041015625 0.0228216552734375
2 0.8517811584472657 0.008208084106445312 0.03021636962890625 0.01855133056640625
2 0.8038325500488281 0.01141582489013672 0.020833282470703124 0.024066314697265626
2 0.7374364471435547 0.038152313232421874 0.028943939208984373 0.022398681640625
2 0.7231858062744141 0.33106414794921873 0.02328948974609375 0.02974365234375
2 0.7825251007080078 0.27847320556640626 0.022396240234375 0.0279254150390625
2 0.7981671905517578 0.25164703369140623 0.0214154052734375 0.0270770263671875
2 0.806700210571289 0.3770257568359375 0.0223455810546875 0.02598388671875
2 0.8596749877929688 0.40823516845703123 0.022792205810546876 0.0287567138671875
2 0.857747802734375 0.31887054443359375 0.0232769775390625 0.027044677734375
2 0.8339649963378907 0.18310882568359374 0.021415557861328125 0.02707763671875
2 0.7966024780273437 0.157283935546875 0.02219207763671875 0.0304132080078125
2 0.9833319091796875 0.21464324951171876 0.023574676513671875 0.0283258056640625
2 0.9470161437988281 0.191519775390625 0.024807281494140625 0.0308978271484375
2 0.9848435974121094 0.12794124603271484 0.022490234375 0.027855377197265625
2 0.9885704803466797 0.4790103149414062 0.023267974853515627 0.0284173583984375
2 0.02927403450012207 0.6649456787109375 0.03734095573425293 0.0227935791015625
2 0.19635381698608398 0.7016073608398438 0.03636802673339844 0.0189990234375
2 0.10284087181091309 0.591156005859375 0.02572267532348633 0.0160137939453125
2 0.7134796142578125 0.707923583984375 0.027918701171875 0.0172412109375
2 0.7675236511230469 0.6810855102539063 0.027918701171875 0.0172412109375
2 0.8351708221435546 0.7242840576171875 0.027918853759765626 0.0172412109375
2 0.9645905303955078 0.8092022705078125 0.0284100341796875 0.0163958740234375
5 0.14559595584869384 0.38110931396484377 0.07311312675476074 0.0319647216796875
5 0.1428624439239502 0.39743499755859374 0.07315810203552246 0.033404541015625
2 0.9509668731689453 0.24833892822265624 0.024259490966796873 0.029930419921875
