0 0.01626983642578125 0.3743561172485352 0.031885986328125 0.021647872924804686
0 0.014084014892578125 0.5442693328857422 0.02832122802734375 0.02577598571777344
0 0.5850534057617187 0.5456493759155273 0.0680731201171875 0.06863945007324218
2 0.43799346923828125 0.3536184310913086 0.00756591796875 0.016447372436523437
2 0.4297698974609375 0.3523026275634766 0.00756591796875 0.016447372436523437
2 0.41167755126953126 0.35296051025390623 0.00756591796875 0.016447372436523437
2 0.392598876953125 0.3523026275634766 0.00756591796875 0.016447372436523437
2 0.3827301025390625 0.3519736862182617 0.00756591796875 0.016447372436523437
2 0.3728619384765625 0.35328948974609375 0.00756591796875 0.016447372436523437
2 0.456907958984375 0.33174312591552735 0.02209716796875 0.01875030517578125
2 0.427708740234375 0.23553638458251952 0.0182666015625 0.009905815124511719
2 0.3968682861328125 0.26434085845947264 0.022684326171875 0.0109185791015625
2 0.35426177978515627 0.2871910285949707 0.017841796875 0.009908409118652343
2 0.3542608642578125 0.2967304420471191 0.017841796875 0.009908409118652343
2 0.35294647216796876 0.3069278717041016 0.0178411865234375 0.009908370971679688
2 0.3526171875 0.31482261657714844 0.0178411865234375 0.009908370971679688
2 0.3526165771484375 0.3223884201049805 0.0178411865234375 0.009908370971679688
2 0.35261627197265627 0.3335725784301758 0.0178411865234375 0.009908370971679688
2 0.33287994384765623 0.33423049926757814 0.017841796875 0.009908370971679688
2 0.33255096435546877 0.34311206817626955 0.017841796875 0.009908447265625
2 0.3322216796875 0.35034885406494143 0.017841796875 0.009908370971679688
2 0.33123504638671875 0.36383575439453125 0.0178411865234375 0.009908447265625
2 0.32991943359375 0.26745412826538084 0.017841796875 0.009908409118652343
2 0.3088812255859375 0.2730263137817383 0.0171051025390625 0.020810623168945313
2 0.2973687744140625 0.2322368812561035 0.0190411376953125 0.00921051025390625
2 0.2960528564453125 0.24210529327392577 0.0190411376953125 0.009210548400878905
2 0.2963818359375 0.25328947067260743 0.0190411376953125 0.009210548400878905
2 0.2973687744140625 0.28750003814697267 0.0190411376953125 0.00921051025390625
2 0.2970391845703125 0.2976973533630371 0.0190411376953125 0.00921051025390625
2 0.297039794921875 0.30592103958129885 0.0190411376953125 0.009210548400878905
2 0.2967111206054687 0.31414472579956054 0.0190411376953125 0.009210548400878905
2 0.29605224609375 0.32730262756347656 0.0190411376953125 0.00921051025390625
2 0.2953948974609375 0.34276317596435546 0.019041748046875 0.00921051025390625
2 0.26578948974609373 0.34407894134521483 0.0190411376953125 0.00921051025390625
2 0.26546142578125 0.33585525512695313 0.0190411376953125 0.00921051025390625
2 0.264473876953125 0.3263157653808594 0.0190411376953125 0.009210586547851562
2 0.26447357177734376 0.31578947067260743 0.0190411376953125 0.009210548400878905
2 0.2651318359375 0.306907901763916 0.0190411376953125 0.009210548400878905
2 0.2654608154296875 0.2993421363830566 0.0190411376953125 0.009210548400878905
2 0.2654608154296875 0.2894737243652344 0.0190411376953125 0.00921051025390625
2 0.2651318359375 0.27993423461914063 0.0190411376953125 0.00921051025390625
2 0.26513092041015623 0.2700657844543457 0.0190411376953125 0.009210548400878905
2 0.26348785400390623 0.2601974105834961 0.0190411376953125 0.00921051025390625
2 0.26381622314453124 0.24144739151000977 0.0190411376953125 0.009210548400878905
2 0.477032470703125 0.05734487533569336 0.0092437744140625 0.017270259857177735
2 0.4781454467773438 0.16801221847534178 0.016982421875 0.009743881225585938
2 0.5199057006835938 0.14128619194030761 0.0103009033203125 0.01809610366821289
2 0.33337921142578125 0.16912582397460937 0.01865234375 0.008652305603027344
2 0.4697940063476562 0.05706647872924805 0.0092437744140625 0.017270259857177735
2 0.46032867431640623 0.05790165901184082 0.0092437744140625 0.017270259857177735
2 0.441676025390625 0.05790166854858399 0.0092437744140625 0.017270259857177735
2 0.415784912109375 0.059015235900878905 0.0092437744140625 0.017270259857177735
2 0.40353607177734374 0.05818005561828613 0.0092437744140625 0.017270259857177735
2 0.36762237548828125 0.05762326240539551 0.0092437744140625 0.017270259857177735
2 0.33115234375 0.057623281478881835 0.0092437744140625 0.017270259857177735
2 0.1744146728515625 0.05678808212280274 0.0092437744140625 0.017270298004150392
2 0.164949951171875 0.05511770248413086 0.0092437744140625 0.017270259857177735
2 0.15464935302734376 0.054560880661010745 0.0092437744140625 0.017270259857177735
2 0.13571807861328125 0.06012884140014649 0.0092437744140625 0.017270259857177735
2 0.1184576416015625 0.057623281478881835 0.0092437744140625 0.017270298004150392
