5 0.643992919921875 0.736260986328125 0.012669677734375 0.08135772705078125
2 0.7392886352539062 0.019374237060546876 0.019674072265625 0.00775115966796875
2 0.67393798828125 0.006468963623046875 0.0174603271484375 0.01375030517578125
2 0.6691140747070312 0.13687797546386718 0.0207708740234375 0.0159942626953125
2 0.6671875 0.1516252899169922 0.022125244140625 0.020016021728515625
5 0.60845703125 0.17469512939453125 0.0101324462890625 0.0439453125
5 0.6289019775390625 0.2701708221435547 0.0088348388671875 0.041666717529296876
5 0.6428903198242187 0.27090972900390625 0.0088348388671875 0.041666717529296876
5 0.6584243774414062 0.26943756103515626 0.0095758056640625 0.04184478759765625
5 0.6845550537109375 0.2639870452880859 0.008250732421875 0.023704681396484375
5 0.7374588012695312 0.228255615234375 0.014832763671875 0.01801116943359375
5 0.7491876220703125 0.2246247100830078 0.0173089599609375 0.021999969482421874
5 0.8453668212890625 0.2583917236328125 0.039267578125 0.022216644287109375
5 0.8040054321289063 0.31435035705566405 0.022071533203125 0.028926544189453125
5 0.747010498046875 0.35984771728515624 0.0185986328125 0.02197906494140625
5 0.7294863891601563 0.3708695983886719 0.0185986328125 0.02197906494140625
5 0.807203369140625 0.4118816375732422 0.040595703125 0.03323760986328125
5 0.820328369140625 0.4270063018798828 0.040595703125 0.03323760986328125
5 0.7480807495117188 0.5602154541015625 0.0195892333984375 0.02306884765625
5 0.7684844970703125 0.8511030578613281 0.0430963134765625 0.0130755615234375
5 0.802330322265625 0.8504916381835937 0.02074951171875 0.01144012451171875
5 0.82572998046875 0.8509750366210938 0.0208282470703125 0.0115960693359375
5 0.8688726806640625 0.8544729614257812 0.0396246337890625 0.0108270263671875
5 0.9927484130859375 0.8217800903320313 0.021900634765625 0.02154998779296875
5 0.973997802734375 0.8094050598144531 0.021900634765625 0.02154998779296875
5 0.996998291015625 0.8031547546386719 0.021900634765625 0.02154998779296875
6 0.7423611450195312 0.9682870483398438 0.0384259033203125 0.039351806640625
