5 0.355867919921875 0.036969451904296874 0.0167864990234375 0.00599090576171875
5 0.32765716552734375 0.0304803466796875 0.020438232421875 0.00621917724609375
5 0.32753173828125 0.024355316162109376 0.020438232421875 0.00621917724609375
5 0.327657470703125 0.018980255126953127 0.020438232421875 0.006219482421875
5 0.32703216552734377 0.01323028564453125 0.020438232421875 0.006219482421875
5 0.3272808837890625 0.007480010986328125 0.0204376220703125 0.00621917724609375
5 0.3271563720703125 0.00246002197265625 0.0204376220703125 0.005089874267578125
5 0.8158135986328126 0.036875 0.016026611328125 0.005
5 0.8153131103515625 0.0247503662109375 0.016026611328125 0.005
5 0.8148748779296875 0.013937530517578125 0.0168218994140625 0.00487518310546875
5 0.81387451171875 0.002812347412109375 0.0168212890625 0.0048748779296875
5 0.7900003051757812 0.0264373779296875 0.0168218994140625 0.00487518310546875
