2 0.16190643310546876 0.9017996215820312 0.0188751220703125 0.0105712890625
2 0.18129119873046876 0.902637939453125 0.0188751220703125 0.0105712890625
2 0.2091064453125 0.883067626953125 0.0090875244140625 0.017254638671875
2 0.22320098876953126 0.88037841796875 0.009508056640625 0.015579833984375
2 0.321124267578125 0.8757421875 0.017939453125 0.012611083984375
2 0.370924072265625 0.8574777221679688 0.017939453125 0.012611083984375
2 0.393831787109375 0.8523812866210938 0.017939453125 0.012611083984375
2 0.4401080322265625 0.865645751953125 0.017939453125 0.012611083984375
3 0.3423724365234375 0.8545376586914063 0.0176214599609375 0.02916015625
2 0.22385345458984374 0.9734103393554687 0.0156884765625 0.0074005126953125
2 0.7779373168945313 0.9308126831054687 0.01512451171875 0.01476806640625
