2 0.05812179565429688 0.328173828125 0.02499725341796875 0.0298468017578125
2 0.027855682373046874 0.31390228271484377 0.0249969482421875 0.0298468017578125
2 0.10315826416015625 0.08000518798828125 0.025474853515625 0.03103302001953125
2 0.0084393310546875 0.0216644287109375 0.019193115234375 0.02911285400390625
2 0.03392776489257812 0.03684280395507813 0.0261407470703125 0.0322198486328125
2 0.11842742919921875 0.08661849975585938 0.0234796142578125 0.03011016845703125
2 0.1332666015625 0.09179214477539062 0.023822021484375 0.02911285400390625
2 0.2223394775390625 0.04220794677734375 0.0238226318359375 0.0291131591796875
2 0.05506256103515625 0.9656512451171875 0.02851226806640625 0.0167572021484375
2 0.198641357421875 0.9547967529296875 0.02771728515625 0.0111700439453125
2 0.453409423828125 0.9509817504882813 0.0234869384765625 0.0101239013671875
2 0.31064056396484374 0.8266012573242187 0.02892578125 0.0134295654296875
2 0.5891531372070312 0.9486050415039062 0.0262457275390625 0.011983642578125
2 0.9595635986328125 0.8523114013671875 0.02739990234375 0.0143768310546875
2 0.9421719360351563 0.8757247924804688 0.028406982421875 0.014051513671875
2 0.3007208251953125 0.20452972412109374 0.0285968017578125 0.0217486572265625
2 0.3580258178710938 0.10912765502929687 0.0285968017578125 0.0217486572265625
2 0.36558197021484373 0.09306915283203125 0.0285968017578125 0.0217486572265625
2 0.5946157836914062 0.02063934326171875 0.0233001708984375 0.03083587646484375
2 0.6119338989257812 0.024732666015625 0.023299560546875 0.03083526611328125
2 0.6252755737304687 0.0322882080078125 0.0260546875 0.0343182373046875
2 0.6386972045898438 0.040790557861328125 0.023299560546875 0.03083587646484375
2 0.6796286010742187 0.06566452026367188 0.023299560546875 0.03083587646484375
2 0.69280029296875 0.07542831420898438 0.022564697265625 0.028028564453125
2 0.6518133544921875 0.050432891845703126 0.0218243408203125 0.02715576171875
2 0.6651446533203125 0.057635345458984376 0.0226702880859375 0.03022674560546875
2 0.5366815185546875 0.024732818603515627 0.023299560546875 0.03083587646484375
2 0.5527398681640625 0.030400390625 0.023299560546875 0.03083526611328125
2 0.578873291015625 0.04866195678710938 0.023299560546875 0.03083587646484375
2 0.595245361328125 0.053070068359375 0.0233001708984375 0.03083587646484375
2 0.6223236083984375 0.07085968017578125 0.0258184814453125 0.034681396484375
2 0.6342880249023437 0.07936050415039063 0.025819091796875 0.034681396484375
2 0.6613662719726563 0.0966778564453125 0.025819091796875 0.034681396484375
2 0.675849609375 0.10454940795898438 0.025819091796875 0.034681396484375
2 0.6933251953125 0.10706863403320313 0.022984619140625 0.03190399169921875
2 0.8303164672851563 0.02385955810546875 0.023668212890625 0.02879669189453125
2 0.859598388671875 0.0363165283203125 0.0236676025390625 0.02879638671875
2 0.7618820190429687 0.148291015625 0.0262408447265625 0.0346722412109375
2 0.74638671875 0.142646484375 0.0244561767578125 0.0307659912109375
2 0.7756683349609375 0.1547039794921875 0.02445556640625 0.030765380859375
2 0.7874789428710938 0.1638079833984375 0.02445556640625 0.030765380859375
2 0.8015045166015625 0.173896484375 0.0244561767578125 0.030765380859375
2 0.8181594848632813 0.177952880859375 0.0276885986328125 0.0349407958984375
2 0.8320162963867187 0.1844775390625 0.02445556640625 0.030765380859375
2 0.8718402099609375 0.047786407470703125 0.02698974609375 0.0338153076171875
2 0.883958740234375 0.05624786376953125 0.023668212890625 0.02879669189453125
2 0.8997067260742188 0.062153472900390624 0.023668212890625 0.02879669189453125
2 0.9272659301757813 0.07814712524414062 0.023668212890625 0.02879669189453125
2 0.9134243774414063 0.0704241943359375 0.0225604248046875 0.02696044921875
2 0.9407586669921875 0.08281570434570312 0.026201171875 0.03427093505859375
2 0.9553253173828125 0.09247024536132813 0.0263018798828125 0.0342523193359375
2 0.9683584594726562 0.1012774658203125 0.0236676025390625 0.02879638671875
2 0.9523635864257812 0.1280984878540039 0.023668212890625 0.028796844482421875
2 0.885189208984375 0.08995849609375 0.0236676025390625 0.02879638671875
2 0.89970703125 0.0966021728515625 0.023668212890625 0.02879669189453125
2 0.926044921875 0.11289398193359375 0.026302490234375 0.03425323486328125
2 0.9385848999023437 0.120716552734375 0.0236676025390625 0.02879638671875
2 0.8273641967773437 0.060184783935546875 0.023668212890625 0.02879669189453125
2 0.8150616455078125 0.0498504638671875 0.0236676025390625 0.02879638671875
2 0.8449411010742187 0.06417892456054687 0.0263983154296875 0.0336505126953125
2 0.8706716918945312 0.08257644653320312 0.023668212890625 0.02879669189453125
2 0.8582843017578125 0.07345565795898437 0.0226080322265625 0.025810546875
2 0.8882870483398437 0.21683074951171874 0.0276885986328125 0.0349407958984375
2 0.8049493408203126 0.13624874114990235 0.0244561767578125 0.030765533447265625
2 0.87483154296875 0.204654541015625 0.0244561767578125 0.0307659912109375
2 0.8758157348632812 0.17315826416015626 0.0244561767578125 0.030765380859375
2 0.8454739379882813 0.190767822265625 0.0246087646484375 0.0310443115234375
2 0.7901858520507813 0.1276365661621094 0.0244561767578125 0.03076568603515625
2 0.8344772338867188 0.1475677490234375 0.0244561767578125 0.0307659912109375
2 0.8615435791015625 0.162823486328125 0.0244561767578125 0.030765380859375
2 0.9026358032226562 0.18890625 0.0244561767578125 0.030765380859375
2 0.8890658569335937 0.17951141357421874 0.0229046630859375 0.0282159423828125
2 0.8462881469726562 0.1569183349609375 0.0244561767578125 0.0307659912109375
2 0.6808560180664063 0.19529998779296875 0.0262841796875 0.0332183837890625
2 0.693775634765625 0.203570556640625 0.0240576171875 0.030074462890625
2 0.71081787109375 0.20527740478515624 0.0264569091796875 0.0334881591796875
2 0.7235028076171875 0.21474334716796875 0.02445556640625 0.030765380859375
2 0.7352362060546875 0.22347442626953126 0.0276885986328125 0.0349407958984375
2 0.7793588256835937 0.2467315673828125 0.02445556640625 0.030765380859375
2 0.7635345458984375 0.24264434814453126 0.024608154296875 0.031043701171875
2 0.7916619873046875 0.2555889892578125 0.0244561767578125 0.030765380859375
2 0.65526611328125 0.1795526123046875 0.02902099609375 0.03715576171875
2 0.5701278686523438 0.1305853271484375 0.0262841796875 0.0332183837890625
2 0.5857321166992188 0.1725201416015625 0.0243963623046875 0.0319500732421875
2 0.5989794921875 0.14549468994140624 0.023990478515625 0.02899169921875
2 0.5287893676757812 0.1463336181640625 0.0262841796875 0.0332183837890625
2 0.5681594848632813 0.1655267333984375 0.0262841796875 0.0332183837890625
2 0.6277236938476562 0.1931829833984375 0.0216876220703125 0.0279998779296875
2 0.8347555541992188 0.31296600341796876 0.0243353271484375 0.030361328125
2 0.8370877075195312 0.27887481689453125 0.02752197265625 0.0374737548828125
2 0.8528018188476563 0.28599090576171876 0.02815673828125 0.03546630859375
2 0.9390994262695312 0.311688232421875 0.023563232421875 0.028297119140625
2 0.81974609375 0.2691668701171875 0.024334716796875 0.0303607177734375
2 0.7788674926757813 0.27891845703125 0.02377685546875 0.02739990234375
2 0.7922702026367188 0.2886004638671875 0.02473388671875 0.0298577880859375
2 0.8054412841796875 0.2984039306640625 0.0244561767578125 0.030765380859375
2 0.749754638671875 0.26702789306640623 0.0238836669921875 0.02903564453125
2 0.6803915405273437 0.22810394287109376 0.0250439453125 0.0299285888671875
2 0.7344509887695313 0.26405853271484375 0.026668701171875 0.0353179931640625
2 0.7207180786132813 0.2510333251953125 0.0233612060546875 0.0295281982421875
2 0.5588226318359375 0.2497772216796875 0.0243963623046875 0.0319500732421875
2 0.5587435913085937 0.2847479248046875 0.0230029296875 0.0312896728515625
2 0.5721331787109375 0.293179931640625 0.0243963623046875 0.0319500732421875
2 0.5738040161132812 0.25547119140625 0.02410888671875 0.03073486328125
2 0.45982696533203127 0.2314501953125 0.0316864013671875 0.0388262939453125
2 0.6833847045898438 0.3213482666015625 0.024608154296875 0.031043701171875
2 0.6980856323242187 0.3274627685546875 0.0256817626953125 0.0329339599609375
2 0.7155624389648437 0.3313995361328125 0.0244561767578125 0.0307659912109375
2 0.7279098510742188 0.3412066650390625 0.02584716796875 0.0327484130859375
2 0.7557952880859375 0.35476837158203123 0.0289178466796875 0.0366204833984375
2 0.7977963256835937 0.37903656005859376 0.0286456298828125 0.0363720703125
2 0.7697299194335937 0.36225372314453125 0.02864501953125 0.0363714599609375
2 0.8253094482421875 0.394183349609375 0.0247283935546875 0.0326983642578125
2 0.8119015502929687 0.38694000244140625 0.0255303955078125 0.03387451171875
2 0.7832553100585937 0.3721832275390625 0.0255303955078125 0.03387451171875
2 0.6694949340820312 0.3491253662109375 0.0246087646484375 0.031043701171875
2 0.6824685668945313 0.3580410766601563 0.024659423828125 0.0350640869140625
2 0.696336669921875 0.3659320068359375 0.028668212890625 0.037330322265625
2 0.71028076171875 0.37132171630859373 0.0279351806640625 0.037332763671875
2 0.7387155151367187 0.3853717041015625 0.0260406494140625 0.0347479248046875
2 0.7538150024414062 0.39509552001953124 0.02946044921875 0.0366607666015625
2 0.7693869018554688 0.401851806640625 0.0240570068359375 0.0329864501953125
2 0.7835195922851562 0.40833282470703125 0.0230560302734375 0.03014892578125
2 0.797164306640625 0.4138601684570313 0.022913818359375 0.028646240234375
2 0.8090936279296875 0.42484344482421876 0.024315185546875 0.032142333984375
2 0.724537353515625 0.3785592651367187 0.0235711669921875 0.030960693359375
2 0.6318002319335938 0.4739007568359375 0.0159149169921875 0.028153076171875
2 0.6155963134765625 0.47390045166015626 0.015914306640625 0.028153076171875
2 0.599537353515625 0.47288726806640624 0.01620361328125 0.025848388671875
2 0.5369265747070312 0.4568121337890625 0.018228759765625 0.0338079833984375
2 0.6795425415039062 0.4863427734375 0.015914306640625 0.028153076171875
2 0.6948785400390625 0.48576416015625 0.0182293701171875 0.03380859375
2 0.709290771484375 0.49025970458984375 0.0152252197265625 0.0275103759765625
2 0.7246820068359375 0.49097198486328125 0.0182293701171875 0.0338079833984375
2 0.7410302734375 0.49212982177734377 0.0162042236328125 0.028399658203125
2 0.7566549682617187 0.49748291015625 0.0167822265625 0.0312493896484375
2 0.7716860961914063 0.49894500732421876 0.0155938720703125 0.0303509521484375
2 0.7881948852539062 0.5021127319335937 0.0167828369140625 0.03125
2 0.80322509765625 0.5035745239257813 0.0155938720703125 0.0303509521484375
2 0.8213604736328125 0.50536865234375 0.0153466796875 0.0275732421875
2 0.83650146484375 0.5105194091796875 0.0155938720703125 0.0303515625
2 0.8671713256835938 0.5154379272460937 0.0155938720703125 0.0303509521484375
2 0.6630154418945312 0.48023223876953125 0.0182293701171875 0.0338079833984375
2 0.47393646240234377 0.44398834228515627 0.01405029296875 0.034871826171875
2 0.498153076171875 0.32820343017578124 0.0322393798828125 0.039658203125
2 0.4671075439453125 0.3208502197265625 0.03223876953125 0.039658203125
2 0.468546142578125 0.3515386962890625 0.0310498046875 0.0416668701171875
2 0.3750146484375 0.3950860595703125 0.033370361328125 0.04205810546875
2 0.30473846435546875 0.3569857788085937 0.0293743896484375 0.034586181640625
2 0.427015380859375 0.430106201171875 0.02693603515625 0.031590576171875
2 0.3800265502929687 0.06918350219726563 0.0285968017578125 0.0217486572265625
2 0.33997406005859376 0.1370566940307617 0.0285968017578125 0.021748504638671874
2 0.2778314208984375 0.3399560546875 0.0293743896484375 0.034586181640625
2 0.19445404052734375 0.309775390625 0.0285968017578125 0.0217486572265625
2 0.8828863525390624 0.5157949829101562 0.0155938720703125 0.0303509521484375
2 0.8978860473632813 0.5197235107421875 0.0155938720703125 0.0303509521484375
2 0.8591171264648437 0.200726318359375 0.0244561767578125 0.0307659912109375
2 0.817691650390625 0.14363922119140626 0.0244561767578125 0.0307659912109375
