4 0.01217254638671875 0.0667730712890625 0.0252947998046875 0.0196844482421875
4 0.01822845458984375 0.05870254516601563 0.0237042236328125 0.0189044189453125
4 0.025208740234375 0.05206466674804688 0.022242431640625 0.01932159423828125
4 0.0313812255859375 0.04471282958984375 0.023695068359375 0.0222021484375
4 0.0403570556640625 0.035083160400390626 0.017537841796875 0.0229693603515625
4 0.0471795654296875 0.023928680419921876 0.0194146728515625 0.02173858642578125
4 0.056185302734375 0.009509925842285155 0.0252978515625 0.021429901123046876
4 0.092301025390625 0.0263787841796875 0.0351715087890625 0.03382293701171875
4 0.08467987060546875 0.045514678955078124 0.0261151123046875 0.02801116943359375
4 0.097425537109375 0.04408309936523438 0.02411376953125 0.020633544921875
4 0.1081317138671875 0.011525192260742188 0.026912841796875 0.023251953125
4 0.10647857666015625 0.023962249755859377 0.02355224609375 0.0202374267578125
4 0.0372894287109375 0.08797210693359375 0.02607666015625 0.02123992919921875
4 0.0475506591796875 0.07466217041015626 0.0241632080078125 0.02268798828125
4 0.13391571044921874 0.13064346313476563 0.022550048828125 0.0153106689453125
4 0.16400726318359374 0.1582366943359375 0.027210693359375 0.02233734130859375
4 0.15409332275390625 0.16535675048828125 0.01939697265625 0.0165545654296875
4 0.1319183349609375 0.150072021484375 0.01746337890625 0.0158795166015625
4 0.1565142822265625 0.08859527587890625 0.043045654296875 0.04078582763671875
4 0.1459271240234375 0.10281845092773438 0.0339605712890625 0.03265167236328125
4 0.1992645263671875 0.10107772827148437 0.016949462890625 0.02534423828125
4 0.20956512451171874 0.09049606323242188 0.0247705078125 0.02146392822265625
4 0.2154608154296875 0.08299148559570313 0.0240069580078125 0.020982666015625
4 0.2239874267578125 0.07646163940429687 0.02669677734375 0.0213232421875
4 0.1856689453125 0.0151763916015625 0.024483642578125 0.0266619873046875
4 0.19504547119140625 0.0190362548828125 0.0195440673828125 0.02151885986328125
4 0.1750885009765625 0.01036663055419922 0.019937744140625 0.021212615966796876
4 0.47086090087890625 0.16210647583007812 0.0262396240234375 0.0139105224609375
4 0.677041015625 0.1643426513671875 0.0251068115234375 0.02601715087890625
4 0.6079287719726563 0.08259368896484375 0.0263629150390625 0.018953857421875
4 0.8048651123046875 0.06674942016601562 0.0335675048828125 0.03687286376953125
4 0.9346966552734375 0.06497650146484375 0.025771484375 0.02150146484375
4 0.6637460327148438 0.6290962219238281 0.0138531494140625 0.03405975341796875
4 0.6834280395507812 0.6201997375488282 0.01154296875 0.02460357666015625
4 0.69980224609375 0.623304443359375 0.0138360595703125 0.030706787109375
4 0.721534423828125 0.6238533020019531 0.0125177001953125 0.0293560791015625
4 0.692808837890625 0.5797500610351562 0.0117816162109375 0.03499755859375
4 0.6753579711914063 0.5774118041992188 0.01857666015625 0.04719329833984375
4 0.6555453491210937 0.5852470397949219 0.016114501953125 0.03230316162109375
4 0.6349261474609375 0.5862112426757813 0.02152099609375 0.038016357421875
4 0.616636962890625 0.5844580078125 0.0113720703125 0.01918548583984375
2 0.06943756103515625 0.6854998779296875 0.0138751220703125 0.0143939208984375
4 0.08149993896484375 0.7183122253417968 0.018609619140625 0.01899322509765625
4 0.0926385498046875 0.7820619201660156 0.024224853515625 0.02036590576171875
4 0.0967840576171875 0.7983230590820313 0.0173291015625 0.019940185546875
4 0.10283050537109376 0.8077046203613282 0.013321533203125 0.0172637939453125
4 0.040506591796875 0.796246337890625 0.0179937744140625 0.0214886474609375
4 0.0497698974609375 0.7931768798828125 0.017972412109375 0.023052978515625
4 0.21353790283203125 0.9775506591796875 0.01700927734375 0.0272265625
2 0.5160174560546875 0.7937451171875 0.0105352783203125 0.01475982666015625
2 0.49825042724609375 0.7971875 0.01375 0.018843994140625
2 0.7206869506835938 0.45749984741210936 0.016624755859375 0.009537353515625
2 0.6433920288085937 0.4655064392089844 0.0163665771484375 0.0103656005859375
2 0.818759765625 0.4546418762207031 0.0172650146484375 0.01136383056640625
2 0.9104595947265625 0.4326863098144531 0.01781005859375 0.013292236328125
2 0.9772344970703125 0.39726287841796876 0.01781005859375 0.013292236328125
