4 0.8241976928710938 0.0667730712890625 0.0271942138671875 0.0196844482421875
4 0.8307284545898438 0.05870254516601563 0.0237042236328125 0.0189044189453125
4 0.837708740234375 0.05206466674804688 0.022242431640625 0.01932159423828125
4 0.8438812255859375 0.04471282958984375 0.023695068359375 0.0222021484375
4 0.8528570556640624 0.035083160400390626 0.017537841796875 0.0229693603515625
4 0.8596795654296875 0.023928680419921876 0.0194146728515625 0.02173858642578125
4 0.868685302734375 0.009509925842285155 0.0252978515625 0.021429901123046876
4 0.904801025390625 0.0263787841796875 0.0351715087890625 0.03382293701171875
4 0.8971798706054688 0.045514678955078124 0.0261151123046875 0.02801116943359375
4 0.909925537109375 0.04408309936523438 0.02411376953125 0.020633544921875
4 0.9206317138671875 0.011525192260742188 0.026912841796875 0.023251953125
4 0.9189785766601563 0.023962249755859377 0.02355224609375 0.0202374267578125
4 0.8140545654296875 0.08832351684570312 0.02578369140625 0.0129083251953125
4 0.8497894287109375 0.08797210693359375 0.02607666015625 0.02123992919921875
4 0.8600506591796875 0.07466217041015626 0.0241632080078125 0.02268798828125
4 0.9464157104492188 0.13064346313476563 0.022550048828125 0.0153106689453125
4 0.9765072631835937 0.1582366943359375 0.027210693359375 0.02233734130859375
4 0.9665933227539063 0.16535675048828125 0.01939697265625 0.0165545654296875
4 0.9444183349609375 0.150072021484375 0.01746337890625 0.0158795166015625
4 0.9690142822265625 0.08859527587890625 0.043045654296875 0.04078582763671875
4 0.9584271240234375 0.10281845092773438 0.0339605712890625 0.03265167236328125
4 0.9875885009765625 0.01036663055419922 0.019937744140625 0.021212615966796876
2 0.6814178466796875 0.9880908203125 0.010946044921875 0.0189410400390625
2 0.736358642578125 0.8652287292480468 0.0147821044921875 0.01495819091796875
2 0.7728372192382813 0.8493440246582031 0.009825439453125 0.01481170654296875
2 0.8819375610351563 0.6854998779296875 0.0138751220703125 0.0143939208984375
4 0.8939999389648438 0.7183122253417968 0.018609619140625 0.01899322509765625
4 0.9051385498046876 0.7820619201660156 0.024224853515625 0.02036590576171875
4 0.9092840576171874 0.7983230590820313 0.0173291015625 0.019940185546875
4 0.9153305053710937 0.8077046203613282 0.013321533203125 0.0172637939453125
4 0.853006591796875 0.796246337890625 0.0179937744140625 0.0214886474609375
4 0.8622698974609375 0.7931768798828125 0.017972412109375 0.023052978515625
