2 0.7719046020507813 0.04349533081054688 0.02955535888671875 0.02244476318359375
2 0.7452162170410156 0.05835845947265625 0.02943023681640625 0.02328857421875
2 0.6517236328125 0.050609283447265625 0.0287261962890625 0.02358245849609375
2 0.9209211730957031 0.019074249267578124 0.03008026123046875 0.03708282470703125
2 0.9427694702148437 0.0301324462890625 0.02587188720703125 0.0335162353515625
2 0.9237342834472656 0.11592117309570313 0.01353912353515625 0.02907257080078125
2 0.989569091796875 0.21428985595703126 0.03025848388671875 0.0268988037109375
2 0.8641937255859375 0.2566168212890625 0.02401397705078125 0.0308135986328125
2 0.8828996276855469 0.2664752197265625 0.02401397705078125 0.0308135986328125
2 0.8200833129882813 0.3335882568359375 0.02401397705078125 0.0308135986328125
2 0.8598965454101563 0.3119757080078125 0.02401397705078125 0.0308135986328125
2 0.7586381530761719 0.4532513427734375 0.028402099609375 0.038250732421875
2 0.013438358306884765 0.0476934814453125 0.027989883422851563 0.0228216552734375
2 0.039281158447265624 0.008208084106445312 0.03021636962890625 0.01855133056640625
2 0.2804373168945313 0.01067108154296875 0.022874908447265627 0.02368408203125
2 0.04717498779296875 0.40823516845703123 0.022792205810546876 0.0287567138671875
2 0.045247802734375 0.31887054443359375 0.0232769775390625 0.027044677734375
2 0.5075650024414062 0.09387374877929687 0.0229962158203125 0.02860260009765625
2 0.021464996337890625 0.18310882568359374 0.021415557861328125 0.02707763671875
2 0.1708319091796875 0.21464324951171876 0.023574676513671875 0.0283258056640625
2 0.13451614379882812 0.191519775390625 0.024807281494140625 0.0308978271484375
2 0.17234359741210936 0.12794124603271484 0.022490234375 0.027855377197265625
2 0.2629285430908203 0.10906570434570312 0.025478973388671874 0.01912506103515625
2 0.35174964904785155 0.3719921875 0.0222265625 0.0279913330078125
2 0.30840957641601563 0.31962158203125 0.0322821044921875 0.025706787109375
2 0.27495254516601564 0.4069195556640625 0.022226409912109377 0.0279913330078125
2 0.1760704803466797 0.4790103149414062 0.023267974853515627 0.0284173583984375
2 0.30461273193359373 0.512906494140625 0.01985931396484375 0.0263922119140625
2 0.4046922302246094 0.46876678466796873 0.021089019775390624 0.025350341796875
2 0.48558502197265624 0.07910842895507812 0.0229962158203125 0.02860260009765625
2 0.5696542358398438 0.16126953125 0.03227081298828125 0.0293975830078125
2 0.4778253173828125 0.2740447998046875 0.0295989990234375 0.026658935546875
2 0.02267082214355469 0.7242840576171875 0.027918853759765626 0.0172412109375
2 0.15209053039550782 0.8092022705078125 0.0284100341796875 0.0163958740234375
2 0.31537689208984376 0.8077386474609375 0.03433074951171875 0.0157781982421875
2 0.5685098266601563 0.8027041625976562 0.02193511962890625 0.0281378173828125
2 0.4858770751953125 0.8265924072265625 0.02193511962890625 0.027998046875
2 0.6399237060546875 0.84008056640625 0.02801513671875 0.0161944580078125
2 0.13846687316894532 0.24833892822265624 0.024259490966796873 0.029930419921875
2 0.5481758117675781 0.18500823974609376 0.0305255126953125 0.0287481689453125
2 0.239683837890625 0.15270538330078126 0.02692230224609375 0.02200927734375
2 0.26953369140625 0.0975048828125 0.029944000244140626 0.02499603271484375
2 0.285244140625 0.06813323974609375 0.029944000244140626 0.02499603271484375
2 0.4985157775878906 0.37234283447265626 0.0279583740234375 0.0264208984375
2 0.5379208374023438 0.32269256591796874 0.02593414306640625 0.0242431640625
