0 0.1626092529296875 0.2961482620239258 0.03161376953125 0.03125
0 0.1976129150390625 0.29451778411865237 0.0297528076171875 0.02909637451171875
0 0.23475799560546876 0.2970836067199707 0.030196533203125 0.02272930145263672
0 0.1773223876953125 0.36184513092041015 0.02537109375 0.024428634643554686
0 0.2145635986328125 0.36173606872558595 0.03107666015625 0.02669189453125
0 0.2523809814453125 0.35749095916748047 0.0366961669921875 0.02916656494140625
0 0.31979705810546877 0.3576240539550781 0.0333349609375 0.03412117004394531
0 0.27128387451171876 0.2978725051879883 0.0250384521484375 0.02506938934326172
0 0.571962890625 0.27948944091796873 0.033890380859375 0.028169021606445313
0 0.6501327514648437 0.2750740623474121 0.0292462158203125 0.023581771850585936
0 0.6890451049804688 0.27561355590820313 0.0336077880859375 0.025250015258789064
0 0.6272286987304687 0.3581277084350586 0.0359796142578125 0.02193023681640625
0 0.663006591796875 0.3578136444091797 0.027664794921875 0.02305511474609375
0 0.6060028076171875 0.37450897216796875 0.0273199462890625 0.02399993896484375
0 0.6441000366210937 0.3741497039794922 0.032952880859375 0.02418365478515625
0 0.6802554321289063 0.37382064819335936 0.031334228515625 0.026617202758789062
0 0.7167041015625 0.3744889068603516 0.02968994140625 0.028007583618164064
0 0.734163818359375 0.35849048614501955 0.034029541015625 0.02425872802734375
0 0.7530319213867187 0.3734837341308594 0.0259429931640625 0.019878692626953125
0 0.77152099609375 0.3562242889404297 0.0324517822265625 0.02958732604980469
0 0.811805419921875 0.35681346893310545 0.028621826171875 0.022005233764648437
0 0.7898593139648438 0.3726400375366211 0.029990234375 0.022686538696289064
0 0.8287698364257813 0.3743561172485352 0.031885986328125 0.021647872924804686
0 0.6346820068359375 0.45373828887939455 0.0284478759765625 0.025147705078125
0 0.6729537963867187 0.45137699127197267 0.031453857421875 0.027770233154296876
0 0.7146066284179687 0.4538737869262695 0.034716796875 0.02767578125
0 0.44232452392578125 0.5442454528808593 0.02907958984375 0.0238934326171875
0 0.48981903076171873 0.5411344528198242 0.0341229248046875 0.026975479125976563
0 0.5295858764648438 0.5425320053100586 0.034971923828125 0.024121551513671874
0 0.5718707275390625 0.5455275726318359 0.0200653076171875 0.019814987182617188
0 0.6127044677734375 0.5453742599487305 0.033763427734375 0.024368896484375
0 0.6567538452148437 0.5430281448364258 0.033760986328125 0.02716278076171875
0 0.699417724609375 0.5461955261230469 0.033983154296875 0.023812713623046874
0 0.7441741943359375 0.546107292175293 0.029990234375 0.027895278930664062
0 0.315770263671875 0.5443014907836914 0.0348309326171875 0.028573379516601563
0 0.7892062377929687 0.4517490768432617 0.035794677734375 0.026916885375976564
0 0.7849801635742187 0.5458172607421875 0.028927001953125 0.023681640625
0 0.8262649536132812 0.5442693328857422 0.029112548828125 0.02577598571777344
2 0.9869146728515625 0.05678808212280274 0.0092437744140625 0.017270298004150392
2 0.977449951171875 0.05511770248413086 0.0092437744140625 0.017270259857177735
2 0.9671493530273437 0.054560880661010745 0.0092437744140625 0.017270259857177735
2 0.9482180786132812 0.06012884140014649 0.0092437744140625 0.017270259857177735
2 0.9309576416015625 0.057623281478881835 0.0092437744140625 0.017270298004150392
7 0.6883181762695313 0.11053493499755859 0.0286431884765625 0.013100433349609374
2 0.781806640625 0.05628717422485351 0.0084820556640625 0.015700740814208983
2 0.7725277709960937 0.055195493698120116 0.0084820556640625 0.015700740814208983
2 0.7635208129882812 0.05328500747680664 0.0084820556640625 0.015700740814208983
2 0.75451416015625 0.05410370349884033 0.008482666015625 0.015701227188110352
2 0.735682373046875 0.054922561645507816 0.0084820556640625 0.015700740814208983
2 0.7266754150390625 0.056287097930908206 0.008482666015625 0.015701217651367186
2 0.6396121215820313 0.05273906707763672 0.008482666015625 0.015701227188110352
2 0.6054962158203125 0.054649648666381834 0.0084820556640625 0.015700740814208983
2 0.5610101318359375 0.05601417064666748 0.008482666015625 0.015701217651367186
2 0.5056060791015625 0.054649639129638675 0.0084820556640625 0.015700740814208983
2 0.4963265991210937 0.05437670707702637 0.0084820556640625 0.015700740814208983
2 0.487047119140625 0.05437670707702637 0.0084820556640625 0.015700740814208983
2 0.479405517578125 0.053557939529418945 0.0084820556640625 0.015700740814208983
2 0.4502020263671875 0.05437670707702637 0.0084820556640625 0.015700740814208983
2 0.441195068359375 0.05437661647796631 0.008482666015625 0.015701227188110352
2 0.4332806396484375 0.053830862045288086 0.0084820556640625 0.015700740814208983
2 0.4038043212890625 0.0530120849609375 0.0084820556640625 0.015700740814208983
2 0.3328439331054687 0.05301207542419434 0.0084820556640625 0.015700740814208983
2 0.32219970703125 0.05410370826721191 0.008482666015625 0.015701227188110352
2 0.312374267578125 0.05437670707702637 0.0084820556640625 0.015700740814208983
2 0.29272430419921874 0.05355792999267578 0.0084820556640625 0.015700740814208983
2 0.2842633056640625 0.05192037582397461 0.0084820556640625 0.015700740814208983
2 0.27389190673828123 0.05246615886688232 0.008482666015625 0.015701217651367186
2 0.18108612060546875 0.17235260009765624 0.0182855224609375 0.007987480163574218
