2 0.16190643310546876 0.8255496215820313 0.0188751220703125 0.0105712890625
2 0.18129119873046876 0.826387939453125 0.0188751220703125 0.0105712890625
2 0.2091064453125 0.806817626953125 0.0090875244140625 0.017254638671875
2 0.22320098876953126 0.80412841796875 0.009508056640625 0.015579833984375
2 0.321124267578125 0.7994921875 0.017939453125 0.012611083984375
2 0.370924072265625 0.7812277221679688 0.017939453125 0.012611083984375
2 0.393831787109375 0.7761312866210938 0.017939453125 0.012611083984375
2 0.4401080322265625 0.789395751953125 0.017939453125 0.012611083984375
3 0.3423724365234375 0.7782876586914063 0.0176214599609375 0.02916015625
2 0.22385345458984374 0.8971603393554688 0.0156884765625 0.0074005126953125
2 0.26946319580078126 0.9646633911132813 0.0189166259765625 0.00890869140625
2 0.8056253051757812 0.9478750610351563 0.0108636474609375 0.015999755859375
2 0.7779373168945313 0.8545626831054688 0.01512451171875 0.01476806640625
