2 0.4855241394042969 0.1719451904296875 0.03204254150390625 0.023524169921875
2 0.40298736572265625 0.10117340087890625 0.03204254150390625 0.02352447509765625
2 0.6281492614746094 0.17709716796875 0.0320428466796875 0.023524169921875
2 0.6961920166015625 0.24658416748046874 0.0291943359375 0.0383447265625
2 0.7266746520996094 0.2558306884765625 0.02499725341796875 0.0298468017578125
2 0.8706217956542969 0.328173828125 0.02499725341796875 0.0298468017578125
2 0.8403556823730469 0.31390228271484377 0.0249969482421875 0.0298468017578125
2 0.8044515991210938 0.015998382568359375 0.0234796142578125 0.03011016845703125
2 0.9156582641601563 0.08000518798828125 0.025474853515625 0.03103302001953125
2 0.8197821044921875 0.0216644287109375 0.023822021484375 0.02911285400390625
2 0.8464277648925781 0.03684280395507813 0.0261407470703125 0.0322198486328125
2 0.9309274291992188 0.08661849975585938 0.0234796142578125 0.03011016845703125
2 0.9457666015625 0.09179214477539062 0.023822021484375 0.02911285400390625
2 0.7913589477539062 0.010986557006835937 0.026534423828125 0.0249017333984375
2 0.10842117309570312 0.019074249267578124 0.03008026123046875 0.03708282470703125
2 0.13026947021484375 0.0301324462890625 0.02587188720703125 0.0335162353515625
2 0.11123428344726563 0.11592117309570313 0.01353912353515625 0.02907257080078125
2 0.177069091796875 0.21428985595703126 0.03025848388671875 0.0268988037109375
2 0.558970947265625 0.34960205078125 0.038751220703125 0.0312152099609375
2 0.0516937255859375 0.2566168212890625 0.02401397705078125 0.0308135986328125
2 0.07039962768554688 0.2664752197265625 0.02401397705078125 0.0308135986328125
2 0.008689231872558593 0.3335882568359375 0.019590301513671873 0.0308135986328125
2 0.04739654541015625 0.3119757080078125 0.02401397705078125 0.0308135986328125
2 0.2579306030273438 0.8769451904296875 0.02745361328125 0.013594970703125
2 0.7493186950683594 0.8373391723632813 0.0271746826171875 0.0123388671875
2 0.8675625610351563 0.9656512451171875 0.02851226806640625 0.0167572021484375
