5 0.1435626220703125 0.0642029106616974 0.0320159912109375 0.04629750728607178
2 0.20157562255859374 0.8874693298339844 0.0229498291015625 0.029357147216796876
2 0.21427520751953125 0.8952723693847656 0.0229498291015625 0.02935699462890625
2 0.256961669921875 0.9206700897216797 0.0229498291015625 0.02935699462890625
2 0.012735443115234375 0.4669866180419922 0.02311920166015625 0.029587173461914064
2 0.03977279663085938 0.4820729827880859 0.02311920166015625 0.02958709716796875
2 0.17221832275390625 0.559659194946289 0.0231195068359375 0.029587478637695314
2 0.07817398071289063 0.5034287643432617 0.02311920166015625 0.029587173461914064
2 0.09169326782226563 0.5102862167358398 0.02311920166015625 0.029587173461914064
2 0.12094375610351563 0.16383804321289064 0.02240203857421875 0.026920318603515625
2 0.10808807373046875 0.15762855529785155 0.02316162109375 0.02786518096923828
2 0.2069854736328125 0.21056989669799805 0.02316162109375 0.027865257263183594
2 0.15069915771484374 0.18038331985473632 0.0249200439453125 0.03172245025634766
2 0.18272064208984376 0.11130531311035156 0.02316162109375 0.027865142822265626
2 0.15588226318359374 0.09641547203063965 0.02316162109375 0.027865276336669922
2 0.22665435791015626 0.13593752861022948 0.02316162109375 0.02786500930786133
2 0.19822509765625 0.11993185997009277 0.0240240478515625 0.029569835662841798
2 0.186029052734375 0.07674622535705566 0.02316162109375 0.027864990234375
2 0.2285565185546875 0.0962185287475586 0.0240240478515625 0.029569740295410155
2 0.31231597900390623 0.14218733787536622 0.02316162109375 0.027865276336669922
2 0.32400299072265626 0.15258123397827147 0.021903076171875 0.027553520202636718
2 0.4220587158203125 0.20946691513061524 0.02316162109375 0.027865257263183594
2 0.29696807861328123 0.1722865104675293 0.023348388671875 0.029132080078125
2 0.3203125 0.1908089828491211 0.0244482421875 0.03135200500488281
2 0.30859527587890623 0.18127620697021485 0.0212347412109375 0.027148857116699218
2 0.33933868408203127 0.15891550302505494 0.02316162109375 0.027865324020385742
2 0.36645416259765623 0.211624755859375 0.023349609375 0.029132652282714843
2 0.38236968994140624 0.18205255508422852 0.0239306640625 0.030281410217285157
2 0.39237152099609374 0.22591903686523437 0.0244488525390625 0.031352386474609376
2 0.3785845947265625 0.2185662078857422 0.0244488525390625 0.031352386474609376
2 0.396717529296875 0.19025835037231445 0.02211181640625 0.027934455871582033
2 0.40965087890625 0.19669082641601562 0.0244488525390625 0.031352386474609376
2 0.36884246826171874 0.1705882453918457 0.0244488525390625 0.031352386474609376
2 0.3515625 0.20128673553466797 0.0244482421875 0.03135200500488281
2 0.406202392578125 0.23701301574707032 0.023067626953125 0.02917327880859375
2 0.3761407470703125 0.09362135887145996 0.0253759765625 0.032311382293701174
2 0.36503021240234373 0.082116117477417 0.0227276611328125 0.02736318588256836
2 0.3922216796875 0.06489065170288086 0.0253759765625 0.032311382293701174
2 0.37957183837890623 0.0548133659362793 0.0253759765625 0.032311382293701174
2 0.42159576416015626 0.07689755916595459 0.0253759765625 0.03231148719787598
2 0.4471478271484375 0.12810876846313476 0.0248297119140625 0.032375640869140625
2 0.4605133056640625 0.13751672744750976 0.0232989501953125 0.02803485870361328
2 0.4334979248046875 0.08498653292655944 0.023299560546875 0.028035054206848143
2 0.5152252197265625 0.039317445755004884 0.0229461669921875 0.02889261245727539
2 0.5916705322265625 0.10682141304016113 0.0252789306640625 0.019817752838134764
2 0.7248208618164063 0.8712926483154297 0.030621337890625 0.04124908447265625
2 0.7579733276367188 0.8143408966064453 0.0225250244140625 0.02764678955078125
2 0.830118408203125 0.8269471740722656 0.02334716796875 0.030147705078125
2 0.7661871337890624 0.600399169921875 0.02334716796875 0.03014762878417969
2 0.8285867309570313 0.6461975860595703 0.0279962158203125 0.03615524291992187
2 0.333170166015625 0.28007410049438475 0.0244488525390625 0.031352386474609376
2 0.31906097412109374 0.27037384033203127 0.0244488525390625 0.03135242462158203
2 0.5229376220703125 0.6429967498779297 0.030908203125 0.025136260986328124
2 0.504598388671875 0.6678704833984375 0.030908203125 0.025136260986328124
2 0.529405517578125 0.6287944412231445 0.02656005859375 0.023280868530273436
2 0.5503402709960937 0.5892447662353516 0.030908203125 0.025136260986328124
2 0.4118621826171875 0.4406110763549805 0.0309088134765625 0.025136260986328124
2 0.41813995361328127 0.4262094497680664 0.030908203125 0.025136337280273438
2 0.45733978271484377 0.3625825881958008 0.0271246337890625 0.022619476318359377
2 0.4499505615234375 0.37416160583496094 0.0297515869140625 0.024447860717773436
2 0.4709442138671875 0.32994449615478516 0.0272119140625 0.02253379821777344
2 0.48105438232421877 0.31960519790649417 0.034876708984375 0.027702522277832032
2 0.5168466186523437 0.24698789596557616 0.0322369384765625 0.02670379638671875
2 0.8323086547851563 0.04388688683509827 0.037568359375 0.0279706072807312
2 0.8456292724609376 0.01793042868375778 0.0293719482421875 0.02308299660682678
2 0.461583251953125 0.9417440032958985 0.0213525390625 0.02720458984375
2 0.5071652221679688 0.2812717628479004 0.034876708984375 0.027702522277832032
2 0.5616094970703125 0.16682741165161133 0.034876708984375 0.027702522277832032
2 0.692801513671875 0.08273990511894226 0.0328167724609375 0.02563145160675049
2 0.3979730224609375 0.4694999313354492 0.0309088134765625 0.025136260986328124
2 0.1455517578125 0.5396591949462891 0.0231195068359375 0.029587478637695314
2 0.3589236450195312 0.6196133422851563 0.020819091796875 0.025131301879882814
2 0.409810791015625 0.6466406154632568 0.020819091796875 0.025131263732910157
2 0.11967819213867187 0.525444679260254 0.02311920166015625 0.029587173461914064
2 0.153765869140625 0.4601035690307617 0.026143798828125 0.03455047607421875
2 0.09989471435546875 0.43281803131103513 0.026143798828125 0.03455047607421875
2 0.24041961669921874 0.14263392448425294 0.02316162109375 0.02786500930786133
2 0.17110626220703126 0.06739217758178712 0.024603271484375 0.030108299255371094
2 0.4468597412109375 0.09245221257209778 0.0244354248046875 0.030216612815856934
2 0.430863037109375 0.12295811653137206 0.02443603515625 0.030216617584228514
2 0.41564239501953126 0.1200185775756836 0.0258587646484375 0.03244756698608398
2 0.33378021240234373 0.07021143913269043 0.0227276611328125 0.02736318588256836
2 0.3062503051757812 0.05533053398132324 0.0227276611328125 0.02736318588256836
2 0.250819091796875 0.15019665718078612 0.0227276611328125 0.02736318588256836
2 0.4895556640625 0.02890072613954544 0.0229461669921875 0.028892606496810913
2 0.325565185546875 0.018392077684402465 0.02530029296875 0.031400549411773684
