0 0.7585162353515625 0.543254623413086 0.03077392578125 0.03983085632324219
0 0.7792202758789063 0.5836273193359375 0.03077392578125 0.03983085632324219
0 0.8010891723632813 0.6273313617706299 0.0334857177734375 0.04280704498291016
0 0.8225704956054688 0.6665396881103516 0.0334857177734375 0.04280685424804687
0 0.8427566528320313 0.7093707275390625 0.0334857177734375 0.0428070068359375
0 0.9350955200195312 0.8905380249023438 0.03077392578125 0.03983108520507812
0 0.9557989501953125 0.93091064453125 0.03077392578125 0.03983108520507812
0 0.9776681518554687 0.9746147918701172 0.0334857177734375 0.0428070068359375
0 0.8648892211914062 0.7508695983886718 0.0334857177734375 0.0428070068359375
0 0.978570556640625 0.2582203674316406 0.0363348388671875 0.040997276306152346
0 0.9320181274414062 0.4545645523071289 0.04322021484375 0.03721572875976562
0 0.95051513671875 0.4948822784423828 0.04322021484375 0.03721588134765625
0 0.9734915161132812 0.5353668975830078 0.04322021484375 0.03721572875976562
