0 0.30733102798461914 0.7485397338867188 0.02695178985595703 0.0339666748046875
0 0.3560617446899414 0.6025723266601563 0.029358596801757814 0.0348760986328125
0 0.3678654479980469 0.566363525390625 0.0296173095703125 0.03447509765625
0 0.3921413040161133 0.4903790283203125 0.02489753723144531 0.0322662353515625
0 0.4295341110229492 0.38130767822265627 0.03220535278320313 0.0364508056640625
0 0.4787589645385742 0.234169921875 0.02598594665527344 0.0327020263671875
0 0.15008047103881836 0.5762188720703125 0.03008247375488281 0.0306536865234375
0 0.21500499725341796 0.5260064697265625 0.06110889434814453 0.05686767578125
2 0.16416061401367188 0.25906494140625 0.016679039001464845 0.0078704833984375
2 0.1626606750488281 0.26906524658203124 0.016679039001464845 0.0078704833984375
2 0.15516056776046752 0.2858154296875 0.01667891502380371 0.0078704833984375
2 0.15178556442260743 0.3033154296875 0.016678924560546874 0.0078704833984375
2 0.145160551071167 0.313564453125 0.016678905487060545 0.0078704833984375
2 0.14191052436828613 0.3233148193359375 0.016678905487060545 0.0078704833984375
2 0.1537855815887451 0.29418975830078126 0.016678905487060545 0.0078704833984375
2 0.1379999351501465 0.33318756103515623 0.018999996185302733 0.0124334716796875
2 0.13837499618530275 0.3421875 0.018999996185302733 0.0124334716796875
2 0.13212507247924804 0.35156219482421874 0.018999996185302733 0.0124334716796875
2 0.12937498092651367 0.36031280517578124 0.018999996185302733 0.0124334716796875
2 0.12624998092651368 0.3690625 0.018999996185302733 0.0124334716796875
2 0.12349997520446777 0.37868743896484375 0.019000186920166015 0.0124334716796875
2 0.0918126106262207 0.3675006103515625 0.016875076293945312 0.017374267578125
2 0.09768739700317383 0.35000030517578123 0.016875076293945312 0.017374267578125
2 0.09431259155273437 0.3598748779296875 0.016874980926513673 0.0173736572265625
2 0.09918731689453125 0.3407501220703125 0.016874980926513673 0.0173736572265625
2 0.1008123779296875 0.3311248779296875 0.016875 0.0173736572265625
2 0.10393770217895508 0.3225 0.016875076293945312 0.017374267578125
2 0.10918731689453125 0.30975006103515623 0.016874980926513673 0.0173736572265625
2 0.11181259155273438 0.3017498779296875 0.016874980926513673 0.0173736572265625
2 0.11318756103515625 0.289749755859375 0.016875 0.0173736572265625
2 0.11593765258789063 0.27949981689453124 0.016875 0.0173736572265625
2 0.12006243705749511 0.261500244140625 0.01687501907348633 0.017374267578125
