2 0.0136370849609375 0.10994659423828125 0.029093017578125 0.02574127197265625
2 0.01869781494140625 0.09468185424804687 0.0315106201171875 0.0257904052734375
2 0.02674560546875 0.08207489013671875 0.0315106201171875 0.02579010009765625
2 0.03458709716796875 0.06716705322265625 0.030831298828125 0.0276287841796875
2 0.0487408447265625 0.054982147216796874 0.0315106201171875 0.02579010009765625
2 0.05636932373046875 0.0401654052734375 0.0291290283203125 0.0240533447265625
2 0.06878814697265626 0.08741943359375 0.0348712158203125 0.02495391845703125
2 0.0623504638671875 0.10351425170898437 0.0348712158203125 0.02495361328125
2 0.05644866943359375 0.1163897705078125 0.0348712158203125 0.0249542236328125
2 0.04615264892578125 0.13048583984375 0.0303741455078125 0.023309326171875
2 0.0729071044921875 0.034358978271484375 0.026632080078125 0.0285357666015625
2 0.2169903564453125 0.041147918701171876 0.03138427734375 0.01608367919921875
2 0.1807476806640625 0.05280242919921875 0.027689208984375 0.02868621826171875
2 0.35069580078125 0.015532989501953125 0.036456298828125 0.0241455078125
2 0.2102447509765625 0.07216781616210938 0.0248681640625 0.03809967041015625
2 0.2432781982421875 0.053218841552734375 0.03138427734375 0.01843994140625
2 0.2690289306640625 0.06636276245117187 0.03138427734375 0.016083984375
2 0.2959478759765625 0.07923583984375 0.032269287109375 0.01797637939453125
2 0.3272869873046875 0.089852294921875 0.030748291015625 0.0160565185546875
2 0.356793212890625 0.10433761596679687 0.0307470703125 0.01605621337890625
2 0.3879937744140625 0.11799896240234375 0.027518310546875 0.0139483642578125
2 0.194227294921875 0.06738922119140625 0.024482421875 0.037379150390625
2 0.22427001953125 0.079996337890625 0.024482421875 0.037379150390625
2 0.23835693359375 0.0860711669921875 0.024761962890625 0.038104248046875
2 0.26606689453125 0.09636703491210938 0.021702880859375 0.03231353759765625
2 0.2516796875 0.09156402587890625 0.02209228515625 0.034093017578125
2 0.2789422607421875 0.10307296752929687 0.0217041015625 0.03231414794921875
2 0.2680596923828125 0.13089141845703126 0.0215673828125 0.031082763671875
2 0.2541119384765625 0.12606311798095704 0.0215673828125 0.031082916259765624
2 0.224873046875 0.11667449951171875 0.0215673828125 0.031082763671875
2 0.2396270751953125 0.12042984008789062 0.0215673828125 0.0310833740234375
2 0.15821563720703125 0.08448593139648437 0.0232135009765625 0.03483856201171875
2 0.14828033447265626 0.11646102905273438 0.020037841796875 0.033338623046875
2 0.16049560546875 0.12887939453125 0.02201416015625 0.0410076904296875
2 0.1776507568359375 0.1278665542602539 0.016544189453125 0.029861297607421875
2 0.2124627685546875 0.14844085693359374 0.021790771484375 0.039974365234375
2 0.2283978271484375 0.14711578369140624 0.020400390625 0.02973388671875
2 0.2414990234375 0.15246551513671874 0.020316162109375 0.029703369140625
2 0.2549169921875 0.1585205078125 0.0215673828125 0.031082763671875
2 0.2691082763671875 0.16453033447265625 0.02403076171875 0.0361285400390625
2 0.2841534423828125 0.17917388916015625 0.021566162109375 0.031082763671875
2 0.296494140625 0.14980194091796875 0.023021240234375 0.0345697021484375
2 0.30895751953125 0.11642776489257813 0.0248681640625 0.03809967041015625
2 0.322637939453125 0.12447463989257812 0.0248681640625 0.03809967041015625
2 0.339710693359375 0.12968170166015625 0.020924072265625 0.0297369384765625
2 0.3555047607421875 0.1319638442993164 0.018974609375 0.026791229248046874
2 0.315269775390625 0.18936767578125 0.020443115234375 0.0348394775390625
2 0.09289886474609375 0.18400299072265625 0.020999755859375 0.031082763671875
2 0.122137451171875 0.194732666015625 0.0215673828125 0.031082763671875
2 0.1068365478515625 0.19076904296875 0.01923095703125 0.0306671142578125
2 0.1393048095703125 0.19674468994140626 0.0201568603515625 0.0313507080078125
2 0.15350067138671875 0.20195220947265624 0.0197491455078125 0.0315740966796875
2 0.1679864501953125 0.20704864501953124 0.01974853515625 0.03157470703125
2 0.1850396728515625 0.21002197265625 0.021688232421875 0.0375201416015625
2 0.202779541015625 0.21333709716796875 0.023826904296875 0.03464599609375
2 0.2168267822265625 0.2192767333984375 0.02213623046875 0.0345697021484375
2 0.245528564453125 0.2294696044921875 0.02213623046875 0.0345697021484375
2 0.2616217041015625 0.234029541015625 0.02213623046875 0.0345697021484375
2 0.2761065673828125 0.2407354736328125 0.02213623046875 0.0345697021484375
2 0.229969482421875 0.22678741455078125 0.02213623046875 0.0345703125
2 0.2209832763671875 0.2583050537109375 0.020584716796875 0.0316192626953125
2 0.2366754150390625 0.260853271484375 0.02021240234375 0.0302783203125
2 0.249239501953125 0.2675439453125 0.021776123046875 0.033466796875
2 0.2654632568359375 0.2727935791015625 0.022105712890625 0.0343084716796875
2 0.2059625244140625 0.25267242431640624 0.0205859375 0.0316204833984375
2 0.0699639892578125 0.2093511962890625 0.01964111328125 0.02813232421875
2 0.08337615966796875 0.21592315673828125 0.0205853271484375 0.0316192626953125
2 0.099873046875 0.21873992919921875 0.020213623046875 0.0302783203125
2 0.1127490234375 0.22504364013671874 0.0216900634765625 0.033228759765625
2 0.1289288330078125 0.22880157470703125 0.022105712890625 0.034307861328125
2 0.14529083251953126 0.23389801025390625 0.022105712890625 0.034307861328125
2 0.16070045471191408 0.23769195556640624 0.02180938720703125 0.0311651611328125
2 0.176842041015625 0.2429296875 0.0218994140625 0.031446533203125
2 0.1905218505859375 0.24909912109375 0.0218994140625 0.0314459228515625
2 0.0496893310546875 0.2782110595703125 0.023497314453125 0.03548583984375
2 0.31443359375 0.28080047607421876 0.019725341796875 0.0293994140625
2 0.3035400390625 0.4135858154296875 0.030010986328125 0.0190997314453125
2 0.317384033203125 0.45566253662109374 0.031376953125 0.0210443115234375
2 0.3429461669921875 0.5277969360351562 0.028099365234375 0.0195855712890625
2 0.334891357421875 0.5492767333984375 0.028099365234375 0.0195855712890625
2 0.34354248046875 0.5131784057617188 0.028099365234375 0.019586181640625
2 0.3849127197265625 0.226817626953125 0.033553466796875 0.0215496826171875
2 0.486861572265625 0.2274310302734375 0.0281005859375 0.0155133056640625
2 0.4889501953125 0.1981951904296875 0.028101806640625 0.0155133056640625
2 0.5698162841796875 0.1953179931640625 0.0247998046875 0.03064208984375
2 0.43702880859375 0.0282232666015625 0.02413818359375 0.0321990966796875
2 0.506907958984375 0.013127861022949218 0.0240185546875 0.028147735595703126
2 0.5471826171875 0.03873275756835937 0.0240185546875 0.03193145751953125
2 0.645213623046875 0.02020782470703125 0.0198681640625 0.0313934326171875
2 0.6673553466796875 0.0333642578125 0.0205908203125 0.03312255859375
2 0.687637939453125 0.040677642822265624 0.0181982421875 0.027008056640625
2 0.730596923828125 0.04261611938476562 0.0271484375 0.033519287109375
2 0.7538665771484375 0.08408416748046875 0.031324462890625 0.02910552978515625
2 0.7531207275390625 0.12972885131835937 0.03162353515625 0.02473480224609375
2 0.7575958251953125 0.11436477661132813 0.033411865234375 0.02322296142578125
2 0.7480499267578125 0.1456890869140625 0.032816162109375 0.023607177734375
2 0.7445050048828125 0.1615643310546875 0.0310986328125 0.023739013671875
2 0.6039971923828125 0.10221420288085938 0.026170654296875 0.02967193603515625
2 0.6315509033203125 0.10556304931640625 0.024163818359375 0.02545196533203125
2 0.6671258544921875 0.1153338623046875 0.02371826171875 0.0174517822265625
2 0.5703717041015625 0.11115203857421875 0.020628662109375 0.02969573974609375
2 0.599332275390625 0.12972885131835937 0.027744140625 0.01777862548828125
2 0.6421002197265625 0.1385403060913086 0.02855224609375 0.019710235595703125
2 0.6691717529296874 0.14836669921875 0.027337646484375 0.0191070556640625
2 0.5888165283203125 0.20075164794921874 0.0243115234375 0.03076904296875
2 0.6089599609375 0.20112945556640624 0.022288818359375 0.0297344970703125
2 0.631402587890625 0.20371429443359376 0.0233447265625 0.029534912109375
2 0.6530316162109375 0.20192413330078124 0.02440185546875 0.0307275390625
2 0.674207763671875 0.20611053466796875 0.022979736328125 0.029554443359375
2 0.692196044921875 0.20307220458984376 0.023402099609375 0.0320123291015625
2 0.7080731201171875 0.2026702880859375 0.01970458984375 0.0256561279296875
2 0.7226910400390625 0.19118438720703124 0.028885498046875 0.028341064453125
2 0.745667724609375 0.44012939453125 0.025667724609375 0.0143402099609375
2 0.4472174072265625 0.38567352294921875 0.034818115234375 0.016947021484375
2 0.4805328369140625 0.6488259887695312 0.027135009765625 0.0308746337890625
2 0.3370562744140625 0.172567138671875 0.023021240234375 0.0345697021484375
3 0.08794677734375 0.3275732421875 0.031622314453125 0.0462603759765625
2 0.2927130126953125 0.246270751953125 0.02213623046875 0.0345697021484375
2 0.2816424560546875 0.2767132568359375 0.02213623046875 0.0345697021484375
2 0.38721923828125 0.21021240234375 0.033553466796875 0.0215496826171875
2 0.455496826171875 0.35150848388671874 0.0281005859375 0.0155133056640625
2 0.692044677734375 0.27456298828125 0.027744140625 0.0177789306640625
2 0.69388916015625 0.2579571533203125 0.027744140625 0.0177789306640625
2 0.687431640625 0.31376953125 0.027744140625 0.0177789306640625
2 0.6764947509765625 0.3815264892578125 0.0235595703125 0.0156829833984375
2 0.679722900390625 0.3626153564453125 0.0235595703125 0.0156829833984375
2 0.681107177734375 0.348316650390625 0.0235595703125 0.015682373046875
2 0.68881591796875 0.29347412109375 0.027744140625 0.0177789306640625
2 0.70223876953125 0.23985870361328124 0.03107421875 0.019498291015625
