5 0.16740509033203124 0.6694544982910157 0.011263427734375 0.04472991943359375
2 0.9009414672851562 0.2052902603149414 0.0205328369140625 0.011294441223144531
5 0.9652047729492188 0.6643251800537109 0.009197998046875 0.01982666015625
5 0.9675119018554688 0.8059722900390625 0.0087030029296875 0.031812744140625
2 0.7392886352539062 0.8318742370605469 0.019674072265625 0.00775115966796875
2 0.6795623779296875 0.7351873779296875 0.0174603271484375 0.01537506103515625
2 0.6775628662109375 0.7480621337890625 0.0174603271484375 0.01537506103515625
2 0.6759368896484375 0.7636874389648437 0.0174603271484375 0.01537506103515625
2 0.6774374389648438 0.7796875 0.0174603271484375 0.01537506103515625
2 0.6600625610351563 0.7255624389648437 0.0174603271484375 0.01537506103515625
2 0.6594375610351563 0.7393122863769531 0.0174603271484375 0.01537506103515625
2 0.6583126831054688 0.751812744140625 0.0174603271484375 0.01537506103515625
2 0.6561871337890625 0.7773123168945313 0.0174603271484375 0.01537506103515625
2 0.6579373168945313 0.7928123474121094 0.0174603271484375 0.01537506103515625
2 0.6553125 0.8063124084472656 0.0174603271484375 0.015374908447265625
2 0.6746871948242188 0.8074374389648438 0.0174603271484375 0.01537506103515625
2 0.67393798828125 0.8185627746582032 0.0174603271484375 0.01537506103515625
2 0.6691140747070312 0.9493779754638672 0.0207708740234375 0.0159942626953125
2 0.6671875 0.9641252899169922 0.022125244140625 0.020016021728515625
5 0.60845703125 0.9871951293945312 0.0101324462890625 0.0439453125
