2 0.02549224853515625 0.9679959106445313 0.0306634521484375 0.0236309814453125
2 0.033367919921875 0.9547589111328125 0.0306634521484375 0.0236309814453125
2 0.04098052978515625 0.9404521179199219 0.0298504638671875 0.023330078125
2 0.10541961669921875 0.8284185791015625 0.0306634521484375 0.0236309814453125
2 0.11167449951171875 0.8152033996582031 0.03457275390625 0.026519775390625
2 0.09240478515625 0.8577635192871094 0.03457275390625 0.026519775390625
2 0.065384521484375 0.9901152038574219 0.0296826171875 0.02346099853515625
2 0.07274505615234375 0.9772119140625 0.0288092041015625 0.02312347412109375
2 0.081656494140625 0.9656741333007812 0.0267047119140625 0.0207098388671875
2 0.08682037353515625 0.9540882873535156 0.028809814453125 0.023123779296875
2 0.0940252685546875 0.9400138854980469 0.0288092041015625 0.02312347412109375
2 0.1027374267578125 0.9276138305664062 0.0288092041015625 0.02312347412109375
2 0.10927337646484375 0.9147117614746094 0.028809814453125 0.023123779296875
2 0.11698028564453125 0.902144775390625 0.028809814453125 0.02312347412109375
2 0.12485626220703125 0.8877346801757813 0.028809814453125 0.023123779296875
2 0.13122314453125 0.8760049438476563 0.028809814453125 0.023123779296875
2 0.1388043212890625 0.8626971435546875 0.027802734375 0.02292999267578125
2 0.166578369140625 0.8123326110839844 0.028809814453125 0.02312347412109375
2 0.1731140899658203 0.799095458984375 0.02881072998046875 0.023123779296875
2 0.16004356384277343 0.8237265014648437 0.02880950927734375 0.02312347412109375
2 0.15233604431152345 0.8362939453125 0.02880950927734375 0.023123779296875
2 0.1458013916015625 0.849195556640625 0.0288092041015625 0.02312347412109375
2 0.1803179931640625 0.78736572265625 0.02880859375 0.0231231689453125
2 0.03554901123046875 0.7859429931640625 0.0306683349609375 0.023623046875
2 0.01942840576171875 0.8126109313964843 0.0275836181640625 0.02122650146484375
2 0.13792572021484376 0.7758042907714844 0.0288092041015625 0.02312347412109375
2 0.15205718994140624 0.7486820983886718 0.03457244873046875 0.026519775390625
2 0.189869384765625 0.7739608764648438 0.028809814453125 0.02312347412109375
2 0.1976617431640625 0.7587135314941407 0.028819580078125 0.02318328857421875
2 0.2051177978515625 0.7454762268066406 0.028809814453125 0.02312347412109375
2 0.16842208862304686 0.7223526000976562 0.02881011962890625 0.023123779296875
2 0.217889404296875 0.7155995178222656 0.031260986328125 0.02469696044921875
2 0.2331353759765625 0.6876170349121093 0.031260986328125 0.02469696044921875
2 0.225596923828125 0.704708251953125 0.03126220703125 0.024697265625
2 0.2421673583984375 0.6768218994140625 0.025933837890625 0.0215399169921875
2 0.21116943359375 0.7321171569824219 0.0259326171875 0.021539306640625
2 0.1993231201171875 0.6641178894042968 0.02985107421875 0.0236114501953125
2 0.1817291259765625 0.6934416198730469 0.02985107421875 0.0236114501953125
2 0.247169189453125 0.66532958984375 0.02595947265625 0.0213427734375
2 0.257095947265625 0.6504818725585938 0.025037841796875 0.02041717529296875
2 0.2633447265625 0.6380697631835938 0.0237939453125 0.019478759765625
2 0.27504150390625 0.6130740356445312 0.027078857421875 0.0202545166015625
2 0.280516357421875 0.5996678161621094 0.027640380859375 0.020504150390625
2 0.2874114990234375 0.5846615600585937 0.029031982421875 0.02119964599609375
2 0.2971929931640625 0.5553787231445313 0.030806884765625 0.02362579345703125
2 0.2929156494140625 0.5703445434570312 0.027640380859375 0.02050384521484375
2 0.264853515625 0.5578082275390625 0.02111572265625 0.0291552734375
6 0.1179022216796875 0.43473526000976564 0.0211126708984375 0.022620697021484375
6 0.10667572021484376 0.4560154724121094 0.0211126708984375 0.02262054443359375
2 0.27924560546875 0.0177008056640625 0.0289892578125 0.02300018310546875
2 0.3169122314453125 0.01432403564453125 0.027991943359375 0.022069854736328123
2 0.3091070556640625 0.0291375732421875 0.03287353515625 0.0272259521484375
2 0.4651080322265625 0.014608020782470704 0.025968017578125 0.03141319274902344
2 0.4791876220703125 0.01896186828613281 0.0235888671875 0.03141326904296875
2 0.490579833984375 0.026855621337890625 0.023421630859375 0.030924530029296876
2 0.5044964599609375 0.03426116943359375 0.01995361328125 0.02945953369140625
2 0.530618896484375 0.046468353271484374 0.021669921875 0.030110626220703124
2 0.5177606201171875 0.039632110595703124 0.021669921875 0.030110931396484374
2 0.4101263427734375 0.026947708129882814 0.026134033203125 0.034441986083984376
2 0.4229693603515625 0.03273643493652344 0.026134033203125 0.034441986083984376
2 0.4345465087890625 0.041419601440429686 0.026134033203125 0.03444183349609375
2 0.4468475341796875 0.049559707641601565 0.026134033203125 0.03444183349609375
2 0.5094390869140625 0.07904624938964844 0.026134033203125 0.034441986083984376
2 0.4958428955078125 0.06972976684570313 0.02607666015625 0.03327285766601563
2 0.4620428466796875 0.056976699829101564 0.026134033203125 0.03444183349609375
2 0.5379766845703124 0.09148399353027344 0.02709228515625 0.03646148681640625
2 0.5504718017578125 0.10166572570800782 0.025072021484375 0.03403228759765625
2 0.4748040771484375 0.06627220153808594 0.029024658203125 0.029816436767578124
2 0.4271710205078125 0.0645904541015625 0.02588134765625 0.021866607666015624
2 0.452679443359375 0.07985733032226562 0.02875244140625 0.023533935546875
2 0.4021234130859375 0.05101280212402344 0.026409912109375 0.021726226806640624
2 0.4800408935546875 0.09352134704589844 0.0284814453125 0.022979583740234375
2 0.5083099365234375 0.10980476379394531 0.027857666015625 0.022317352294921874
2 0.4347955322265625 0.08829078674316407 0.02952392578125 0.022225799560546874
2 0.5435858154296875 0.14182357788085936 0.0271337890625 0.02087158203125
2 0.4891357421875 0.11866867065429687 0.0271337890625 0.02087158203125
2 0.5155462646484374 0.13133140563964843 0.027135009765625 0.020872039794921873
2 0.4629058837890625 0.10383506774902344 0.027135009765625 0.020872039794921873
2 0.390181884765625 0.09179763793945313 0.023421630859375 0.03092437744140625
2 0.37589111328125 0.08564727783203124 0.023421630859375 0.030924530029296876
2 0.405377197265625 0.1012042236328125 0.023421630859375 0.03092437744140625
2 0.43486328125 0.116761474609375 0.023421630859375 0.030924530029296876
2 0.4484320068359375 0.12291168212890625 0.023421630859375 0.030924530029296876
2 0.46290283203125 0.13249954223632812 0.023421630859375 0.030924530029296876
2 0.477012939453125 0.13883102416992188 0.023421630859375 0.030924530029296876
2 0.5068603515625 0.1531219482421875 0.023421630859375 0.03092437744140625
2 0.520970458984375 0.1610809326171875 0.023421630859375 0.030924530029296876
2 0.537432861328125 0.16741279602050782 0.023421630859375 0.030924530029296876
2 0.3616143798828125 0.11421356201171876 0.0216357421875 0.02899017333984375
2 0.3759344482421875 0.12074020385742187 0.0215771484375 0.028960723876953125
2 0.3938140869140625 0.12904693603515624 0.0216357421875 0.028990020751953127
2 0.404697265625 0.13792556762695313 0.0215771484375 0.028960723876953125
2 0.418712158203125 0.14392341613769533 0.022178955078125 0.0282586669921875
2 0.4317388916015625 0.15034782409667968 0.02217529296875 0.02835723876953125
2 0.44421875 0.15767127990722657 0.022178955078125 0.0282586669921875
2 0.45649169921875 0.16523452758789062 0.022235107421875 0.028250274658203126
2 0.4708123779296875 0.169703369140625 0.02217529296875 0.02835693359375
2 0.4823870849609375 0.1739521026611328 0.022178955078125 0.028258514404296876
2 0.49559326171875 0.18281639099121094 0.022178955078125 0.028258514404296876
2 0.5203765869140625 0.19710731506347656 0.022178955078125 0.028259124755859375
2 0.40049560546875 0.16208396911621092 0.031114501953125 0.023013916015625
2 0.4296197509765625 0.17709846496582032 0.02894287109375 0.021683502197265624
2 0.458282470703125 0.1912962341308594 0.02656982421875 0.02062713623046875
2 0.3389361572265625 0.15513870239257813 0.022178955078125 0.02825836181640625
2 0.3515008544921875 0.16384223937988282 0.02237548828125 0.028863983154296877
2 0.3619097900390625 0.1730475616455078 0.022178955078125 0.028258819580078125
2 0.375087890625 0.17771682739257813 0.022235107421875 0.028250274658203126
2 0.387208251953125 0.1849529266357422 0.02223388671875 0.028249664306640623
2 0.4006231689453125 0.18950950622558593 0.022178955078125 0.028258819580078125
2 0.41274169921875 0.1967449188232422 0.022178955078125 0.028258514404296876
2 0.4365887451171875 0.20929206848144533 0.0229931640625 0.0294989013671875
2 0.4480572509765625 0.21594192504882812 0.021014404296875 0.026131591796875
2 0.460679931640625 0.22406044006347656 0.022178955078125 0.028259124755859375
2 0.4239300537109375 0.20394721984863282 0.02223388671875 0.028249359130859374
2 0.4854632568359375 0.2367235565185547 0.022178955078125 0.028258819580078125
2 0.497813720703125 0.2425885009765625 0.02242431640625 0.0284124755859375
2 0.3228839111328125 0.18210456848144532 0.0231689453125 0.028419647216796875
2 0.3335595703125 0.19145469665527343 0.022801513671875 0.028631744384765626
2 0.3442236328125 0.19707305908203124 0.023902587890625 0.0307818603515625
2 0.3593634033203125 0.2030072784423828 0.02365478515625 0.030491485595703124
2 0.371845703125 0.21078544616699219 0.02365478515625 0.030491485595703124
2 0.3857745361328125 0.21675514221191405 0.02365478515625 0.030491485595703124
2 0.399161376953125 0.2230866241455078 0.02365478515625 0.030491485595703124
2 0.4343243408203125 0.24357826232910157 0.023154296875 0.030338287353515625
2 0.4223150634765625 0.23611122131347656 0.02365478515625 0.030491485595703124
2 0.409844970703125 0.2300098419189453 0.023994140625 0.031116790771484375
2 0.4591064453125 0.25551773071289063 0.023154296875 0.03033843994140625
2 0.4724237060546875 0.2619792938232422 0.02365478515625 0.030491485595703124
2 0.485936279296875 0.269515380859375 0.022183837890625 0.0305291748046875
2 0.2394970703125 0.19735870361328126 0.03219970703125 0.024383544921875
2 0.246099853515625 0.18433441162109376 0.027315673828125 0.02134307861328125
2 0.2629437255859375 0.1575439453125 0.03197998046875 0.02474822998046875
2 0.23108642578125 0.21327804565429687 0.027315673828125 0.02134368896484375
2 0.27065673828125 0.14601051330566406 0.027406005859375 0.02219757080078125
2 0.276309814453125 0.13368309020996094 0.027315673828125 0.021343231201171875
2 0.2953167724609375 0.23992874145507812 0.02294677734375 0.0308160400390625
2 0.308160400390625 0.24716415405273437 0.02294677734375 0.0308160400390625
2 0.3217279052734375 0.2524105072021484 0.02294677734375 0.03081573486328125
2 0.3360186767578125 0.2583800506591797 0.02294677734375 0.03081573486328125
2 0.388828125 0.2869031524658203 0.02435546875 0.033466033935546875
2 0.3748992919921875 0.2809333038330078 0.023582763671875 0.031656951904296876
2 0.361885986328125 0.2721278381347656 0.02294677734375 0.0308160400390625
2 0.349586181640625 0.26525413513183593 0.02294677734375 0.03081573486328125
2 0.4022149658203125 0.2932343292236328 0.02435546875 0.033466033935546875
2 0.41505859375 0.302098388671875 0.02435546875 0.03346588134765625
2 0.4284442138671875 0.3084298706054687 0.02435546875 0.03346588134765625
2 0.4418304443359375 0.31421852111816406 0.02435546875 0.033466033935546875
2 0.454674072265625 0.32109230041503906 0.02435546875 0.033466033935546875
2 0.28137451171875 0.27152626037597655 0.02435546875 0.033466033935546875
2 0.292613525390625 0.2792623901367188 0.020513916015625 0.02523040771484375
2 0.3076287841796875 0.2855937957763672 0.020513916015625 0.025230255126953125
2 0.3195672607421875 0.29228713989257815 0.020513916015625 0.02523040771484375
2 0.3327734375 0.29898048400878907 0.020513916015625 0.025230255126953125
2 0.343807373046875 0.30639694213867186 0.020513916015625 0.0252301025390625
2 0.35644775390625 0.31204795837402344 0.023582763671875 0.031656951904296876
2 0.368580322265625 0.3193425750732422 0.02294677734375 0.03081573486328125
2 0.381966552734375 0.3265782165527344 0.02294677734375 0.0308160400390625
2 0.3955206298828125 0.3337554931640625 0.023583984375 0.0316571044921875
2 0.4260845947265625 0.3485139465332031 0.020062255859375 0.02427032470703125
2 0.4400347900390625 0.35389366149902346 0.02294677734375 0.03081573486328125
2 0.4539569091796875 0.36371818542480466 0.01936767578125 0.023106689453125
2 0.1757305908203125 0.3422576141357422 0.027315673828125 0.021354217529296875
2 0.16876632690429688 0.3555535888671875 0.03364654541015625 0.0252911376953125
2 0.255687255859375 0.32633872985839846 0.021876220703125 0.03093353271484375
2 0.2713665771484375 0.33080856323242186 0.021409912109375 0.0301055908203125
2 0.2852044677734375 0.3367667388916016 0.02204833984375 0.029976348876953125
2 0.3106805419921875 0.35202598571777344 0.02116455078125 0.029877471923828124
2 0.3362176513671875 0.36697662353515625 0.02204833984375 0.029976348876953125
2 0.349423828125 0.37457427978515623 0.02204833984375 0.029976348876953125
2 0.3624481201171875 0.381810302734375 0.02204833984375 0.029976348876953125
2 0.375653076171875 0.3894078826904297 0.02204833984375 0.02997650146484375
2 0.388858642578125 0.3946539306640625 0.02204833984375 0.029976348876953125
2 0.4020635986328125 0.4022514343261719 0.02204833984375 0.029976348876953125
2 0.418133544921875 0.40629531860351564 0.0235791015625 0.0352752685546875
2 0.2441094970703125 0.35492042541503904 0.021876220703125 0.03093353271484375
2 0.2564105224609375 0.3592617797851563 0.021876220703125 0.030933380126953125
2 0.2714263916015625 0.36577438354492187 0.023218994140625 0.030933380126953125
2 0.284088134765625 0.3760856628417969 0.021876220703125 0.03093353271484375
2 0.297655029296875 0.3816931915283203 0.021876220703125 0.030933685302734375
2 0.310860595703125 0.3882054901123047 0.021876220703125 0.030933380126953125
2 0.324427490234375 0.3938133239746094 0.021876220703125 0.030933380126953125
2 0.2294390869140625 0.42035064697265623 0.022286376953125 0.030680084228515626
2 0.3974224853515625 0.4365602111816406 0.0260546875 0.03299407958984375
2 0.3513824462890625 0.41081771850585935 0.021876220703125 0.03093353271484375
2 0.3378143310546875 0.40430526733398436 0.021876220703125 0.030933380126953125
2 0.3822760009765625 0.42816398620605467 0.02449951171875 0.031696929931640624
2 0.2585638427734375 0.43247108459472655 0.022286376953125 0.03068023681640625
2 0.2739398193359375 0.44187767028808594 0.022286376953125 0.030680084228515626
2 0.2882305908203125 0.4474852752685547 0.022286376953125 0.03068023681640625
2 0.3511834716796875 0.48511245727539065 0.022286376953125 0.030679931640625
2 0.338701171875 0.47733354568481445 0.022286376953125 0.030680160522460937
2 0.3242291259765625 0.4704595947265625 0.022286376953125 0.03068023681640625
2 0.364853515625 0.49313873291015625 0.023165283203125 0.03235504150390625
2 0.3762554931640625 0.5212550354003906 0.024027099609375 0.035093994140625
2 0.1449090576171875 0.3977553558349609 0.0242822265625 0.020003509521484376
2 0.19572021484375 0.43749992370605467 0.022142333984375 0.030391082763671876
2 0.20982177734375 0.44402671813964845 0.02169189453125 0.028610992431640624
2 0.223209228515625 0.44945396423339845 0.02169189453125 0.028611297607421874
2 0.2360516357421875 0.45469955444335936 0.02169189453125 0.02861114501953125
2 0.2501617431640625 0.4628399085998535 0.021690673828125 0.028610916137695314
2 0.2622821044921875 0.4706187438964844 0.021690673828125 0.02861083984375
2 0.300089111328125 0.4921455383300781 0.021690673828125 0.02861083984375
2 0.3124151611328125 0.5019317626953125 0.02318603515625 0.03024505615234375
2 0.2885028076171875 0.48371932983398436 0.021671142578125 0.0273150634765625
2 0.2756689453125 0.4771308898925781 0.021690673828125 0.02861083984375
2 0.3390533447265625 0.5179354858398437 0.02291748046875 0.03015655517578125
2 0.352677001953125 0.5232852172851562 0.024169921875 0.031396484375
2 0.3276556396484375 0.5088902282714843 0.02291748046875 0.0301568603515625
2 0.2392584228515625 0.5317533874511718 0.038828125 0.0273883056640625
2 0.2347607421875 0.5469233703613281 0.026116943359375 0.01938018798828125
2 0.231866455078125 0.5622996520996094 0.026116943359375 0.01938018798828125
2 0.23150390625 0.5783992004394531 0.026116943359375 0.01938018798828125
2 0.2264385986328125 0.5908810424804688 0.026116943359375 0.01937957763671875
2 0.09066253662109375 0.010178565979003906 0.0248956298828125 0.023392868041992188
2 0.170804443359375 0.053749618530273435 0.02375 0.03255508422851563
2 0.14062164306640626 0.038165130615234376 0.0219580078125 0.0297412109375
2 0.184732666015625 0.062321319580078124 0.02375 0.032554931640625
2 0.1992864990234375 0.06714271545410157 0.024564208984375 0.031072235107421874
2 0.22660888671875 0.08454917907714844 0.0207177734375 0.02934356689453125
2 0.2410821533203125 0.08973686218261719 0.020377197265625 0.028025665283203126
2 0.25588134765625 0.09918502807617187 0.023553466796875 0.03020172119140625
2 0.03271148681640625 0.023480606079101563 0.0242193603515625 0.030895843505859374
2 0.05806854248046875 0.03615928649902344 0.0242193603515625 0.030895843505859374
2 0.07066497802734376 0.04743377685546875 0.0288299560546875 0.04129608154296875
2 0.1271466064453125 0.07534111022949219 0.02572265625 0.03639678955078125
2 0.1416961669921875 0.0808929443359375 0.022020263671875 0.02892852783203125
2 0.15571418762207032 0.08526771545410156 0.02297332763671875 0.0301788330078125
2 0.169375 0.094285888671875 0.022020263671875 0.028928680419921873
2 0.182105712890625 0.10373062133789063 0.02456787109375 0.03396697998046875
2 0.2092864990234375 0.11500007629394532 0.02280517578125 0.030714263916015627
2 0.1950897216796875 0.11008934020996093 0.025782470703125 0.03482131958007813
2 0.2228570556640625 0.12303565979003907 0.02280517578125 0.030714569091796876
2 0.008824310302734374 0.13013717651367188 0.0192852783203125 0.030082855224609375
2 0.0206854248046875 0.1378155517578125 0.02255859375 0.030082855224609375
2 0.03514923095703125 0.1433515167236328 0.0225592041015625 0.030083160400390625
2 0.04955718994140625 0.14780899047851562 0.0232696533203125 0.030810546875
2 0.0634979248046875 0.15613059997558593 0.020924072265625 0.027975311279296877
2 0.0901507568359375 0.13631004333496094 0.0218408203125 0.0288079833984375
2 0.06446441650390625 0.1208929443359375 0.0219921875 0.02892852783203125
2 0.0902685546875 0.16946426391601563 0.0230804443359375 0.030714263916015627
2 0.103184814453125 0.17745872497558593 0.02255859375 0.030082855224609375
2 0.11568511962890625 0.1842443084716797 0.02255859375 0.030082855224609375
2 0.12797393798828124 0.1949481964111328 0.026195068359375 0.037960662841796874
2 0.128895263671875 0.15793197631835937 0.0219989013671875 0.0305645751953125
2 0.0735089111328125 0.16637664794921875 0.026195068359375 0.037960662841796874
2 0.1401458740234375 0.20061065673828124 0.0219989013671875 0.030564727783203124
2 0.03750030517578125 0.22276809692382812 0.0339581298828125 0.02482147216796875
2 0.08777099609375 0.22144943237304687 0.015172119140625 0.033970794677734374
2 0.16800300598144532 0.18132484436035157 0.02199920654296875 0.030564422607421874
2 0.1670806884765625 0.21619804382324218 0.026195068359375 0.037960662841796874
2 0.0050678253173828125 0.8443423461914062 0.01470794677734375 0.03538787841796875
2 0.4255474853515625 0.5930125427246093 0.029075927734375 0.02272735595703125
2 0.3658477783203125 0.7162229919433594 0.02651123046875 0.02295562744140625
2 0.35716552734375 0.7268675231933593 0.025958251953125 0.02190216064453125
2 0.40873046875 0.6330197143554688 0.02910400390625 0.022403564453125
2 0.574771728515625 0.39677284240722654 0.021702880859375 0.03011016845703125
2 0.5875726318359376 0.4096442413330078 0.02278076171875 0.03166061401367187
2 0.6105718994140625 0.4334752655029297 0.02622314453125 0.0393011474609375
2 0.6660089111328125 0.4534482765197754 0.025111083984375 0.036688003540039066
2 0.5623797607421875 0.4633009338378906 0.031021728515625 0.0278802490234375
2 0.5163232421875 0.529671630859375 0.023040771484375 0.031834716796875
2 0.55056884765625 0.5543333435058594 0.023040771484375 0.03183502197265625
2 0.567901611328125 0.5564472961425782 0.023040771484375 0.031834716796875
2 0.5817474365234375 0.5651069641113281 0.022640380859375 0.0336810302734375
2 0.5928802490234375 0.5727168273925781 0.022640380859375 0.0336810302734375
2 0.605986328125 0.5839204406738281 0.019697265625 0.026494140625
2 0.48134033203125 0.5579908752441406 0.027620849609375 0.0383660888671875
2 0.499307861328125 0.5623593139648437 0.02184326171875 0.0299554443359375
2 0.5380615234375 0.5850480651855469 0.02184326171875 0.0299554443359375
2 0.523128662109375 0.577730712890625 0.02465087890625 0.03521026611328125
2 0.560045166015625 0.6011836242675781 0.025567626953125 0.035936279296875
2 0.5751947021484375 0.6067501831054688 0.0233935546875 0.03376556396484375
2 0.590697021484375 0.6164741516113281 0.023675537109375 0.03295440673828125
2 0.4594256591796875 0.6537489318847656 0.02494384765625 0.03260894775390625
2 0.47337646484375 0.6606538391113281 0.02494384765625 0.03260894775390625
2 0.500311279296875 0.6738734436035156 0.022442626953125 0.02838165283203125
2 0.484932861328125 0.6685456848144531 0.02494384765625 0.03260894775390625
2 0.52680419921875 0.6876837158203125 0.022442626953125 0.02838134765625
2 0.5117083740234375 0.683624267578125 0.02409912109375 0.0323004150390625
2 0.5390655517578125 0.6948712158203125 0.02244140625 0.02838104248046875
2 0.5532806396484375 0.7051861572265625 0.024097900390625 0.0322991943359375
2 0.5651580810546875 0.7120823669433594 0.02276611328125 0.0302801513671875
2 0.5787872314453125 0.7182917785644531 0.024097900390625 0.03229949951171875
2 0.5918939208984375 0.7249154663085937 0.024097900390625 0.0322991943359375
2 0.618809814453125 0.738585205078125 0.024097900390625 0.03229949951171875
2 0.6058453369140625 0.7311160278320312 0.024097900390625 0.0322991943359375
2 0.6457275390625 0.751268310546875 0.020997314453125 0.02804412841796875
2 0.632620849609375 0.7437992858886718 0.02232177734375 0.03114471435546875
2 0.4444879150390625 0.6846112060546875 0.023253173828125 0.030863037109375
2 0.457874755859375 0.6912342834472657 0.023253173828125 0.03086273193359375
2 0.471685791015625 0.6979985046386719 0.023253173828125 0.030863037109375
2 0.4849322509765625 0.7051853942871094 0.023253173828125 0.03086273193359375
2 0.497615966796875 0.7119503784179687 0.023253173828125 0.030863037109375
2 0.524814453125 0.7253384399414062 0.023251953125 0.03086273193359375
2 0.5382012939453125 0.7319613647460937 0.023253173828125 0.030863037109375
2 0.5520123291015625 0.7387261962890626 0.023253173828125 0.03086273193359375
2 0.5652593994140624 0.7459130859375 0.023253173828125 0.030863037109375
2 0.5779425048828125 0.752677001953125 0.023253173828125 0.03086273193359375
2 0.59245849609375 0.760146484375 0.023251953125 0.0308624267578125
2 0.6051409912109375 0.7669107055664063 0.023251953125 0.0308624267578125
2 0.619444580078125 0.7725479125976562 0.022615966796875 0.029735107421875
2 0.6322686767578125 0.778184814453125 0.022615966796875 0.029735107421875
2 0.6458673095703125 0.7860061645507812 0.0220703125 0.02931243896484375
2 0.4177117919921875 0.7346391296386718 0.023253173828125 0.030863037109375
2 0.4322265625 0.7401351928710938 0.023253173828125 0.03086273193359375
2 0.44490966796875 0.7501408386230469 0.023251953125 0.03086273193359375
2 0.4581561279296875 0.7559190368652344 0.023253173828125 0.03086273193359375
2 0.4702764892578125 0.763387451171875 0.023251953125 0.0308624267578125
2 0.4835235595703125 0.7691659545898437 0.023251953125 0.0308624267578125
2 0.4966290283203125 0.7773390197753907 0.023253173828125 0.03086273193359375
2 0.5124127197265625 0.7839630126953125 0.023251953125 0.0308624267578125
2 0.524954833984375 0.7912905883789062 0.023253173828125 0.03086273193359375
2 0.5389117431640625 0.7957177734375 0.0227001953125 0.029852294921875
2 0.551195068359375 0.804058837890625 0.02246337890625 0.0304681396484375
2 0.5641595458984375 0.8104002380371094 0.02246337890625 0.03046783447265625
2 0.5781109619140625 0.8180099487304687 0.02246337890625 0.0304681396484375
2 0.59107666015625 0.824351806640625 0.02246337890625 0.0304681396484375
2 0.605028076171875 0.8313978576660156 0.02246337890625 0.03046783447265625
2 0.6179925537109375 0.8377397155761719 0.02246337890625 0.03046783447265625
2 0.631944580078125 0.8453492736816406 0.022464599609375 0.03046844482421875
2 0.64490966796875 0.8516911315917969 0.02246337890625 0.03046783447265625
2 0.6625250244140625 0.8616969299316406 0.02246337890625 0.03046783447265625
2 0.404676513671875 0.7616262817382813 0.02352294921875 0.03043975830078125
2 0.4176409912109375 0.7685313415527344 0.02352294921875 0.030439453125
2 0.4311700439453125 0.7772688293457031 0.023524169921875 0.0304400634765625
2 0.4441351318359375 0.7841741943359375 0.023524169921875 0.03043975830078125
2 0.4565362548828125 0.7898114013671875 0.02352294921875 0.03043975830078125
2 0.4716156005859375 0.796011962890625 0.02352294921875 0.03043975830078125
2 0.48514404296875 0.8030581665039063 0.02352294921875 0.03043975830078125
2 0.4978277587890625 0.8117953491210937 0.02352294921875 0.03043975830078125
2 0.5646258544921875 0.846322021484375 0.02352294921875 0.03043975830078125
2 0.5103692626953125 0.8191232299804687 0.02352294921875 0.030439453125
2 0.5227703857421875 0.8249012756347657 0.023524169921875 0.0304400634765625
2 0.5374267578125 0.8309614562988281 0.02352294921875 0.030439453125
2 0.5513787841796876 0.8380075073242188 0.02352294921875 0.03043975830078125
2 0.6439654541015625 0.8873309326171875 0.02352294921875 0.030439453125
2 0.61831787109375 0.8726748657226563 0.02352294921875 0.03043975830078125
2 0.63156494140625 0.8801437377929687 0.02352294921875 0.03043975830078125
2 0.604366455078125 0.8659103393554688 0.02352294921875 0.03043975830078125
2 0.5902740478515625 0.8597096252441406 0.02352294921875 0.030439453125
2 0.57716796875 0.8528047180175782 0.02352294921875 0.03043975830078125
2 0.6589044189453125 0.8947998046875 0.02352294921875 0.03043975830078125
2 0.6713055419921875 0.9019873046875 0.02352294921875 0.03043975830078125
2 0.4913421630859375 0.8333836364746093 0.0276171875 0.0228839111328125
2 0.5201116943359375 0.8479811096191406 0.0275830078125 0.023048095703125
2 0.5525750732421875 0.8654873657226563 0.026634521484375 0.02491180419921875
2 0.4430072021484375 0.8736611938476563 0.02352294921875 0.03043975830078125
2 0.469500732421875 0.8873309326171875 0.02352294921875 0.03043975830078125
2 0.485889892578125 0.8990855407714844 0.02218505859375 0.0277874755859375
2 0.59267578125 0.9244354248046875 0.03614990234375 0.02770477294921875
2 0.3613592529296875 0.8434860229492187 0.029984130859375 0.0233587646484375
2 0.3538909912109375 0.8553237915039062 0.02998291015625 0.02335845947265625
2 0.3684051513671875 0.8308029174804688 0.029984130859375 0.02335845947265625
2 0.3392584228515625 0.8830905151367188 0.02993408203125 0.02393218994140625
2 0.345985107421875 0.8690402221679687 0.0288818359375 0.02260589599609375
2 0.331383056640625 0.8959266662597656 0.0262353515625 0.02170135498046875
2 0.3239251708984375 0.9114990234375 0.028114013671875 0.02240692138671875
2 0.31582763671875 0.9254096984863281 0.028883056640625 0.02260650634765625
2 0.3081048583984375 0.9393156433105468 0.02744384765625 0.0227978515625
2 0.2999603271484375 0.9524870300292969 0.027919921875 0.02236419677734375
2 0.2933355712890625 0.9670021057128906 0.027921142578125 0.022364501953125
2 0.683719482421875 0.5123916625976562 0.030225830078125 0.0143414306640625
2 0.680626220703125 0.4977311706542969 0.02646728515625 0.01415374755859375
2 0.681397705078125 0.5278094482421875 0.030225830078125 0.01434112548828125
2 0.65256591796875 0.5495457458496094 0.027880859375 0.01463592529296875
2 0.694840087890625 0.5576686096191407 0.027880859375 0.01463592529296875
2 0.685396728515625 0.5441798400878907 0.033138427734375 0.0193988037109375
2 0.6605230712890625 0.5803811645507813 0.027879638671875 0.01463592529296875
2 0.662015380859375 0.5946385192871094 0.027880859375 0.01463592529296875
2 0.664005126953125 0.6098902893066406 0.027880859375 0.01463592529296875
2 0.6948590087890625 0.5883053588867188 0.027862548828125 0.01635986328125
2 0.6631793212890625 0.5642430114746094 0.02787353515625 0.01640777587890625
2 0.6950262451171875 0.6019000244140625 0.027862548828125 0.01635894775390625
2 0.693699951171875 0.5747116088867188 0.027862548828125 0.01635894775390625
2 0.6823712158203125 0.6729750061035156 0.02510009765625 0.0143853759765625
2 0.6785589599609375 0.6603755187988282 0.02510009765625 0.0143853759765625
2 0.6735845947265625 0.6321923828125 0.02510009765625 0.0143853759765625
2 0.6773974609375 0.6447921752929687 0.02510009765625 0.0143853759765625
2 0.6841607666015626 0.6884947204589844 0.027353515625 0.01502349853515625
2 0.71088623046875 0.6830874633789062 0.02510009765625 0.0143853759765625
2 0.7059112548828125 0.6544070434570313 0.025101318359375 0.0143853759765625
2 0.7095599365234375 0.668001708984375 0.02510009765625 0.0143853759765625
2 0.702762451171875 0.6391555786132812 0.02510009765625 0.0143853759765625
2 0.69977783203125 0.6247323608398437 0.02510009765625 0.0143853759765625
2 0.724847412109375 0.7151258850097656 0.01893798828125 0.03228240966796875
2 0.7436248779296875 0.8211576843261719 0.015523681640625 0.0282574462890625
2 0.73798828125 0.7924772644042969 0.0155224609375 0.0282568359375
2 0.7146649169921875 0.8313992309570313 0.016744384765625 0.03481414794921875
2 0.7040557861328125 0.7950930786132813 0.016744384765625 0.03481475830078125
2 0.740308837890625 0.8937696838378906 0.0155224609375 0.02825653076171875
2 0.7557281494140625 0.8955941772460938 0.015523681640625 0.0282574462890625
2 0.728936767578125 0.9299835205078125 0.014725341796875 0.0286273193359375
2 0.7442578125 0.9292936706542969 0.014588623046875 0.03654388427734375
2 0.7575042724609375 0.9787559509277344 0.033194580078125 0.02127777099609375
2 0.7623309326171875 0.9918115234375 0.024261474609375 0.01454132080078125
5 0.642012939453125 0.4518124198913574 0.03626953125 0.05626899719238281
2 0.2254840087890625 0.9622624206542969 0.0273193359375 0.02251739501953125
2 0.2317144775390625 0.9505805969238281 0.0273193359375 0.02251739501953125
2 0.15200653076171874 0.9851524353027343 0.0296575927734375 0.02417999267578125
2 0.1570684814453125 0.9695759582519531 0.02965728759765625 0.02417999267578125
2 0.1659417724609375 0.9546426391601562 0.027933349609375 0.02334686279296875
2 0.1734246826171875 0.9427069091796875 0.029658203125 0.02417999267578125
2 0.1885272216796875 0.90908203125 0.0279345703125 0.02334716796875
2 0.195537109375 0.8962313842773437 0.0279345703125 0.02334686279296875
2 0.202935791015625 0.8826023864746094 0.0279345703125 0.02334686279296875
2 0.2126702880859375 0.8705300903320312 0.027933349609375 0.02334686279296875
2 0.2173431396484375 0.8549546813964843 0.027933349609375 0.02334686279296875
2 0.2255413818359375 0.8435336303710937 0.027999267578125 0.02282379150390625
2 0.2343096923828125 0.8285682678222657 0.029932861328125 0.02366668701171875
2 0.239539794921875 0.815623779296875 0.027933349609375 0.02334686279296875
2 0.251221923828125 0.80355224609375 0.027933349609375 0.02334716796875
2 0.26721435546875 0.7734669494628906 0.027208251953125 0.02191558837890625
2 0.2872686767578125 0.8445339965820312 0.029932861328125 0.02366668701171875
2 0.2958355712890625 0.8316831970214844 0.029932861328125 0.02366668701171875
2 0.30323486328125 0.8184439086914063 0.029932861328125 0.02366668701171875
2 0.310244140625 0.8052037048339844 0.02993408203125 0.02366668701171875
2 0.345093994140625 0.7541264343261719 0.025958251953125 0.02190216064453125
2 0.3966595458984375 0.6478170776367187 0.02910400390625 0.022403564453125
2 0.382640380859375 0.675465087890625 0.02910400390625 0.022403564453125
2 0.273055419921875 0.759058837890625 0.027208251953125 0.02191558837890625
2 0.284737548828125 0.7454295349121094 0.02720703125 0.02191497802734375
2 0.2882427978515625 0.7290744018554688 0.02720703125 0.02191497802734375
2 0.296419677734375 0.7134980773925781 0.02720703125 0.02191497802734375
2 0.3059600830078125 0.6996742248535156 0.029932861328125 0.02268707275390625
2 0.3155010986328125 0.6866288757324219 0.027208251953125 0.0219158935546875
2 0.3225103759765625 0.6726103210449219 0.027208251953125 0.021915283203125
2 0.3302978515625 0.6597596740722657 0.027208251953125 0.021915283203125
2 0.340032958984375 0.6437939453125 0.027208251953125 0.021915283203125
2 0.269979248046875 0.6251458740234375 0.027078857421875 0.0202545166015625
2 0.35171630859375 0.6165354919433593 0.02720703125 0.021915283203125
2 0.3632037353515625 0.602906494140625 0.029154052734375 0.02176177978515625
2 0.3768328857421875 0.5694172668457032 0.029154052734375 0.0217620849609375
2 0.36890625 0.421331787109375 0.021876220703125 0.03093353271484375
2 0.480382080078125 0.5072407531738281 0.02910400390625 0.022403564453125
2 0.490162353515625 0.49312652587890626 0.032310791015625 0.02426116943359375
2 0.4764654541015625 0.5221957397460938 0.024617919921875 0.0206396484375
2 0.5057275390625 0.44871849060058594 0.032269287109375 0.023513641357421875
2 0.4986834716796875 0.463626766204834 0.02910400390625 0.022403488159179686
