4 0.01217254638671875 0.8792730712890625 0.0252947998046875 0.0196844482421875
4 0.01822845458984375 0.8712025451660156 0.0237042236328125 0.0189044189453125
4 0.025208740234375 0.8645646667480469 0.022242431640625 0.01932159423828125
4 0.0313812255859375 0.8572128295898438 0.023695068359375 0.0222021484375
4 0.0403570556640625 0.8475831604003906 0.017537841796875 0.0229693603515625
4 0.0471795654296875 0.8364286804199219 0.0194146728515625 0.02173858642578125
4 0.056185302734375 0.8208049011230468 0.0252978515625 0.02625
4 0.06498931884765625 0.8128515625 0.0251092529296875 0.02428985595703125
4 0.092301025390625 0.8388787841796875 0.0351715087890625 0.03382293701171875
4 0.08467987060546875 0.8580146789550781 0.0261151123046875 0.02801116943359375
4 0.097425537109375 0.8565830993652344 0.02411376953125 0.020633544921875
4 0.1081317138671875 0.8239244079589844 0.026912841796875 0.02365509033203125
4 0.10647857666015625 0.8364622497558594 0.02355224609375 0.0202374267578125
4 0.025194091796875 0.79005126953125 0.0231536865234375 0.026461181640625
4 0.03331146240234375 0.7970462036132813 0.0226556396484375 0.02591766357421875
4 0.0372894287109375 0.9004721069335937 0.02607666015625 0.02123992919921875
4 0.0475506591796875 0.8871621704101562 0.0241632080078125 0.02268798828125
4 0.01019927978515625 0.6960366821289062 0.02071533203125 0.01930267333984375
4 0.016431884765625 0.6857400512695313 0.0190118408203125 0.01801055908203125
4 0.0250146484375 0.6751789855957031 0.022769775390625 0.01918548583984375
4 0.03496307373046875 0.6668089294433593 0.02272705078125 0.01959716796875
4 0.04211151123046875 0.6572093200683594 0.0244677734375 0.0209844970703125
4 0.07275238037109374 0.6156051635742188 0.02009521484375 0.0167974853515625
4 0.0834796142578125 0.6074380493164062 0.02250732421875 0.02009002685546875
4 0.09084320068359375 0.5973933410644531 0.02947509765625 0.02560699462890625
4 0.099853515625 0.5873258972167968 0.025845947265625 0.02331573486328125
4 0.10691162109375 0.57564208984375 0.0268475341796875 0.0239971923828125
4 0.115841064453125 0.5657740783691406 0.033106689453125 0.02857452392578125
4 0.12529388427734375 0.5559605407714844 0.0291314697265625 0.02504241943359375
4 0.13266693115234374 0.542945556640625 0.03014892578125 0.02657745361328125
4 0.14858642578125 0.5181562805175781 0.0246173095703125 0.02160247802734375
4 0.15463226318359374 0.507197265625 0.027060546875 0.02358978271484375
4 0.1636273193359375 0.4967779541015625 0.0250103759765625 0.0222735595703125
4 0.171048583984375 0.4857417297363281 0.025859375 0.022762451171875
4 0.18074798583984375 0.47591352462768555 0.0245697021484375 0.022325210571289063
4 0.18734130859375 0.4643951606750488 0.0246905517578125 0.02305267333984375
4 0.19669647216796876 0.4551025199890137 0.0280908203125 0.027554397583007813
4 0.205269775390625 0.4402263641357422 0.030689697265625 0.0249462890625
4 0.21315887451171875 0.42602981567382814 0.0365216064453125 0.03185516357421875
4 0.22181427001953125 0.4131568145751953 0.040413818359375 0.035496826171875
4 0.233260498046875 0.4021851348876953 0.035631103515625 0.031650848388671875
4 0.24047271728515626 0.3884576416015625 0.0450128173828125 0.03812973022460937
4 0.1921075439453125 0.5290675354003906 0.03013916015625 0.02552825927734375
4 0.20217987060546874 0.5171974182128907 0.032130126953125 0.027965087890625
4 0.2126873779296875 0.5063311767578125 0.03787109375 0.03273773193359375
4 0.23178375244140625 0.4812739753723145 0.0335528564453125 0.03074668884277344
4 0.2765582275390625 0.5695681762695313 0.0368157958984375 0.0305419921875
4 0.2854244995117188 0.5548078918457031 0.0338360595703125 0.02909576416015625
4 0.29685699462890625 0.5404951477050781 0.037569580078125 0.0321905517578125
4 0.30723663330078127 0.5259785461425781 0.0397882080078125 0.03339385986328125
4 0.3177789306640625 0.50989990234375 0.038726806640625 0.0335150146484375
4 0.3310812377929688 0.49640411376953125 0.03217041015625 0.0282745361328125
4 0.33915740966796876 0.48197494506835936 0.034647216796875 0.03113189697265625
4 0.45107818603515626 0.5126701354980469 0.0502239990234375 0.0395562744140625
4 0.3661859130859375 0.5082710266113282 0.0463726806640625 0.0564306640625
4 0.38848388671875 0.5192314147949219 0.039951171875 0.049674072265625
4 0.405556640625 0.5300338745117188 0.0398876953125 0.04442535400390625
4 0.42276824951171876 0.5413169860839844 0.03414794921875 0.04312225341796875
4 0.43642486572265626 0.5557327270507812 0.0399896240234375 0.04627166748046875
4 0.2595404052734375 0.44359153747558594 0.0338690185546875 0.02887939453125
4 0.28250152587890626 0.4194725799560547 0.03741455078125 0.03223464965820313
4 0.37245208740234376 0.6460072326660157 0.03967529296875 0.04746002197265625
4 0.35543243408203123 0.6376139831542968 0.03823486328125 0.04512847900390625
4 0.343253173828125 0.627198486328125 0.039007568359375 0.04552642822265625
4 0.3305352783203125 0.6142825317382813 0.0429638671875 0.0461175537109375
4 0.29969482421875 0.5981536865234375 0.03652587890625 0.03979339599609375
4 0.27044769287109377 0.6336471557617187 0.020521240234375 0.024046630859375
4 0.2778204345703125 0.6447857666015625 0.0254071044921875 0.030634765625
4 0.2878936767578125 0.6510539245605469 0.0290496826171875 0.031307373046875
4 0.2988232421875 0.6593800354003906 0.025660400390625 0.0303253173828125
4 0.309906005859375 0.6667274475097656 0.0260577392578125 0.03197998046875
4 0.320550537109375 0.6742005920410157 0.0239288330078125 0.02841583251953125
4 0.3321331787109375 0.6815658569335937 0.0248876953125 0.0299395751953125
4 0.21799468994140625 0.6957205200195312 0.0236297607421875 0.02706573486328125
4 0.22793731689453126 0.70460205078125 0.02098388671875 0.02348419189453125
4 0.2417083740234375 0.7093408203125 0.0217791748046875 0.02686798095703125
4 0.2507235717773437 0.7193032836914063 0.024832763671875 0.02593292236328125
4 0.259163818359375 0.7665922546386719 0.0448028564453125 0.03796112060546875
4 0.2159521484375 0.7836445617675781 0.0233612060546875 0.01823883056640625
4 0.13391571044921874 0.9431434631347656 0.022550048828125 0.0153106689453125
4 0.16400726318359374 0.9707366943359375 0.027210693359375 0.02233734130859375
4 0.15409332275390625 0.9778567504882812 0.01939697265625 0.0165545654296875
4 0.1319183349609375 0.962572021484375 0.01746337890625 0.0158795166015625
4 0.1565142822265625 0.9010952758789063 0.043045654296875 0.04078582763671875
4 0.1459271240234375 0.9153184509277343 0.0339605712890625 0.03265167236328125
4 0.1992645263671875 0.9135777282714844 0.016949462890625 0.02534423828125
4 0.20956512451171874 0.9029960632324219 0.0247705078125 0.02146392822265625
4 0.2154608154296875 0.8954914855957031 0.0240069580078125 0.020982666015625
4 0.2239874267578125 0.8889616394042968 0.02669677734375 0.0213232421875
4 0.1856689453125 0.8276763916015625 0.024483642578125 0.0266619873046875
4 0.19504547119140625 0.8315362548828125 0.0195440673828125 0.02151885986328125
4 0.1750885009765625 0.822626953125 0.019937744140625 0.02217132568359375
4 0.47086090087890625 0.9746064758300781 0.0262396240234375 0.0139105224609375
4 0.677041015625 0.9768426513671875 0.0251068115234375 0.02601715087890625
4 0.6079287719726563 0.8950936889648438 0.0263629150390625 0.018953857421875
4 0.8048651123046875 0.8792494201660156 0.0335675048828125 0.03687286376953125
4 0.700892333984375 0.791285400390625 0.02919921875 0.02086700439453125
4 0.6349078369140625 0.7671113586425782 0.029923095703125 0.01207733154296875
4 0.9346966552734375 0.8774765014648438 0.025771484375 0.02150146484375
4 0.7391116333007812 0.15080123901367187 0.0400445556640625 0.0289739990234375
4 0.7452102661132812 0.10387641906738282 0.03364501953125 0.0212493896484375
4 0.7677667236328125 0.054312744140625 0.0432647705078125 0.0264404296875
4 0.7547323608398437 0.0865924072265625 0.03522705078125 0.022601165771484376
4 0.7419290161132812 0.12472267150878906 0.036400146484375 0.028451690673828123
4 0.7669284057617187 0.036131973266601565 0.0311785888671875 0.0193426513671875
4 0.68203125 0.12343849182128906 0.0587945556640625 0.038128204345703125
4 0.705050048828125 0.08160881042480468 0.0382379150390625 0.021885528564453124
4 0.7104513549804687 0.06315505981445313 0.044251708984375 0.023496856689453127
4 0.714254150390625 0.045155792236328124 0.0423089599609375 0.02801239013671875
4 0.7240713500976562 0.02750846862792969 0.0342138671875 0.019152679443359376
4 0.7287008666992187 0.010344524383544922 0.0366754150390625 0.021489334106445313
