4 0.994716796875 0.4602548599243164 0.0253515625 0.014854354858398438
4 0.9928411865234374 0.5033958053588867 0.0358197021484375 0.02212066650390625
4 0.9677297973632812 0.568045654296875 0.030850830078125 0.01715797424316406
4 0.92391357421875 0.5507241058349609 0.0423577880859375 0.0244818115234375
4 0.724124755859375 0.5670845413208008 0.020489501953125 0.038918991088867184
4 0.7652813720703125 0.5755078506469726 0.0171881103515625 0.03403953552246094
4 0.82260498046875 0.5886501693725585 0.02138916015625 0.04101783752441406
4 0.73885986328125 0.5659160614013672 0.010289306640625 0.01966041564941406
4 0.8188607788085938 0.5479071426391602 0.038848876953125 0.021512832641601563
4 0.82561279296875 0.5291109085083008 0.03864501953125 0.0176739501953125
4 0.8336334228515625 0.5056060791015625 0.0374798583984375 0.016302261352539062
4 0.7920870971679688 0.49469478607177736 0.0219989013671875 0.011395797729492188
4 0.7888174438476563 0.5085765838623046 0.0233538818359375 0.0124163818359375
4 0.783985595703125 0.5329732894897461 0.0195147705078125 0.009838485717773437
4 0.7811309814453125 0.544619483947754 0.0217431640625 0.014176406860351563
2 0.029979705810546875 0.07906718254089355 0.01704132080078125 0.012865657806396485
