5 0.5648666381835937 0.942099609375 0.007288818359375 0.026534423828125
5 0.5639584350585938 0.9138565063476562 0.007288818359375 0.026534423828125
5 0.5634487915039063 0.8854806518554688 0.007288818359375 0.026534423828125
5 0.5622763061523437 0.854849853515625 0.0072900390625 0.026534423828125
5 0.562828369140625 0.8254116821289063 0.007288818359375 0.026534423828125
5 0.562186279296875 0.796240234375 0.0072900390625 0.026534423828125
5 0.5611248779296875 0.7648092651367188 0.0070672607421875 0.02906005859375
5 0.5600076293945313 0.7354275512695313 0.0072216796875 0.028232421875
5 0.5580938720703125 0.7067092895507813 0.0071099853515625 0.0272808837890625
5 0.5575836181640625 0.6779351806640626 0.0071099853515625 0.0272808837890625
5 0.55680908203125 0.6480996704101563 0.0071099853515625 0.0272808837890625
5 0.7154367065429688 0.49731231689453126 0.0063751220703125 0.026534423828125
5 0.709937744140625 0.49706207275390624 0.0063751220703125 0.026534423828125
5 0.7043124389648437 0.498187255859375 0.0063751220703125 0.0265338134765625
5 0.69856201171875 0.4988116455078125 0.0063751220703125 0.0265338134765625
5 0.6930624389648438 0.49881256103515625 0.0063751220703125 0.0265338134765625
5 0.6880624389648438 0.4960626220703125 0.0063751220703125 0.026534423828125
5 0.6783120727539063 0.4959371948242188 0.00637451171875 0.0265338134765625
5 0.67168701171875 0.49618682861328123 0.0063751220703125 0.0265338134765625
5 0.6620004272460938 0.4975628662109375 0.00675048828125 0.0263189697265625
5 0.65675048828125 0.49781280517578125 0.00675048828125 0.026319580078125
5 0.65112548828125 0.49818756103515627 0.00675048828125 0.0263189697265625
5 0.645250244140625 0.4990631103515625 0.0067498779296875 0.026319580078125
5 0.639625244140625 0.49956298828125 0.0067498779296875 0.0263189697265625
5 0.6345004272460938 0.5008126831054688 0.00675048828125 0.0263189697265625
5 0.629000244140625 0.5018130493164062 0.0067498779296875 0.0263189697265625
5 0.6227505493164063 0.5010629272460938 0.0067498779296875 0.0263189697265625
5 0.6128753662109375 0.5018124389648437 0.0067498779296875 0.026318359375
5 0.6070004272460937 0.5010626220703125 0.00675048828125 0.0263189697265625
5 0.6008755493164063 0.5019378662109375 0.0067498779296875 0.0263189697265625
5 0.5953756713867188 0.5028125 0.0067498779296875 0.026318359375
5 0.5901254272460937 0.503062744140625 0.00675048828125 0.0263189697265625
5 0.5843756103515625 0.5034381103515625 0.0067498779296875 0.026319580078125
5 0.588250732421875 0.4748126220703125 0.00675048828125 0.0263189697265625
5 0.5938760375976563 0.47406280517578125 0.00675048828125 0.026319580078125
5 0.5987506103515625 0.4728125 0.0067498779296875 0.026319580078125
5 0.6052505493164062 0.472437744140625 0.0067498779296875 0.0263189697265625
5 0.6207501220703125 0.4710626220703125 0.00675048828125 0.0263189697265625
5 0.6315005493164062 0.4709375 0.0067498779296875 0.026319580078125
5 0.6375009155273438 0.4709375 0.0067498779296875 0.026319580078125
5 0.6430007934570312 0.46868804931640623 0.00675048828125 0.0263189697265625
5 0.7115628051757813 0.35937469482421874 0.0061248779296875 0.026846923828125
5 0.700687255859375 0.35999969482421873 0.0061248779296875 0.026846923828125
5 0.6946878051757812 0.3605001831054688 0.0061248779296875 0.0268463134765625
5 0.6896881103515625 0.3605001831054688 0.0061248779296875 0.0268463134765625
5 0.6841879272460938 0.36125030517578127 0.0061248779296875 0.026846923828125
5 0.6790628051757812 0.36162506103515624 0.0061248779296875 0.0268463134765625
5 0.6648129272460938 0.35675018310546874 0.0061248779296875 0.0268463134765625
5 0.6594381713867188 0.35699981689453125 0.0061248779296875 0.0268463134765625
5 0.6538131713867188 0.3567498779296875 0.0061248779296875 0.0268463134765625
5 0.6486874389648437 0.3577508544921875 0.0061248779296875 0.0268463134765625
5 0.64268798828125 0.35762542724609375 0.00612548828125 0.0268463134765625
5 0.6366879272460938 0.358125 0.0061248779296875 0.026846923828125
5 0.631812744140625 0.3579998779296875 0.0061248779296875 0.0268463134765625
5 0.626688232421875 0.35825042724609374 0.0061248779296875 0.0268463134765625
5 0.621187744140625 0.3576251220703125 0.0061248779296875 0.0268463134765625
5 0.6150625610351562 0.35800048828125 0.0061248779296875 0.0268463134765625
5 0.60956298828125 0.3582501220703125 0.00612548828125 0.0268463134765625
5 0.6040631103515625 0.358499755859375 0.0061248779296875 0.0268463134765625
5 0.5989376831054688 0.35862548828125 0.00612548828125 0.0268463134765625
5 0.5938128662109375 0.3582501220703125 0.0061248779296875 0.0268463134765625
5 0.58768798828125 0.357249755859375 0.00612548828125 0.0268463134765625
5 0.5825628662109374 0.357625732421875 0.0061248779296875 0.0268463134765625
5 0.5769378662109375 0.358375244140625 0.0061248779296875 0.0268463134765625
5 0.5718124389648438 0.3585003662109375 0.0061248779296875 0.0268463134765625
5 0.6496875 0.3872503662109375 0.0061248779296875 0.0268463134765625
5 0.6444381713867188 0.387750244140625 0.0061248779296875 0.0268463134765625
5 0.6388131713867188 0.3878753662109375 0.0061248779296875 0.0268463134765625
5 0.6333126831054687 0.38824981689453125 0.00612548828125 0.0268463134765625
5 0.6275631713867188 0.38912506103515626 0.0061248779296875 0.0268463134765625
5 0.622313232421875 0.38900054931640626 0.0061248779296875 0.0268463134765625
