2 0.05227470397949219 0.06589920043945313 0.02832855224609375 0.02307952880859375
2 0.051208114624023436 0.07983184814453125 0.02933258056640625 0.02310943603515625
2 0.051995773315429684 0.112919921875 0.0310107421875 0.02415985107421875
2 0.05238983154296875 0.14403900146484375 0.02832489013671875 0.0228466796875
2 0.0856256103515625 0.06668716430664062 0.02832855224609375 0.02307952880859375
2 0.08639701843261718 0.11423309326171875 0.02933258056640625 0.02310943603515625
2 0.07946357727050782 0.09463409423828124 0.026573638916015625 0.02120086669921875
2 0.0854779052734375 0.14613967895507812 0.027394256591796874 0.02232147216796875
2 0.08390243530273438 0.16294677734375 0.0273944091796875 0.02232147216796875
2 0.0868927764892578 0.19664520263671875 0.030521087646484375 0.02459320068359375
2 0.08757865905761719 0.18132888793945312 0.027394256591796874 0.02232147216796875
2 0.15782569885253905 0.068145751953125 0.025735321044921874 0.02186614990234375
2 0.15598731994628906 0.05370269775390625 0.025735321044921874 0.02186614990234375
2 0.15376327514648438 0.08864730834960938 0.030740966796875 0.0239337158203125
2 0.15861343383789062 0.11961669921875 0.025735321044921874 0.02186614990234375
2 0.1554621124267578 0.13616058349609375 0.025735321044921874 0.02186614990234375
2 0.20772071838378905 0.0542279052734375 0.030736083984375 0.02442230224609375
2 0.20982139587402343 0.07234771728515625 0.030735931396484374 0.02442230224609375
2 0.20929618835449218 0.10990036010742188 0.030735931396484374 0.02442230224609375
2 0.20995269775390624 0.12723190307617188 0.027996368408203125 0.0223211669921875
2 0.27756294250488284 0.15323150634765625 0.02995819091796875 0.0233746337890625
2 0.28334014892578124 0.14193939208984374 0.029958343505859374 0.0233746337890625
2 0.28248138427734376 0.09318008422851562 0.027474365234375 0.02196929931640625
2 0.28270301818847654 0.07651931762695313 0.02759124755859375 0.0217364501953125
2 0.3113269805908203 0.0925384521484375 0.027591094970703126 0.0217364501953125
2 0.3105800628662109 0.10972412109375 0.027474517822265624 0.021968994140625
2 0.31186973571777343 0.07570907592773438 0.02762603759765625 0.02137603759765625
2 0.4528623962402344 0.16058303833007812 0.027718048095703125 0.0259979248046875
2 0.4742646789550781 0.01917022705078125 0.0266046142578125 0.026785888671875
2 0.5701661682128907 0.07835235595703124 0.0284161376953125 0.0246881103515625
2 0.5379327392578125 0.1513470458984375 0.035101318359375 0.033463134765625
2 0.5369026184082031 0.06691802978515625 0.02884613037109375 0.028846435546875
2 0.5333938598632812 0.10447006225585938 0.0305926513671875 0.03118499755859375
2 0.6088882446289062 0.08736846923828125 0.0111737060546875 0.02816741943359375
2 0.6581013488769532 0.012782745361328125 0.030211181640625 0.02624755859375
2 0.6525169372558594 0.09052871704101563 0.03167724609375 0.028922119140625
2 0.660343017578125 0.02689697265625 0.02944732666015625 0.02676727294921875
2 0.6542033386230469 0.04882415771484375 0.030211181640625 0.02761199951171875
2 0.6565422058105469 0.104957275390625 0.030211181640625 0.02761199951171875
2 0.6561549377441406 0.12613128662109374 0.03167694091796875 0.028922119140625
2 0.6626519775390625 0.1599153137207031 0.0316766357421875 0.02892181396484375
2 0.6221414184570313 0.02066009521484375 0.02922637939453125 0.0257275390625
2 0.6309770202636719 0.031054840087890626 0.02922637939453125 0.0257275390625
2 0.6299375915527343 0.05288482666015625 0.02922637939453125 0.0257275390625
2 0.6305873107910156 0.14656997680664063 0.0305511474609375 0.02754669189453125
2 0.6325651550292969 0.18326385498046874 0.03502532958984375 0.03004150390625
2 0.6364346313476562 0.1619024658203125 0.02817413330078125 0.02546783447265625
2 0.687630615234375 0.05852264404296875 0.0111737060546875 0.02816741943359375
2 0.7166058349609375 0.10446990966796875 0.029345703125 0.02442840576171875
2 0.7166668701171875 0.0500823974609375 0.03702392578125 0.0313323974609375
2 0.7160820007324219 0.014594573974609375 0.029097900390625 0.025904541015625
2 0.71478271484375 0.030966949462890626 0.02909759521484375 0.02590423583984375
2 0.7184251403808594 0.12058197021484375 0.02934600830078125 0.02442840576171875
2 0.7145268249511719 0.070166015625 0.02934600830078125 0.02442840576171875
2 0.7422036743164062 0.10135147094726563 0.0298858642578125 0.0256231689453125
2 0.7207640075683593 0.1993243408203125 0.029345703125 0.02442840576171875
2 0.74083984375 0.031397247314453126 0.02533660888671875 0.0227740478515625
2 0.8045738220214844 0.01858123779296875 0.0312884521484375 0.02884613037109375
2 0.8049639892578125 0.07237533569335937 0.03118499755859375 0.027049560546875
2 0.8071885681152344 0.111185302734375 0.02933441162109375 0.026590576171875
2 0.809251708984375 0.20361236572265626 0.03059539794921875 0.02884613037109375
2 0.8321363830566406 0.12417892456054687 0.02933441162109375 0.02659088134765625
2 0.8413038635253907 0.13832763671875 0.03342987060546875 0.0294775390625
2 0.830577392578125 0.015810699462890626 0.02933441162109375 0.02659027099609375
2 0.9169111633300782 0.00976787567138672 0.0281842041015625 0.021224822998046875
2 0.920289306640625 0.029452972412109375 0.02818389892578125 0.02460296630859375
2 0.8911773681640625 0.04582077026367187 0.03027496337890625 0.02615325927734375
2 0.8913720703125 0.00855396270751953 0.0304052734375 0.020182342529296876
3 0.9156704711914062 0.10719818115234375 0.05625640869140625 0.0459979248046875
2 0.9799896240234375 0.013383636474609375 0.02854736328125 0.0246881103515625
2 0.9800776672363282 0.0529766845703125 0.03074859619140625 0.02918182373046875
2 0.23768455505371094 0.2893122863769531 0.02658233642578125 0.01051177978515625
2 0.12273841857910156 0.3236761474609375 0.02658203125 0.010511474609375
2 0.1222882080078125 0.3400323486328125 0.02658203125 0.010511474609375
2 0.1389557647705078 0.5060775756835938 0.02905426025390625 0.0241595458984375
2 0.19852951049804687 0.3871549987792969 0.03136260986328125 0.01173553466796875
2 0.2049713897705078 0.4356207275390625 0.02658203125 0.010511474609375
2 0.23589431762695312 0.4501800537109375 0.0260919189453125 0.0114044189453125
2 0.30761016845703126 0.37913314819335936 0.03136260986328125 0.01173553466796875
2 0.34149520874023437 0.4105851745605469 0.02511322021484375 0.01229766845703125
2 0.34357872009277346 0.3788694763183594 0.028553619384765624 0.01283477783203125
2 0.3445600891113281 0.39670013427734374 0.031483001708984375 0.01546051025390625
2 0.3106249237060547 0.46042083740234374 0.025158233642578125 0.01240966796875
2 0.34276527404785156 0.47462753295898436 0.0251129150390625 0.01229736328125
2 0.3471401214599609 0.42708419799804687 0.0255169677734375 0.01231964111328125
2 0.3115320587158203 0.4430044555664063 0.025158233642578125 0.01240966796875
2 0.3386803436279297 0.31428329467773436 0.0260137939453125 0.013592529296875
2 0.5501632690429688 0.36728973388671876 0.01015960693359375 0.030780029296875
2 0.5817308044433593 0.3681962585449219 0.01015960693359375 0.030780029296875
2 0.9668118286132813 0.29557998657226564 0.0258770751953125 0.009840087890625
2 0.9648744201660157 0.2793394470214844 0.0312481689453125 0.0118212890625
2 0.9661868286132812 0.309830322265625 0.0258770751953125 0.00984039306640625
2 0.9710655212402344 0.3745671081542969 0.02461822509765625 0.01011566162109375
2 0.9731869506835937 0.3577052307128906 0.0258770751953125 0.009840087890625
2 0.9716868591308594 0.3433299255371094 0.0258770751953125 0.009840087890625
2 0.9769999694824218 0.4540625 0.02850006103515625 0.0113751220703125
2 0.9728788757324218 0.43978836059570314 0.0335076904296875 0.01307708740234375
2 0.5948329162597656 0.5956822204589843 0.02000244140625 0.0340362548828125
2 0.616572265625 0.5965402221679688 0.02000213623046875 0.0340362548828125
2 0.6440983581542968 0.6063949584960937 0.0215863037109375 0.0383551025390625
2 0.6268594360351563 0.6853547668457032 0.0171624755859375 0.03289886474609375
2 0.545618896484375 0.7029743957519531 0.03134521484375 0.02049835205078125
2 0.5331591796875 0.7250804138183594 0.03134521484375 0.02049835205078125
2 0.619205322265625 0.7365377807617187 0.031417236328125 0.0229058837890625
2 0.7719046020507813 0.8372453308105469 0.02955535888671875 0.02244476318359375
2 0.7452162170410156 0.8521084594726562 0.02943023681640625 0.02328857421875
2 0.6517236328125 0.8443592834472656 0.0287261962890625 0.02358245849609375
2 0.9495150756835937 0.729869384765625 0.02782470703125 0.03197265625
2 0.994342041015625 0.6168559265136718 0.027259521484375 0.0289361572265625
2 0.9209211730957031 0.8128242492675781 0.03008026123046875 0.03708282470703125
2 0.9473756408691406 0.7706767272949219 0.02691802978515625 0.0307958984375
2 0.9427694702148437 0.8238824462890625 0.02587188720703125 0.0335162353515625
2 0.9942034912109375 0.6998320007324219 0.0248736572265625 0.02813568115234375
2 0.9237342834472656 0.9096711730957031 0.01353912353515625 0.02907257080078125
2 0.013438358306884765 0.8414434814453124 0.027989883422851563 0.0228216552734375
2 0.039281158447265624 0.8008905029296876 0.03021636962890625 0.0228216552734375
2 0.2804373168945313 0.801187744140625 0.022874908447265627 0.03249267578125
2 0.5075650024414062 0.8876237487792968 0.0229962158203125 0.02860260009765625
2 0.021464996337890625 0.9768588256835937 0.021415557861328125 0.02707763671875
2 0.13451614379882812 0.985269775390625 0.024807281494140625 0.0308978271484375
2 0.17234359741210936 0.9216912460327148 0.022490234375 0.027855377197265625
2 0.2629285430908203 0.9028157043457031 0.025478973388671874 0.01912506103515625
2 0.48558502197265624 0.8728584289550781 0.0229962158203125 0.02860260009765625
2 0.5696542358398438 0.95501953125 0.03227081298828125 0.0293975830078125
2 0.5481758117675781 0.9787582397460938 0.0305255126953125 0.0287481689453125
2 0.20564483642578124 0.28886123657226564 0.02658233642578125 0.01051177978515625
2 0.3346189880371094 0.29984283447265625 0.0260137939453125 0.013592529296875
2 0.28173782348632814 0.06107528686523438 0.02759124755859375 0.0217364501953125
2 0.3106953430175781 0.0408050537109375 0.02759124755859375 0.0217364501953125
2 0.08755607604980468 0.05172576904296875 0.02832855224609375 0.02307952880859375
2 0.0844439697265625 0.0824468994140625 0.0343743896484375 0.0262506103515625
2 0.09084587097167969 0.1314520263671875 0.029726715087890626 0.02269927978515625
2 0.15554916381835937 0.20436172485351561 0.030740966796875 0.0239337158203125
2 0.45988471984863283 0.2969856262207031 0.0128546142578125 0.03723388671875
2 0.6854507446289062 0.5410943603515626 0.0286883544921875 0.0145654296875
2 0.6910861206054687 0.47500823974609374 0.0286883544921875 0.01456573486328125
2 0.9646516418457032 0.3264425659179688 0.02868865966796875 0.0145654296875
2 0.9661659240722656 0.6557905578613281 0.027259521484375 0.0289361572265625
2 0.9712887573242187 0.7305854797363281 0.027259521484375 0.0289361572265625
2 0.92415771484375 0.7674708557128906 0.027259521484375 0.0289361572265625
2 0.7369364929199219 0.6780226135253906 0.02313568115234375 0.03944671630859375
2 0.7681863403320313 0.6739239501953125 0.02313568115234375 0.03944671630859375
2 0.239683837890625 0.9464553833007813 0.02692230224609375 0.02200927734375
2 0.26953369140625 0.8912548828125 0.029944000244140626 0.02499603271484375
2 0.285244140625 0.8618832397460937 0.029944000244140626 0.02499603271484375
