2 0.016648138836026193 0.05667510986328125 0.02971226900815964 0.0277069091796875
2 0.016902837678790094 0.09715103149414063 0.029609074890613554 0.02683563232421875
2 0.018883762359619142 0.17984588623046874 0.02971221923828125 0.02770660400390625
2 0.018528814390301705 0.220118408203125 0.029609040915966035 0.02683563232421875
2 0.02035803809762001 0.19735427856445312 0.029609078764915465 0.02683563232421875
2 0.13568552017211913 0.011525650024414063 0.02950122833251953 0.023780517578125
2 0.10765097618103027 0.011032600402832032 0.03185253143310547 0.023374176025390624
2 0.106214017868042 0.046527099609375 0.029501113891601562 0.0252386474609375
2 0.14376971244812012 0.05500335693359375 0.02859640121459961 0.02576568603515625
2 0.13588891983032225 0.06929092407226563 0.02950115203857422 0.0252386474609375
2 0.2036256217956543 0.03187408447265625 0.026895103454589845 0.025943603515625
2 0.2024232864379883 0.05765365600585937 0.02639141082763672 0.025469970703125
2 0.22936988830566407 0.29664642333984376 0.026626014709472658 0.025711669921875
2 0.29448532104492187 0.1151416015625 0.033113136291503906 0.02663726806640625
2 0.312191047668457 0.0317242431640625 0.02959716796875 0.02529144287109375
2 0.3850201416015625 0.018452606201171874 0.026672744750976564 0.02364837646484375
2 0.38202857971191406 0.05687713623046875 0.023572616577148438 0.02188140869140625
2 0.38419113159179685 0.14759933471679687 0.027465362548828125 0.0244854736328125
2 0.3908953857421875 0.3150947570800781 0.02357269287109375 0.02188140869140625
2 0.4053511047363281 0.021734771728515626 0.025667572021484376 0.022279052734375
2 0.40731857299804686 0.07780181884765625 0.029602508544921875 0.02541290283203125
2 0.409892692565918 0.24362075805664063 0.025667572021484376 0.022279052734375
2 0.46762302398681643 0.007830657958984376 0.029351043701171874 0.01890777587890625
2 0.4671904373168945 0.023894195556640626 0.02885459899902344 0.02571563720703125
2 0.4942613983154297 0.04156417846679687 0.0277587890625 0.023704833984375
2 0.4905231475830078 0.06001617431640625 0.03313446044921875 0.02622039794921875
2 0.5807510375976562 0.011488990783691406 0.028007583618164064 0.023634490966796876
2 0.5548997497558594 0.012350425720214844 0.0301837158203125 0.025751190185546877
2 0.5572479629516601 0.06722702026367187 0.02820648193359375 0.0283612060546875
2 0.5607930374145508 0.09978958129882813 0.025906906127929688 0.02310943603515625
2 0.7681192779541015 0.25248291015625 0.02888763427734375 0.0128436279296875
2 0.6192226791381836 0.24934371948242187 0.027310867309570313 0.011844482421875
2 0.645499496459961 0.18485946655273439 0.028328399658203125 0.02307952880859375
2 0.6754364776611328 0.058283538818359376 0.02832855224609375 0.023079833984375
2 0.6805412292480468 0.07825653076171875 0.034779052734375 0.02678558349609375
2 0.6499639892578125 0.17120407104492188 0.028328704833984374 0.023079833984375
2 0.6804258728027344 0.20613021850585939 0.028328704833984374 0.023079833984375
2 0.6772749328613281 0.18801071166992187 0.028328704833984374 0.02307952880859375
2 0.6756993103027343 0.025720367431640623 0.02832855224609375 0.023079833984375
2 0.7452574157714844 0.08911331176757813 0.0331201171875 0.028541259765625
2 0.7482930755615235 0.10661758422851562 0.02613067626953125 0.023109130859375
2 0.7561832427978515 0.168834228515625 0.027072296142578126 0.02306732177734375
2 0.7564122009277344 0.20174240112304687 0.0291058349609375 0.024808349609375
2 0.7903481292724609 0.12232421875 0.03132659912109375 0.0261614990234375
2 0.7898228454589844 0.08949859619140625 0.03132644653320313 0.0261614990234375
2 0.8647747039794922 0.06589920043945313 0.02832855224609375 0.02307952880859375
2 0.8637081146240234 0.07983184814453125 0.02933258056640625 0.02310943603515625
2 0.8644957733154297 0.112919921875 0.0310107421875 0.02415985107421875
2 0.8648898315429687 0.14403900146484375 0.02832489013671875 0.0228466796875
2 0.8981256103515625 0.06668716430664062 0.02832855224609375 0.02307952880859375
2 0.8988970184326172 0.11423309326171875 0.02933258056640625 0.02310943603515625
2 0.8919635772705078 0.09463409423828124 0.026573638916015625 0.02120086669921875
2 0.8979779052734375 0.14613967895507812 0.027394256591796874 0.02232147216796875
2 0.8964024353027343 0.16294677734375 0.0273944091796875 0.02232147216796875
2 0.8993927764892579 0.19664520263671875 0.030521087646484375 0.02459320068359375
2 0.9000786590576172 0.18132888793945312 0.027394256591796874 0.02232147216796875
2 0.970325698852539 0.068145751953125 0.025735321044921874 0.02186614990234375
2 0.9684873199462891 0.05370269775390625 0.025735321044921874 0.02186614990234375
2 0.9662632751464844 0.08864730834960938 0.030740966796875 0.0239337158203125
2 0.9711134338378906 0.11961669921875 0.025735321044921874 0.02186614990234375
2 0.9679621124267578 0.13616058349609375 0.025735321044921874 0.02186614990234375
2 0.4848186111450195 0.36218475341796874 0.0276025390625 0.01304901123046875
2 0.4834385681152344 0.3456230163574219 0.0276025390625 0.01304901123046875
2 0.573541030883789 0.37342315673828125 0.027602462768554686 0.01304901123046875
2 0.6409700012207031 0.29731857299804687 0.025630950927734375 0.01104095458984375
2 0.5232649993896484 0.30283905029296876 0.01064666748046875 0.02839111328125
2 0.4892546463012695 0.4618489074707031 0.016368865966796875 0.02464508056640625
2 0.6411671447753906 0.31506317138671874 0.02563079833984375 0.011041259765625
2 0.6421530151367187 0.33024444580078127 0.025630950927734375 0.01104095458984375
2 0.5701107025146485 0.4087567138671875 0.030233154296875 0.01270050048828125
2 0.6880391693115234 0.29069229125976564 0.010533599853515626 0.0272216796875
2 0.7037493896484375 0.29291259765625 0.010533905029296875 0.0272216796875
2 0.767274169921875 0.2879600524902344 0.010533599853515626 0.0272216796875
2 0.9352384185791016 0.3236761474609375 0.02658203125 0.010511474609375
2 0.9347882080078125 0.3400323486328125 0.02658203125 0.010511474609375
2 0.9514557647705079 0.5060775756835938 0.02905426025390625 0.0241595458984375
2 0.057024850845336914 0.66805419921875 0.027294187545776366 0.0314471435546875
2 0.04161834716796875 0.6603230285644531 0.02610635757446289 0.03150970458984375
2 0.027838156819343568 0.6543832397460938 0.024405739307403564 0.0295294189453125
2 0.06864927291870117 0.6741473388671875 0.024405784606933593 0.0295294189453125
2 0.09457326889038085 0.6928843688964844 0.02440582275390625 0.0295294189453125
2 0.12332077980041505 0.7062310791015625 0.02440582275390625 0.02952972412109375
2 0.24201889038085939 0.6840902709960938 0.027159271240234376 0.0347967529296875
2 0.25897504806518556 0.6903170776367188 0.02876453399658203 0.0392840576171875
2 0.15453370094299315 0.641376953125 0.028780155181884766 0.0370611572265625
2 0.11328999519348144 0.6156904602050781 0.028553237915039064 0.037099609375
2 0.2586149597167969 0.6550550842285157 0.023903656005859374 0.029212646484375
2 0.21943193435668945 0.6771604919433594 0.027159461975097655 0.0347967529296875
2 0.18231651306152344 0.6541180419921875 0.02274406433105469 0.03256744384765625
2 0.14188889503479005 0.600128173828125 0.026591396331787108 0.03300689697265625
2 0.18250093460083008 0.6188291931152343 0.027364845275878905 0.0328759765625
2 0.029774081707000733 0.5700717163085938 0.028413004875183105 0.03490753173828125
2 0.017951452732086183 0.5600349426269531 0.027814469337463378 0.0354736328125
2 0.05954994201660156 0.5535957336425781 0.023617391586303712 0.0276226806640625
2 0.03745281219482422 0.46906494140625 0.03255056381225586 0.02733123779296875
2 0.4082823944091797 0.6546736145019532 0.024627227783203125 0.03050933837890625
2 0.39784286499023436 0.8863835144042969 0.03041755676269531 0.02386932373046875
2 0.38993812561035157 0.8999864196777344 0.03041755676269531 0.02386932373046875
2 0.35477935791015625 0.962132568359375 0.029779586791992187 0.0230267333984375
2 0.46619792938232424 0.98141357421875 0.023651580810546875 0.0286981201171875
2 0.5172381973266602 0.8924307250976562 0.023651504516601564 0.0286981201171875
2 0.5438175582885743 0.9037944030761719 0.023651580810546875 0.02869781494140625
2 0.6096879577636719 0.9459744262695312 0.023651580810546875 0.0286981201171875
2 0.5957242584228516 0.935863037109375 0.024790420532226562 0.0312017822265625
2 0.5816638565063477 0.9271957015991211 0.024790420532226562 0.031201934814453124
2 0.569337387084961 0.9192990112304688 0.024790267944335937 0.0312017822265625
2 0.5296611022949219 0.8984976196289063 0.024790267944335937 0.0312017822265625
2 0.5044297027587891 0.884052734375 0.026066741943359374 0.0331280517578125
2 0.623362922668457 0.9531011962890625 0.02365165710449219 0.0286981201171875
2 0.6508090209960937 0.9705316162109375 0.024556732177734374 0.03004638671875
2 0.5937981796264649 0.9701461791992188 0.024790573120117187 0.0312017822265625
2 0.5792199325561523 0.9638943481445312 0.02438743591308594 0.0317950439453125
2 0.5663985824584961 0.95366943359375 0.0233978271484375 0.0294500732421875
2 0.5523382949829102 0.9453878784179688 0.0233978271484375 0.0294500732421875
2 0.6088683319091797 0.9771627807617187 0.021181640625 0.02558837890625
2 0.6221108245849609 0.8599769592285156 0.024790267944335937 0.0312017822265625
2 0.63790452003479 0.8665252685546875 0.024790306091308594 0.0312017822265625
2 0.6080508422851563 0.8532357788085938 0.024790267944335937 0.0312017822265625
2 0.5918720245361329 0.8420649719238281 0.024790420532226562 0.0312017822265625
5 0.5822864532470703 0.6140086364746093 0.07303741455078125 0.0318255615234375
5 0.6049027633666992 0.63978759765625 0.03330467224121094 0.02071685791015625
2 0.7443544006347657 0.8172711181640625 0.030693359375 0.0238140869140625
2 0.7262248229980469 0.8434320068359376 0.030057220458984374 0.02168701171875
2 0.8253817749023438 0.8414434814453124 0.030216217041015625 0.0228216552734375
2 0.8517811584472657 0.8008905029296876 0.03021636962890625 0.0228216552734375
2 0.8038325500488281 0.8045484924316406 0.020833282470703124 0.02653564453125
2 0.7374364471435547 0.8319023132324219 0.028943939208984373 0.022398681640625
2 0.8339649963378907 0.9768588256835937 0.021415557861328125 0.02707763671875
2 0.7966024780273437 0.951033935546875 0.02219207763671875 0.0304132080078125
2 0.9470161437988281 0.985269775390625 0.024807281494140625 0.0308978271484375
2 0.9848435974121094 0.9216912460327148 0.022490234375 0.027855377197265625
2 0.49426143646240234 0.09671127319335937 0.0277587890625 0.023704833984375
2 0.49125732421875 0.007347564697265625 0.031499481201171874 0.018973388671875
2 0.5795693588256836 0.12600677490234374 0.02820648193359375 0.0283612060546875
2 0.4831691741943359 0.3316143798828125 0.0276025390625 0.01304901123046875
2 0.638887825012207 0.3470956420898437 0.025695877075195314 0.01315643310546875
2 0.7915244293212891 0.2073602294921875 0.0291058349609375 0.024808349609375
2 0.9000560760498046 0.05172576904296875 0.02832855224609375 0.02307952880859375
2 0.8969439697265625 0.0824468994140625 0.0343743896484375 0.0262506103515625
2 0.9033458709716797 0.1314520263671875 0.029726715087890626 0.02269927978515625
2 0.9680491638183594 0.20436172485351561 0.030740966796875 0.0239337158203125
