4 0.7391116333007812 0.9633012390136719 0.0400445556640625 0.0289739990234375
4 0.7452102661132812 0.9163764190673828 0.03364501953125 0.0212493896484375
4 0.7677667236328125 0.866812744140625 0.0432647705078125 0.0264404296875
4 0.7547323608398437 0.8990924072265625 0.03522705078125 0.022601165771484376
4 0.7419290161132812 0.937222671508789 0.036400146484375 0.028451690673828123
4 0.7669284057617187 0.8486319732666016 0.0311785888671875 0.0193426513671875
4 0.776839599609375 0.8140499877929688 0.028709716796875 0.01956939697265625
4 0.7885116577148438 0.7818907928466797 0.026328125 0.015599517822265626
4 0.740875244140625 0.7685747528076172 0.0442169189453125 0.02346893310546875
4 0.7508480834960938 0.7520330047607422 0.03381591796875 0.018328704833984376
4 0.7595242309570313 0.7331781768798828 0.0305767822265625 0.0197845458984375
4 0.7618701171875 0.7187273406982422 0.0298785400390625 0.01913238525390625
4 0.7688021850585938 0.7024600219726562 0.0256439208984375 0.017124786376953124
4 0.7732028198242188 0.6885667419433594 0.0226837158203125 0.0142889404296875
4 0.7776113891601563 0.6779019165039063 0.01913330078125 0.01238128662109375
4 0.7786273193359375 0.663763656616211 0.0283404541015625 0.016916656494140626
4 0.782396240234375 0.6471727752685547 0.0197064208984375 0.013885040283203125
4 0.8027456665039062 0.6989862060546875 0.0201690673828125 0.030245361328125
4 0.68203125 0.9359384918212891 0.0587945556640625 0.038128204345703125
4 0.705050048828125 0.8941088104248047 0.0382379150390625 0.021885528564453124
4 0.7104513549804687 0.8756550598144531 0.044251708984375 0.023496856689453127
4 0.714254150390625 0.8576557922363282 0.0423089599609375 0.02801239013671875
4 0.7240713500976562 0.8400084686279297 0.0342138671875 0.019152679443359376
4 0.7287008666992187 0.8224443817138671 0.0366754150390625 0.02308990478515625
4 0.7337948608398438 0.805142822265625 0.0387579345703125 0.02241546630859375
4 0.5947286987304687 0.8163703918457031 0.0614385986328125 0.03654876708984375
4 0.6218118286132812 0.806063461303711 0.0289080810546875 0.01707794189453125
4 0.625369873046875 0.7941603088378906 0.0330419921875 0.01816192626953125
4 0.64123779296875 0.7417152404785157 0.03226318359375 0.019113006591796874
4 0.575914306640625 0.7891592407226562 0.033016357421875 0.022652587890625
4 0.5821725463867188 0.7781141662597656 0.029207763671875 0.01968109130859375
4 0.5851873779296874 0.7648385620117187 0.0359814453125 0.0241558837890625
4 0.5913934326171875 0.7534364318847656 0.0308209228515625 0.016973114013671874
4 0.594359130859375 0.7387471771240235 0.0292279052734375 0.01937774658203125
4 0.6542572021484375 0.6887576293945312 0.027662353515625 0.0179864501953125
4 0.6620205688476563 0.6758235931396485 0.0257769775390625 0.016710968017578126
4 0.6690438842773437 0.6508994293212891 0.0286260986328125 0.01658050537109375
4 0.672525634765625 0.6387334823608398 0.022186279296875 0.014016799926757813
4 0.623701171875 0.6509162139892578 0.0219366455078125 0.01438751220703125
4 0.6178085327148437 0.6766603088378906 0.0244158935546875 0.014834442138671876
4 0.6083514404296875 0.7014946746826172 0.019947509765625 0.0135943603515625
4 0.6794772338867188 0.6133761978149415 0.025712890625 0.015504302978515625
4 0.686666259765625 0.6002867126464844 0.028096923828125 0.017384033203125
4 0.6880313110351562 0.5886562728881836 0.0261627197265625 0.01648765563964844
4 0.6423690795898438 0.5881739425659179 0.017960205078125 0.012470474243164062
4 0.755567626953125 0.526312370300293 0.0238946533203125 0.008142776489257812
4 0.7574981689453125 0.5393710708618165 0.019832763671875 0.006747360229492187
4 0.7604330444335937 0.5523728179931641 0.020130615234375 0.007528076171875
4 0.7591128540039063 0.5662097930908203 0.0163409423828125 0.008142852783203125
4 0.7612564086914062 0.5797406387329102 0.0179083251953125 0.008144607543945312
4 0.38012786865234377 0.7935729217529297 0.03828125 0.02434295654296875
4 0.38964385986328126 0.7716025543212891 0.038304443359375 0.020328369140625
4 0.392391357421875 0.7540142822265625 0.039146728515625 0.023514556884765624
4 0.398311767578125 0.7386824798583984 0.0353436279296875 0.01968017578125
4 0.41055145263671877 0.7238621520996094 0.027288818359375 0.01653900146484375
4 0.40777374267578126 0.7035678100585937 0.0365765380859375 0.01919769287109375
4 0.4216259765625 0.6919625091552735 0.024390869140625 0.01635162353515625
4 0.4187451171875 0.6719367218017578 0.039813232421875 0.024972686767578123
4 0.4394927978515625 0.6399347686767578 0.01893310546875 0.013172760009765624
4 0.44345550537109374 0.6262197113037109 0.026234130859375 0.0193170166015625
4 0.44837860107421873 0.6075059127807617 0.0204937744140625 0.013260726928710937
4 0.4592864990234375 0.5607833099365235 0.0314599609375 0.019373626708984376
4 0.46663421630859375 0.5332381439208984 0.0262359619140625 0.01830413818359375
4 0.47169708251953124 0.5196100997924805 0.032197265625 0.019314422607421874
4 0.37217254638671876 0.4479189682006836 0.0266644287109375 0.01570037841796875
4 0.356014404296875 0.4757909393310547 0.0193310546875 0.013169021606445312
4 0.351068115234375 0.49627002716064456 0.0189117431640625 0.012993087768554687
4 0.34450927734375 0.5407572937011719 0.029451904296875 0.017179794311523437
4 0.32962493896484374 0.5879650497436524 0.0295916748046875 0.019133071899414062
4 0.3312371826171875 0.6044840621948242 0.043902587890625 0.024061508178710937
4 0.3176519775390625 0.617443962097168 0.0281317138671875 0.018163986206054687
4 0.31027679443359374 0.6284178924560547 0.019039306640625 0.01295166015625
4 0.31195159912109377 0.6473394012451172 0.0366064453125 0.020216522216796876
4 0.31240325927734375 0.6655459594726563 0.0445281982421875 0.02529449462890625
4 0.3006680297851563 0.6793153381347656 0.03585205078125 0.02132476806640625
4 0.29772796630859377 0.695305404663086 0.0385186767578125 0.02294342041015625
4 0.296953125 0.7119776153564453 0.043363037109375 0.02247528076171875
4 0.2813986206054688 0.7474808502197265 0.0397869873046875 0.02391937255859375
4 0.22741851806640626 0.7197885894775391 0.0338970947265625 0.02469482421875
4 0.2484783935546875 0.6997635650634766 0.03024658203125 0.019154052734375
4 0.24588623046875 0.6821627807617188 0.03139892578125 0.022881927490234374
4 0.258804931640625 0.6634995269775391 0.031573486328125 0.016865997314453124
4 0.25599609375 0.6436058044433594 0.0476824951171875 0.02600982666015625
4 0.26489501953125 0.6290559387207031 0.041617431640625 0.02203857421875
4 0.27559814453125 0.6140715408325196 0.0313623046875 0.02023406982421875
4 0.2835394287109375 0.5989979553222656 0.0265948486328125 0.0169708251953125
4 0.2837789916992188 0.5825890731811524 0.0363421630859375 0.02470771789550781
4 0.293428955078125 0.5507726669311523 0.0367291259765625 0.021509780883789062
4 0.30197021484375 0.538494529724121 0.0278460693359375 0.01801322937011719
4 0.30721710205078123 0.5251850891113281 0.0255987548828125 0.0152447509765625
4 0.3070132446289062 0.5099808883666992 0.03363525390625 0.018089599609375
4 0.3142889404296875 0.496033821105957 0.0324755859375 0.019962539672851564
4 0.3142767333984375 0.4814617919921875 0.0409661865234375 0.02071403503417969
4 0.324058837890625 0.47042652130126955 0.019742431640625 0.014405899047851563
4 0.22545440673828124 0.47450263977050783 0.036827392578125 0.0217315673828125
4 0.2357373046875 0.4329253768920898 0.032783203125 0.018779144287109376
4 0.24293487548828124 0.41947227478027344 0.031767578125 0.015610427856445312
4 0.18761627197265626 0.44512115478515624 0.032115478515625 0.020195999145507813
4 0.182216796875 0.4602548599243164 0.0253515625 0.014854354858398438
4 0.1803411865234375 0.5033958053588867 0.0358197021484375 0.02212066650390625
4 0.20565460205078126 0.3900828170776367 0.0297698974609375 0.018495330810546873
4 0.25241180419921877 0.3767836380004883 0.0339105224609375 0.018600311279296875
4 0.2181732177734375 0.32334175109863283 0.01343505859375 0.015047760009765624
4 0.15522979736328124 0.568045654296875 0.030850830078125 0.01715797424316406
4 0.11141357421875 0.5507241058349609 0.0423577880859375 0.0244818115234375
4 0.01025238037109375 0.5886501693725585 0.020799560546875 0.04101783752441406
4 0.0157562255859375 0.5291109085083008 0.032435302734375 0.0176739501953125
4 0.0211334228515625 0.5056060791015625 0.0374798583984375 0.016302261352539062
4 0.8941287231445313 0.6210786819458007 0.0108502197265625 0.017130966186523437
4 0.9003195190429687 0.6285958862304688 0.010328369140625 0.018374252319335937
4 0.920078125 0.626912956237793 0.01087646484375 0.017514190673828124
2 0.8008514404296875 0.564925651550293 0.0174505615234375 0.008790130615234376
2 0.8002508544921875 0.5485801696777344 0.0167041015625 0.008351898193359375
2 0.877784423828125 0.5650056457519531 0.0154937744140625 0.01893096923828125
2 0.869989013671875 0.5587417602539062 0.0154937744140625 0.01893096923828125
2 0.798719482421875 0.5389754867553711 0.0167034912109375 0.008351898193359375
2 0.8026171875 0.5034799194335937 0.0154937744140625 0.01893096923828125
2 0.8104122924804688 0.5052896118164063 0.0154937744140625 0.01893096923828125
2 0.9135592651367187 0.4104208755493164 0.0176312255859375 0.0166583251953125
2 0.8650003051757813 0.34631256103515623 0.014310302734375 0.014375
2 0.9336648559570313 0.2950151824951172 0.0161700439453125 0.015626678466796873
2 0.6052017211914062 0.2233765411376953 0.0152008056640625 0.015746612548828125
2 0.42995880126953123 0.2967862129211426 0.0160821533203125 0.01533172607421875
2 0.509122314453125 0.3298292922973633 0.0141619873046875 0.015703887939453126
