2 0.11213851928710937 0.43141143798828124 0.02780670166015625 0.0156005859375
2 0.24485885620117187 0.471530647277832 0.02721771240234375 0.03054962158203125
2 0.22541458129882813 0.47430858612060545 0.02721771240234375 0.030549545288085938
2 0.24555328369140625 0.5020863342285157 0.027218017578125 0.030549774169921873
2 0.16222015380859375 0.4760445785522461 0.02721771240234375 0.030549468994140624
2 0.18513656616210938 0.5052113342285156 0.02721771240234375 0.030549545288085938
5 0.5614170837402344 0.11138607978820801 0.03366455078125 0.03712882995605469
5 0.5796095275878906 0.10977213859558105 0.03298095703125 0.03726263046264648
5 0.6340986633300781 0.11502750396728516 0.0336669921875 0.03698537826538086
5 0.6532815551757812 0.1128615951538086 0.0336669921875 0.03698537826538086
5 0.9560626220703125 0.0642029106616974 0.0320159912109375 0.04629750728607178
2 0.6268833923339844 0.5706722259521484 0.015614013671875 0.027972412109375
2 0.6644380187988281 0.5737241744995117 0.01589202880859375 0.027777938842773436
2 0.7355067443847656 0.6119610214233399 0.02171966552734375 0.02995391845703125
2 0.8043046569824219 0.6516895294189453 0.02171966552734375 0.02995391845703125
2 0.7633650207519531 0.626011323928833 0.021719970703125 0.029954261779785156
2 0.7888809204101562 0.6435319519042969 0.0256671142578125 0.03221893310546875
2 0.77554443359375 0.6360154724121094 0.0244921875 0.031263427734375
2 0.7207142639160157 0.6023644256591797 0.0231341552734375 0.029341278076171876
2 0.6336083984375 0.6654772186279296 0.021092529296875 0.029994964599609375
2 0.6085272216796875 0.7630814361572266 0.02083343505859375 0.0290863037109375
2 0.5881784057617188 0.7921510314941407 0.0208331298828125 0.0290863037109375
2 0.6264533996582031 0.7323159790039062 0.02287139892578125 0.03343032836914062
2 0.5155044555664062 0.9112162780761719 0.024224853515625 0.029800262451171875
2 0.5341572570800781 0.9119429016113281 0.024224853515625 0.029800262451171875
2 0.5520835876464844 0.9131541442871094 0.024224853515625 0.029800262451171875
2 0.650372314453125 0.03771534204483032 0.0260577392578125 0.02970268726348877
2 0.6249018859863281 0.03203373223543167 0.02605804443359375 0.0297028386592865
2 0.5959237670898437 0.20917125701904296 0.0229595947265625 0.02444740295410156
2 0.6277940368652344 0.17823368072509765 0.0230169677734375 0.024410438537597657
2 0.6465272521972656 0.20157726287841796 0.02277618408203125 0.02513721466064453
2 0.63359619140625 0.20941417694091796 0.02277618408203125 0.02513721466064453
2 0.6188284301757813 0.27174762725830076 0.0229229736328125 0.02768226623535156
2 0.6373431396484375 0.26998430252075195 0.02351104736328125 0.028693504333496093
2 0.6015870666503906 0.2726293563842773 0.02331512451171875 0.026815338134765623
2 0.7431427001953125 0.42407920837402346 0.02311920166015625 0.02958709716796875
2 0.7686129760742187 0.44132064819335937 0.02311920166015625 0.02958709716796875
2 0.783111572265625 0.44661056518554687 0.02311920166015625 0.029587173461914064
2 0.7970220947265625 0.4536637878417969 0.02311920166015625 0.029587173461914064
2 0.8117164611816406 0.4601291656494141 0.02311920166015625 0.029587173461914064
2 0.8252354431152343 0.4669866180419922 0.02311920166015625 0.029587173461914064
2 0.8522727966308594 0.4820729827880859 0.02311920166015625 0.02958709716796875
2 0.9847183227539062 0.559659194946289 0.0231195068359375 0.029587478637695314
2 0.8906739807128906 0.5034287643432617 0.02311920166015625 0.029587173461914064
2 0.9041932678222656 0.5102862167358398 0.02311920166015625 0.029587173461914064
2 0.7754701232910156 0.3530564880371094 0.02625396728515625 0.03478630065917969
2 0.9334437561035156 0.16383804321289064 0.02240203857421875 0.026920318603515625
2 0.9205880737304688 0.15762855529785155 0.02316162109375 0.02786518096923828
2 0.9631991577148438 0.18038331985473632 0.0249200439453125 0.03172245025634766
2 0.9952206420898437 0.11130531311035156 0.02316162109375 0.027865142822265626
2 0.9683822631835938 0.09641547203063965 0.02316162109375 0.027865276336669922
2 0.9580517578125 0.5396591949462891 0.0231195068359375 0.029587478637695314
2 0.9321781921386719 0.525444679260254 0.02311920166015625 0.029587173461914064
2 0.966265869140625 0.4601035690307617 0.026143798828125 0.03455047607421875
2 0.9123947143554687 0.43281803131103513 0.026143798828125 0.03455047607421875
2 0.7893269348144532 0.36142822265625 0.02625396728515625 0.03478630065917969
2 0.6647566223144531 0.20492542266845704 0.02277618408203125 0.02513721466064453
2 0.5495034790039063 0.2689090347290039 0.02331512451171875 0.026815338134765623
2 0.6805062866210938 0.030646860301494598 0.0260577392578125 0.029702688455581664
2 0.7870223999023438 0.06529596328735351 0.02421630859375 0.013032407760620117
2 0.7866505432128906 0.11365904808044433 0.02421630859375 0.013032398223876952
2 0.9836062622070313 0.06739217758178712 0.024603271484375 0.030108299255371094
