2 0.0267669677734375 0.11356521606445312 0.0272869873046875 0.02517852783203125
2 0.10315826416015625 0.8737551879882812 0.025474853515625 0.03103302001953125
2 0.0084393310546875 0.8154144287109375 0.019193115234375 0.02911285400390625
2 0.03392776489257812 0.8305928039550782 0.0261407470703125 0.0322198486328125
2 0.11842742919921875 0.8803684997558594 0.0234796142578125 0.03011016845703125
2 0.1332666015625 0.8855421447753906 0.023822021484375 0.02911285400390625
2 0.2223394775390625 0.8359579467773437 0.0238226318359375 0.0291131591796875
2 0.33658599853515625 0.6837188720703125 0.0310260009765625 0.02394012451171875
2 0.3515887451171875 0.3393804931640625 0.0230218505859375 0.02888092041015625
2 0.44990997314453124 0.39453643798828125 0.0230218505859375 0.02888092041015625
2 0.433453369140625 0.4256593322753906 0.0228759765625 0.030576171875
2 0.40557525634765623 0.40737411499023435 0.0228759765625 0.0305755615234375
2 0.3917901611328125 0.39945526123046876 0.0260870361328125 0.0338232421875
2 0.3485910034179687 0.3781410217285156 0.0249407958984375 0.0320880126953125
2 0.483663330078125 0.32898696899414065 0.02338134765625 0.029532470703125
2 0.36805206298828125 0.47312149047851565 0.0231890869140625 0.0303759765625
2 0.39323211669921876 0.49440460205078124 0.0231884765625 0.03037567138671875
2 0.5185528564453125 0.593133544921875 0.0219464111328125 0.02776092529296875
2 0.35341400146484375 0.15513580322265624 0.02608642578125 0.02665924072265625
2 0.5263497924804688 0.22127548217773438 0.023021240234375 0.02888092041015625
2 0.5734115600585937 0.1277497863769531 0.0230218505859375 0.02888092041015625
2 0.5062649536132813 0.29291748046875 0.023021240234375 0.028880615234375
2 0.48747344970703127 0.156744384765625 0.0248345947265625 0.03171478271484375
2 0.4551861572265625 0.5508094787597656 0.028177490234375 0.02240234375
2 0.46507781982421875 0.5391191101074219 0.028177490234375 0.023477783203125
2 0.47287200927734374 0.5244306945800781 0.028177490234375 0.023477783203125
2 0.5223321533203125 0.4255097961425781 0.028177490234375 0.023477783203125
2 0.548861083984375 0.374400634765625 0.026922607421875 0.02338134765625
2 0.5623495483398437 0.3522178649902344 0.0269232177734375 0.02338165283203125
2 0.5507357788085937 0.010081787109375 0.0294940185546875 0.016170654296875
2 0.6303683471679687 0.02361114501953125 0.0220721435546875 0.0320684814453125
2 0.6184921264648438 0.039316864013671876 0.021962890625 0.0301141357421875
2 0.6542843627929688 0.03714752197265625 0.0219635009765625 0.0300830078125
2 0.6637738037109375 0.019522857666015626 0.021962890625 0.03011444091796875
2 0.7017355346679688 0.04053695678710938 0.0253997802734375 0.02630157470703125
2 0.9876995849609375 0.19910018920898437 0.0205096435546875 0.02420013427734375
2 0.3580258178710938 0.9028776550292968 0.0285968017578125 0.0217486572265625
2 0.36558197021484373 0.8868191528320313 0.0285968017578125 0.0217486572265625
2 0.4430377197265625 0.7498545837402344 0.0285968017578125 0.0217486572265625
2 0.449964599609375 0.7366297912597656 0.0285968017578125 0.02174896240234375
2 0.6069241333007812 0.7258610534667969 0.02083740234375 0.02559814453125
2 0.5675384521484375 0.7983314514160156 0.023299560546875 0.03083526611328125
2 0.5549435424804687 0.7898301696777343 0.0233001708984375 0.03083587646484375
2 0.5946157836914062 0.8143893432617187 0.0233001708984375 0.03083587646484375
2 0.6119338989257812 0.818482666015625 0.023299560546875 0.03083526611328125
2 0.6252755737304687 0.8260382080078125 0.0260546875 0.0343182373046875
2 0.6386972045898438 0.8345405578613281 0.023299560546875 0.03083587646484375
2 0.6796286010742187 0.8594145202636718 0.023299560546875 0.03083587646484375
2 0.69280029296875 0.8691783142089844 0.022564697265625 0.028028564453125
2 0.6518133544921875 0.8441828918457032 0.0218243408203125 0.02715576171875
2 0.6651446533203125 0.8513853454589844 0.0226702880859375 0.03022674560546875
2 0.5366815185546875 0.8184828186035156 0.023299560546875 0.03083587646484375
2 0.5527398681640625 0.824150390625 0.023299560546875 0.03083526611328125
2 0.578873291015625 0.8424119567871093 0.023299560546875 0.03083587646484375
2 0.595245361328125 0.846820068359375 0.0233001708984375 0.03083587646484375
2 0.6223236083984375 0.8646096801757812 0.0258184814453125 0.034681396484375
2 0.6342880249023437 0.8731105041503906 0.025819091796875 0.034681396484375
2 0.6613662719726563 0.8904278564453125 0.025819091796875 0.034681396484375
2 0.675849609375 0.8982994079589843 0.025819091796875 0.034681396484375
2 0.6933251953125 0.9008186340332032 0.022984619140625 0.03190399169921875
2 0.6349481201171875 0.7450204467773438 0.02839599609375 0.036009521484375
2 0.8622781372070313 0.7500578308105469 0.0283966064453125 0.03600982666015625
2 0.6488018798828125 0.7541511535644532 0.0283966064453125 0.03600982666015625
2 0.6743060302734375 0.7654862976074219 0.0283966064453125 0.03600982666015625
2 0.7045803833007812 0.7805661010742188 0.0234564208984375 0.0296466064453125
2 0.7172805786132812 0.78769775390625 0.023668212890625 0.02879669189453125
2 0.8303164672851563 0.8176095581054688 0.023668212890625 0.02879669189453125
2 0.859598388671875 0.8300665283203125 0.0236676025390625 0.02879638671875
2 0.7178549194335937 0.754034423828125 0.02607421875 0.03199920654296875
2 0.7049456787109375 0.7455335998535156 0.0260748291015625 0.03199981689453125
2 0.6892022705078125 0.7729263305664062 0.0260748291015625 0.03199981689453125
2 0.7332830810546875 0.680042724609375 0.02607421875 0.03199920654296875
2 0.7628802490234375 0.6954702758789062 0.0260748291015625 0.03199981689453125
2 0.8198995971679688 0.7219775390625 0.022481689453125 0.0264483642578125
2 0.8073049926757813 0.7137910461425782 0.022481689453125 0.0264483642578125
2 0.7761038208007812 0.7049165344238282 0.02607421875 0.03199920654296875
2 0.8351705932617187 0.7322105407714844 0.023939208984375 0.0280224609375
2 0.8490240478515625 0.7407118225097656 0.023939208984375 0.0280224609375
2 0.904154052734375 0.7714686584472656 0.02839599609375 0.036009521484375
2 0.9159323120117188 0.7819584655761719 0.0243157958984375 0.0292828369140625
2 0.9326199340820313 0.7860513305664063 0.0243157958984375 0.0292828369140625
2 0.87594482421875 0.7570845031738281 0.0243157958984375 0.02928253173828125
2 0.9448992919921875 0.7958125305175782 0.0262579345703125 0.0318011474609375
2 0.88672607421875 0.6641593933105469 0.0135272216796875 0.02964599609375
2 0.9283187866210938 0.5792041015625 0.029425048828125 0.02396514892578125
2 0.9597216796875 0.5936918640136719 0.02984130859375 0.02323516845703125
2 0.9675265502929687 0.5230096435546875 0.0288861083984375 0.02240692138671875
2 0.8536505126953124 0.4598451232910156 0.035841064453125 0.027802734375
2 0.8858404541015625 0.4387165832519531 0.0356195068359375 0.02731781005859375
2 0.7618820190429687 0.942041015625 0.0262408447265625 0.0346722412109375
2 0.74638671875 0.936396484375 0.0244561767578125 0.0307659912109375
2 0.7756683349609375 0.9484539794921875 0.02445556640625 0.030765380859375
2 0.7874789428710938 0.9575579833984375 0.02445556640625 0.030765380859375
2 0.8015045166015625 0.967646484375 0.0244561767578125 0.030765380859375
2 0.8181594848632813 0.971702880859375 0.0276885986328125 0.0349407958984375
2 0.8320162963867187 0.9782275390625 0.02445556640625 0.030765380859375
2 0.8718402099609375 0.8415364074707031 0.02698974609375 0.0338153076171875
2 0.883958740234375 0.8499978637695312 0.023668212890625 0.02879669189453125
2 0.8997067260742188 0.8559034729003906 0.023668212890625 0.02879669189453125
2 0.9272659301757813 0.8718971252441406 0.023668212890625 0.02879669189453125
2 0.9134243774414063 0.8641741943359375 0.0225604248046875 0.02696044921875
2 0.9407586669921875 0.8765657043457031 0.026201171875 0.03427093505859375
2 0.9553253173828125 0.8862202453613282 0.0263018798828125 0.0342523193359375
2 0.9683584594726562 0.8950274658203125 0.0236676025390625 0.02879638671875
2 0.9523635864257812 0.9218484878540039 0.023668212890625 0.028796844482421875
2 0.885189208984375 0.88370849609375 0.0236676025390625 0.02879638671875
2 0.89970703125 0.8903521728515625 0.023668212890625 0.02879669189453125
2 0.926044921875 0.9066439819335937 0.026302490234375 0.03425323486328125
2 0.9385848999023437 0.914466552734375 0.0236676025390625 0.02879638671875
2 0.8273641967773437 0.8539347839355469 0.023668212890625 0.02879669189453125
2 0.8150616455078125 0.8436004638671875 0.0236676025390625 0.02879638671875
2 0.8449411010742187 0.8579289245605469 0.0263983154296875 0.0336505126953125
2 0.8706716918945312 0.8763264465332031 0.023668212890625 0.02879669189453125
2 0.8582843017578125 0.8672056579589844 0.0226080322265625 0.025810546875
2 0.8049493408203126 0.9299987411499023 0.0244561767578125 0.030765533447265625
2 0.8758157348632812 0.9669082641601563 0.0244561767578125 0.030765380859375
2 0.8454739379882813 0.984517822265625 0.0246087646484375 0.0310443115234375
2 0.7901858520507813 0.9213865661621093 0.0244561767578125 0.03076568603515625
2 0.8344772338867188 0.9413177490234375 0.0244561767578125 0.0307659912109375
2 0.8615435791015625 0.956573486328125 0.0244561767578125 0.030765380859375
2 0.9026358032226562 0.98265625 0.0244561767578125 0.030765380859375
2 0.8890658569335937 0.9732614135742188 0.0229046630859375 0.0282159423828125
2 0.8462881469726562 0.9506683349609375 0.0244561767578125 0.0307659912109375
2 0.6808560180664063 0.9890499877929687 0.0262841796875 0.0332183837890625
2 0.65526611328125 0.9733026123046875 0.02902099609375 0.03715576171875
2 0.5701278686523438 0.9243353271484375 0.0262841796875 0.0332183837890625
2 0.5857321166992188 0.9662701416015625 0.0243963623046875 0.0319500732421875
2 0.5989794921875 0.9392446899414062 0.023990478515625 0.02899169921875
2 0.5287893676757812 0.9400836181640625 0.0262841796875 0.0332183837890625
2 0.5681594848632813 0.9592767333984376 0.0262841796875 0.0332183837890625
2 0.6277236938476562 0.9869329833984375 0.0216876220703125 0.0279998779296875
5 0.855091552734375 0.48228271484375 0.034381103515625 0.0267449951171875
5 0.9331552124023438 0.3069853210449219 0.047459716796875 0.0674395751953125
2 0.2882208251953125 0.7075608825683594 0.0310260009765625 0.02394012451171875
2 0.3219403076171875 0.6411439514160157 0.0310260009765625 0.02394012451171875
2 0.21567291259765625 0.5924382019042969 0.0310260009765625 0.02394012451171875
2 0.45609527587890625 0.7213029479980468 0.0285968017578125 0.02174896240234375
2 0.3800265502929687 0.8629335021972656 0.0285968017578125 0.0217486572265625
2 0.33997406005859376 0.9308066940307618 0.0285968017578125 0.021748504638671874
2 0.8591171264648437 0.994476318359375 0.0244561767578125 0.0307659912109375
2 0.817691650390625 0.9373892211914062 0.0244561767578125 0.0307659912109375
2 0.363297119140625 0.38492828369140625 0.0249407958984375 0.0320880126953125
2 0.3816265869140625 0.4804743957519531 0.0231890869140625 0.0303759765625
2 0.9490072631835937 0.6286125183105469 0.02984130859375 0.02323516845703125
2 0.8977386474609375 0.4293701171875 0.0288861083984375 0.02240692138671875
