2 0.051341552734375 0.8832693481445313 0.012396240234375 0.0290960693359375
2 0.03414642333984375 0.8753330993652344 0.0123956298828125 0.0290960693359375
2 0.01992645263671875 0.8693804931640625 0.0123956298828125 0.0290960693359375
2 0.066884765625 0.8912059020996094 0.0123956298828125 0.0290960693359375
2 0.08110443115234375 0.8971583557128906 0.0123956298828125 0.0290960693359375
2 0.09598480224609375 0.9044332885742188 0.0123956298828125 0.0290960693359375
2 0.1402972412109375 0.9255973815917968 0.012396240234375 0.0290960693359375
2 0.108551025390625 0.9090631103515625 0.01239501953125 0.0290960693359375
2 0.1267388916015625 0.9189840698242188 0.012396240234375 0.0290960693359375
2 0.15385498046875 0.9351873779296875 0.0123956298828125 0.0290960693359375
2 0.168074951171875 0.9447775268554688 0.0123956298828125 0.0290960693359375
2 0.18262481689453125 0.9507295227050782 0.0123956298828125 0.0290960693359375
2 0.2001519775390625 0.9586663818359376 0.0123956298828125 0.0290960693359375
2 0.21404022216796875 0.9679255676269531 0.012396240234375 0.0290960693359375
2 0.23901611328125 0.9819790649414063 0.01572998046875 0.03141326904296875
2 0.15095947265625 0.8630955505371094 0.018848876953125 0.037576904296875
2 0.13399505615234375 0.8559196472167969 0.0166693115234375 0.03551513671875
2 0.1156475830078125 0.8502243041992188 0.0170074462890625 0.04029266357421875
2 0.08056884765625 0.8318597412109375 0.016297607421875 0.03337127685546875
2 0.06271270751953124 0.82392333984375 0.0162969970703125 0.0333709716796875
2 0.09776519775390625 0.8391351318359375 0.0162969970703125 0.03337066650390625
2 0.18845245361328125 0.8848445129394531 0.0190997314453125 0.03983489990234375
2 0.1705950927734375 0.8812074279785156 0.0190997314453125 0.0398345947265625
2 0.22416595458984376 0.9023712158203125 0.0190997314453125 0.03983489990234375
2 0.260211181640625 0.9205587768554687 0.01909912109375 0.03983489990234375
2 0.24268402099609376 0.9142756652832031 0.01909912109375 0.03983428955078125
2 0.20763153076171875 0.8974104309082032 0.0190997314453125 0.03983489990234375
2 0.428902587890625 0.9434524536132812 0.02904541015625 0.02182525634765625
2 0.27529754638671877 0.9317127990722657 0.01025146484375 0.0314154052734375
2 0.19014617919921875 0.9909062194824219 0.0139013671875 0.02678619384765625
2 0.17724853515625 0.9839617919921875 0.0145709228515625 0.02943115234375
2 0.16269866943359376 0.9770172119140625 0.0145709228515625 0.02943115234375
2 0.13624420166015624 0.9561842346191406 0.0145709228515625 0.02943115234375
2 0.14980224609375 0.96808837890625 0.0145709228515625 0.02943115234375
2 0.1061572265625 0.9450143432617187 0.0132147216796875 0.0289178466796875
2 0.0916070556640625 0.9374085998535157 0.0132147216796875 0.0289178466796875
2 0.06151458740234375 0.9238504028320312 0.0132147216796875 0.0289178466796875
2 0.0768853759765625 0.92791015625 0.0122552490234375 0.029761962890625
2 0.04597259521484375 0.9149217224121093 0.0132147216796875 0.0289178466796875
2 0.018353271484375 0.9016204833984375 0.012235107421875 0.0274468994140625
2 0.03224273681640625 0.9075727844238282 0.0122625732421875 0.0300927734375
2 0.1244549560546875 0.9496211242675782 0.015911865234375 0.02953369140625
2 0.04633392333984375 0.9883683776855469 0.026822509765625 0.03119964599609375
2 0.163055419921875 0.6472764587402344 0.016456298828125 0.027327880859375
2 0.17819549560546874 0.6564323425292968 0.0165008544921875 0.0288232421875
2 0.19295196533203124 0.6644424438476563 0.016500244140625 0.02882293701171875
2 0.20853424072265625 0.6719734191894531 0.0161090087890625 0.030076904296875
2 0.22286834716796874 0.6808268737792968 0.0161090087890625 0.030076904296875
2 0.197818603515625 0.5551417541503906 0.0202154541015625 0.02617706298828125
2 0.20958587646484375 0.560367431640625 0.0201409912109375 0.026187744140625
2 0.18318023681640624 0.5813720703125 0.021632080078125 0.027625732421875
2 0.19624725341796875 0.58853271484375 0.021771240234375 0.02761444091796875
2 0.2212164306640625 0.5694754028320312 0.020216064453125 0.02617706298828125
2 0.2471441650390625 0.5825447082519531 0.020216064453125 0.02617706298828125
2 0.222059326171875 0.6013052368164062 0.020216064453125 0.02617706298828125
2 0.234918212890625 0.608050537109375 0.020216064453125 0.02617706298828125
2 0.2473541259765625 0.6154281616210937 0.020216064453125 0.02617706298828125
2 0.2673468017578125 0.7050680541992187 0.016109619140625 0.03007781982421875
2 0.28083648681640627 0.704857177734375 0.0161090087890625 0.030076904296875
2 0.2930667114257812 0.6881069946289062 0.0264776611328125 0.02745391845703125
2 0.30039947509765624 0.6712879943847656 0.0301837158203125 0.02188507080078125
2 0.30630218505859375 0.6567430114746093 0.0301837158203125 0.02188507080078125
2 0.31197357177734375 0.6404933166503907 0.030577392578125 0.02403045654296875
2 0.3177203369140625 0.6261810302734375 0.0346697998046875 0.02576019287109375
2 0.3263067626953125 0.6130900573730469 0.030577392578125 0.02403045654296875
2 0.33537139892578127 0.5999159240722656 0.0284112548828125 0.02255462646484375
2 0.3412667846679687 0.5868101501464844 0.0364794921875 0.02796295166015625
2 0.35002227783203127 0.5725949096679688 0.0278424072265625 0.02229827880859375
2 0.3580322265625 0.5617623901367188 0.03037109375 0.02466278076171875
2 0.23124053955078125 0.4917793273925781 0.0217706298828125 0.02803558349609375
2 0.2710940551757812 0.5223170471191406 0.028065185546875 0.0221868896484375
2 0.29521392822265624 0.5353076171875 0.0286322021484375 0.0227655029296875
2 0.26413818359375 0.5334889221191407 0.028065185546875 0.0221868896484375
2 0.27783935546875 0.5109342956542968 0.028065185546875 0.0221868896484375
2 0.28563873291015623 0.4961787414550781 0.0280657958984375 0.0221868896484375
2 0.29316864013671873 0.48036788940429687 0.0281231689453125 0.02334197998046875
2 0.30123809814453123 0.46772184371948244 0.028065185546875 0.022186965942382814
2 0.31156707763671876 0.4544419860839844 0.028065185546875 0.0221868896484375
2 0.31936614990234374 0.4445348358154297 0.028065185546875 0.0221868896484375
2 0.3252691650390625 0.43209815979003907 0.028065185546875 0.0221868896484375
2 0.34676971435546877 0.3933123016357422 0.028065185546875 0.0221868896484375
2 0.337381591796875 0.40546432495117185 0.030369873046875 0.02402099609375
2 0.192125244140625 0.3317034912109375 0.0303790283203125 0.023987884521484374
2 0.358995361328125 0.3663304901123047 0.028065185546875 0.0221868896484375
2 0.35192626953125 0.3793259429931641 0.030369873046875 0.02402099609375
2 0.38407989501953127 0.3182698822021484 0.028065185546875 0.0221868896484375
2 0.389349365234375 0.3060443115234375 0.028065185546875 0.0221868896484375
2 0.39714874267578126 0.2961370849609375 0.028065185546875 0.0221868896484375
2 0.40558013916015623 0.28370033264160155 0.028065185546875 0.0221868896484375
2 0.43170379638671874 0.2976659393310547 0.0309881591796875 0.024608917236328125
2 0.2891015625 0.5469012451171875 0.0286322021484375 0.0227655029296875
2 0.3038568115234375 0.5256111145019531 0.0286322021484375 0.0227655029296875
2 0.3131320190429687 0.5121205139160157 0.0286322021484375 0.0227655029296875
2 0.3192449951171875 0.4973649597167969 0.0286322021484375 0.0227655029296875
2 0.327044677734375 0.48766845703125 0.028631591796875 0.0227655029296875
2 0.3436968994140625 0.46405973434448244 0.0286322021484375 0.02276557922363281
2 0.33589691162109375 0.475020751953125 0.0286322021484375 0.0227655029296875
2 0.35760955810546874 0.43560287475585935 0.0286322021484375 0.022765655517578125
2 0.28393707275390623 0.3980816650390625 0.0233978271484375 0.0114007568359375
2 0.2975341796875 0.3685709381103516 0.0248736572265625 0.01097686767578125
2 0.31850830078125 0.3293487548828125 0.0259490966796875 0.012255401611328124
2 0.3662445068359375 0.5495462036132812 0.0326092529296875 0.0255419921875
2 0.37181915283203126 0.5329595947265625 0.03603515625 0.0291094970703125
2 0.3809552001953125 0.5185704040527344 0.0334344482421875 0.024993896484375
2 0.3885467529296875 0.5013458251953125 0.034403076171875 0.02691375732421875
2 0.439256591796875 0.4094588470458984 0.0363238525390625 0.026111297607421875
2 0.44519775390625 0.39516143798828124 0.035498046875 0.02619781494140625
2 0.45378692626953127 0.37652099609375 0.035498046875 0.02619781494140625
2 0.46896514892578123 0.3504338836669922 0.03356201171875 0.02542877197265625
2 0.37533599853515626 0.40124603271484377 0.0286322021484375 0.022765655517578125
2 0.3822802734375 0.3891845703125 0.0286322021484375 0.022765655517578125
2 0.3969003295898437 0.3645136260986328 0.0286322021484375 0.022765655517578125
2 0.3757012939453125 0.3414873504638672 0.0286322021484375 0.022765655517578125
2 0.43466705322265625 0.4248900604248047 0.02850341796875 0.0226611328125
2 0.42827178955078127 0.4363124847412109 0.0281219482421875 0.02138153076171875
2 0.47819610595703127 0.33628814697265624 0.03570556640625 0.026985626220703125
2 0.484539794921875 0.3218624877929688 0.032677001953125 0.02659637451171875
2 0.490523681640625 0.3073994445800781 0.0300238037109375 0.023359222412109373
2 0.49710235595703123 0.2929623413085938 0.0300238037109375 0.02335906982421875
2 0.5045950317382812 0.28016975402832034 0.0300238037109375 0.023359222412109373
2 0.511539306640625 0.2677429962158203 0.030023193359375 0.023359375
2 0.528349609375 0.24220970153808594 0.031846923828125 0.023255767822265624
2 0.5204940795898437 0.2544022369384766 0.0300238037109375 0.023359222412109373
2 0.5371243286132813 0.23101036071777345 0.0300238037109375 0.02335906982421875
2 0.548271484375 0.21255264282226563 0.0300238037109375 0.023359375
2 0.496031494140625 0.8111772155761718 0.031641845703125 0.02215606689453125
2 0.511243896484375 0.8210150146484375 0.03162109375 0.0252978515625
2 0.5272824096679688 0.829117431640625 0.03162109375 0.0252978515625
2 0.5428237915039062 0.8370535278320312 0.03162109375 0.0252978515625
2 0.555390625 0.8481320190429688 0.03162109375 0.0252978515625
2 0.6022073364257813 0.8715557861328125 0.0288201904296875 0.02188140869140625
2 0.585897216796875 0.8623513793945312 0.02893310546875 0.0229827880859375
2 0.6182211303710937 0.8785552978515625 0.0287701416015625 0.02463714599609375
2 0.6315017700195312 0.8885191345214843 0.0281329345703125 0.02521026611328125
2 0.6467987060546875 0.8962350463867188 0.027723388671875 0.02560455322265625
2 0.66286376953125 0.903604736328125 0.0294317626953125 0.02943115234375
2 0.6790673828125 0.9093914794921875 0.0274468994140625 0.02627716064453125
2 0.6930239868164062 0.9203094482421875 0.0213604736328125 0.026114501953125
2 0.5020751953125 0.789180908203125 0.028602294921875 0.02313873291015625
2 0.5102932739257813 0.7768373107910156 0.02866455078125 0.02643707275390625
2 0.5260516357421875 0.7714176940917968 0.023353271484375 0.027664794921875
2 0.5452359008789063 0.7870896911621094 0.0227313232421875 0.0305712890625
2 0.5593609619140625 0.7943394470214844 0.0227313232421875 0.0305706787109375
2 0.5739865112304687 0.7985899353027344 0.0227313232421875 0.0305712890625
2 0.5993600463867188 0.8094644165039062 0.0227313232421875 0.03057098388671875
2 0.6122354125976562 0.8172146606445313 0.0227313232421875 0.03057098388671875
2 0.6238607788085937 0.8265899658203125 0.0227313232421875 0.03057098388671875
2 0.6606875610351562 0.8508750915527343 0.023125 0.0328363037109375
2 0.6466256713867188 0.839937744140625 0.0245001220703125 0.03322479248046875
2 0.6368115234375 0.8291957092285156 0.02087646484375 0.02660858154296875
2 0.678375244140625 0.8578125 0.0245001220703125 0.03322479248046875
2 0.6916876220703125 0.8646250915527344 0.023125 0.0328363037109375
2 0.7208526611328125 0.8859027099609375 0.03070556640625 0.0361944580078125
2 0.7095718383789062 0.8720857238769532 0.0286065673828125 0.0348284912109375
2 0.618115234375 0.6810623168945312 0.024677734375 0.0316412353515625
2 0.6958724975585937 0.7702458190917969 0.0238958740234375 0.030655517578125
2 0.7123233032226562 0.7795443725585938 0.023895263671875 0.03065521240234375
2 0.6230892944335937 0.7332279968261719 0.023895263671875 0.030655517578125
2 0.7912847900390625 0.8279457092285156 0.0258819580078125 0.03232177734375
2 0.7760189819335938 0.8183114624023438 0.023323974609375 0.0298638916015625
2 0.7944479370117188 0.93533203125 0.0334234619140625 0.0261602783203125
2 0.9204922485351562 0.9679959106445313 0.0306634521484375 0.0236309814453125
2 0.928367919921875 0.9547589111328125 0.0306634521484375 0.0236309814453125
2 0.9359805297851562 0.9404521179199219 0.0298504638671875 0.023330078125
2 0.98740478515625 0.8577635192871094 0.03457275390625 0.026519775390625
2 0.960384521484375 0.9901152038574219 0.0296826171875 0.02346099853515625
2 0.9677450561523437 0.9772119140625 0.0288092041015625 0.02312347412109375
2 0.976656494140625 0.9656741333007812 0.0267047119140625 0.0207098388671875
2 0.9818203735351563 0.9540882873535156 0.028809814453125 0.023123779296875
2 0.9890252685546875 0.9400138854980469 0.0288092041015625 0.02312347412109375
2 0.9305490112304687 0.7859429931640625 0.0306683349609375 0.023623046875
2 0.9144284057617188 0.8126109313964843 0.0275836181640625 0.02122650146484375
2 0.9856625366210937 0.010178565979003906 0.0248956298828125 0.023392868041992188
2 0.9277114868164062 0.023480606079101563 0.0242193603515625 0.030895843505859374
2 0.9530685424804688 0.03615928649902344 0.0242193603515625 0.030895843505859374
2 0.9656649780273437 0.04743377685546875 0.0288299560546875 0.04129608154296875
2 0.8769973754882813 0.11633766174316407 0.0242193603515625 0.030895843505859374
2 0.8919644165039062 0.08651802062988281 0.0257147216796875 0.036030731201171874
2 0.88855712890625 0.12468040466308594 0.0250299072265625 0.03421051025390625
2 0.9030059814453125 0.13013717651367188 0.02255859375 0.030082855224609375
2 0.9156854248046875 0.1378155517578125 0.02255859375 0.030082855224609375
2 0.9301492309570313 0.1433515167236328 0.0225592041015625 0.030083160400390625
2 0.9445571899414062 0.14780899047851562 0.0232696533203125 0.030810546875
2 0.9584979248046875 0.15613059997558593 0.020924072265625 0.027975311279296877
2 0.9851507568359374 0.13631004333496094 0.0218408203125 0.0288079833984375
2 0.9594644165039062 0.1208929443359375 0.0219921875 0.02892852783203125
2 0.9852685546875 0.16946426391601563 0.0230804443359375 0.030714263916015627
2 0.9685089111328125 0.16637664794921875 0.026195068359375 0.037960662841796874
2 0.8780361938476563 0.19241065979003907 0.0339581298828125 0.024821319580078126
2 0.9325003051757812 0.22276809692382812 0.0339581298828125 0.02482147216796875
2 0.8950003051757812 0.20455352783203126 0.0339581298828125 0.02482147216796875
2 0.98277099609375 0.22144943237304687 0.015172119140625 0.033970794677734374
2 0.4214739990234375 0.3143983459472656 0.0273583984375 0.020955963134765623
2 0.253887939453125 0.31099098205566406 0.032152099609375 0.02579071044921875
2 0.4512689208984375 0.0070963287353515625 0.03892333984375 0.019451751708984374
2 0.433199462890625 0.03150863647460937 0.03892333984375 0.030341033935546876
2 0.42490997314453127 0.04687629699707031 0.0396710205078125 0.03124725341796875
2 0.3808505249023437 0.04464881896972656 0.039671630859375 0.03124755859375
2 0.4159820556640625 0.06226768493652344 0.03765625 0.027692413330078124
2 0.4050839233398438 0.07942710876464844 0.0390899658203125 0.029017486572265626
2 0.397166748046875 0.099696044921875 0.0380938720703125 0.027857208251953126
2 0.3847769165039063 0.12227745056152343 0.0376239013671875 0.029295654296875
2 0.370091552734375 0.13549217224121093 0.036468505859375 0.026788330078125
2 0.3599005126953125 0.1549505615234375 0.0319305419921875 0.025289154052734374
2 0.34642852783203126 0.19119430541992188 0.029241943359375 0.025284881591796874
2 0.32003570556640626 0.2305108642578125 0.0314068603515625 0.026368560791015624
2 0.31485076904296877 0.2446783447265625 0.0299505615234375 0.02604827880859375
2 0.30691650390625 0.258729248046875 0.03140625 0.026368865966796873
2 0.29727691650390625 0.27091575622558595 0.0299505615234375 0.02604827880859375
2 0.3378466796875 0.21703880310058593 0.0338616943359375 0.027061614990234375
2 0.2892327880859375 0.28341575622558596 0.038118896484375 0.02791015625
2 0.27957855224609374 0.2992572021484375 0.038118896484375 0.02791015625
2 0.22722747802734375 0.33626235961914064 0.0299505615234375 0.02604827880859375
2 0.2183172607421875 0.34888633728027346 0.029949951171875 0.0260479736328125
2 0.365504150390625 0.07459892272949219 0.0396710205078125 0.03124725341796875
2 0.357177734375 0.08774734497070312 0.0388616943359375 0.0309893798828125
2 0.3493359375 0.1033843231201172 0.039200439453125 0.029788055419921876
2 0.34245086669921876 0.11534622192382812 0.035643310546875 0.028823699951171875
2 0.33626220703125 0.1342822265625 0.0273828125 0.022772216796875
2 0.33019805908203126 0.14702949523925782 0.030445556640625 0.02530609130859375
2 0.32277130126953124 0.16089096069335937 0.030445556640625 0.025305938720703126
2 0.3127481079101562 0.1757427215576172 0.0356439208984375 0.028824005126953125
2 0.3052761840820313 0.190760498046875 0.039200439453125 0.029788055419921876
2 0.2949258422851562 0.20693092346191405 0.0356439208984375 0.028824005126953125
2 0.2775991821289063 0.2341583251953125 0.0356439208984375 0.028824005126953125
2 0.2859954833984375 0.22193450927734376 0.0307318115234375 0.026676025390625
2 0.26950103759765626 0.2506340789794922 0.0298431396484375 0.024721832275390626
2 0.24603973388671874 0.2826730346679687 0.038861083984375 0.029293060302734375
2 0.25396026611328126 0.2707920837402344 0.038861083984375 0.029293060302734375
2 0.5677285766601563 0.015411300659179688 0.0381793212890625 0.02840301513671875
2 0.5621295166015625 0.030445327758789064 0.036881103515625 0.027277374267578126
2 0.5517333984375 0.04480194091796875 0.036881103515625 0.027277374267578126
2 0.5176983642578125 0.029331741333007814 0.038118896484375 0.028159637451171875
2 0.5070553588867187 0.04616348266601562 0.038118896484375 0.028159637451171875
2 0.5035897827148438 0.06373786926269531 0.038118896484375 0.028159637451171875
2 0.533580322265625 0.08393661499023437 0.0386944580078125 0.02890899658203125
2 0.49047088623046875 0.07784652709960938 0.038118896484375 0.028159637451171875
2 0.4827972412109375 0.09294540405273438 0.038118896484375 0.028159637451171875
2 0.4728964233398438 0.10408432006835938 0.038118896484375 0.028159637451171875
2 0.5201495361328125 0.09720321655273438 0.0355938720703125 0.02663360595703125
2 0.5122283935546875 0.11032173156738281 0.0355938720703125 0.02663360595703125
2 0.50232666015625 0.12443069458007812 0.0355938720703125 0.026633453369140626
2 0.46547149658203124 0.1184405517578125 0.0366339111328125 0.02782196044921875
2 0.4568072509765625 0.13923263549804688 0.038118896484375 0.028159637451171875
2 0.44641143798828126 0.15408401489257811 0.038118896484375 0.028159637451171875
2 0.4402142333984375 0.16980888366699218 0.034140625 0.025481719970703125
2 0.431312255859375 0.18452972412109375 0.0366339111328125 0.0278216552734375
2 0.42029754638671873 0.20940589904785156 0.038861083984375 0.03141616821289062
2 0.4139288330078125 0.22389617919921875 0.0372412109375 0.03021820068359375
2 0.40594818115234377 0.23918327331542968 0.0373614501953125 0.029675750732421874
2 0.48861358642578123 0.15680679321289062 0.034901123046875 0.02680694580078125
2 0.480792236328125 0.169727783203125 0.035594482421875 0.026633758544921875
2 0.47311981201171877 0.18631210327148437 0.0355938720703125 0.02663360595703125
2 0.45915802001953127 0.21745033264160157 0.034901123046875 0.026806793212890624
2 0.452080078125 0.2311139678955078 0.0355938720703125 0.02663360595703125
2 0.46967864990234376 0.20086654663085937 0.0331683349609375 0.02584228515625
2 0.0107354736328125 0.5642610168457032 0.02308868408203125 0.01940399169921875
2 0.0274224853515625 0.575142822265625 0.0301568603515625 0.01940338134765625
2 0.04616546630859375 0.5856965637207031 0.0302716064453125 0.01992218017578125
2 0.880528564453125 0.8568484497070312 0.0144488525390625 0.02756744384765625
2 0.8977816772460937 0.8443423461914062 0.0238525390625 0.03538787841796875
2 0.882801513671875 0.8827044677734375 0.032254638671875 0.02148040771484375
2 0.8440139770507813 0.990408935546875 0.0345697021484375 0.02866790771484375
2 0.16039031982421875 0.7107838439941406 0.0281512451171875 0.02183349609375
2 0.305443115234375 0.8855830383300781 0.0281512451171875 0.022431640625
2 0.2533453369140625 0.10415489196777344 0.0307421875 0.024486541748046875
2 0.23128082275390624 0.1491731262207031 0.0327581787109375 0.026287841796875
2 0.2189453125 0.17176849365234376 0.0340118408203125 0.02611541748046875
2 0.2129058837890625 0.18785858154296875 0.0347509765625 0.02802642822265625
2 0.8551092529296875 0.8533055114746094 0.028294677734375 0.03378265380859375
2 0.5543881225585937 0.199173583984375 0.0300238037109375 0.023359375
2 0.5647085571289062 0.18426513671875 0.0300238037109375 0.023359375
2 0.569542236328125 0.16979927062988281 0.0325518798828125 0.0250299072265625
2 0.577569580078125 0.15680229187011718 0.03255126953125 0.0250299072265625
2 0.5842037963867187 0.14145156860351563 0.0300238037109375 0.023359375
2 0.5933786010742188 0.12960174560546875 0.0300238037109375 0.023359375
2 0.6157772827148438 0.08365562438964844 0.0287664794921875 0.023210601806640627
2 0.608896484375 0.09971076965332032 0.028765869140625 0.023210601806640627
2 0.6241873168945312 0.06989418029785156 0.0287664794921875 0.023210601806640627
2 0.6501812744140625 0.022875900268554687 0.0287664794921875 0.023210601806640627
2 0.659755859375 0.006020603179931641 0.0226141357421875 0.014624557495117187
2 0.6341644287109375 0.05558151245117188 0.034041748046875 0.025930633544921877
2 0.7958230590820312 0.12838035583496094 0.0287664794921875 0.023210601806640627
2 0.7851473999023437 0.1545233154296875 0.031298828125 0.01890899658203125
2 0.8030868530273437 0.11423683166503906 0.0287664794921875 0.023210601806640627
2 0.8160830688476562 0.08824256896972656 0.0287664794921875 0.023210601806640627
