2 0.23619384765625 0.036787109375 0.00967132568359375 0.01914581298828125
2 0.5442333984375 0.9838442993164063 0.015048828125 0.0139569091796875
2 0.5323597717285157 0.9002197265625 0.0125299072265625 0.012939453125
2 0.5398123168945312 0.8945626831054687 0.01399688720703125 0.014124755859375
2 0.679375 0.8602499389648437 0.0070001220703125 0.0157501220703125
2 0.7449375915527344 0.8674993896484375 0.00912506103515625 0.018690185546875
2 0.7671202087402343 0.8689996337890625 0.00950927734375 0.0185003662109375
2 0.9206243896484375 0.8598175048828125 0.00850189208984375 0.0153851318359375
2 0.947938232421875 0.872437744140625 0.018125 0.0135504150390625
2 0.96375 0.8488751220703125 0.01066650390625 0.01675048828125
2 0.9860000610351562 0.8408123779296875 0.009573974609375 0.016875
2 0.9982504272460937 0.8376873779296875 0.009573974609375 0.016875
