5 0.355867919921875 0.8494694519042969 0.0167864990234375 0.00599090576171875
5 0.32765716552734375 0.8429803466796875 0.020438232421875 0.00621917724609375
5 0.32753173828125 0.8368553161621094 0.020438232421875 0.00621917724609375
5 0.327657470703125 0.8314802551269531 0.020438232421875 0.006219482421875
5 0.32703216552734377 0.8257302856445312 0.020438232421875 0.006219482421875
5 0.3272808837890625 0.8199800109863281 0.0204376220703125 0.00621917724609375
5 0.3271563720703125 0.8144801330566406 0.0204376220703125 0.006219482421875
3 0.7589462280273438 0.06766624450683593 0.0294036865234375 0.01184478759765625
3 0.8033013916015626 0.11542343139648438 0.0396441650390625 0.01411285400390625
5 0.6690634155273437 0.7216877746582031 0.0051263427734375 0.009375
5 0.6610623168945312 0.7288127136230469 0.0051263427734375 0.009375
5 0.6554373168945312 0.7235626220703125 0.0051263427734375 0.009375
5 0.66481201171875 0.6875627136230469 0.0051263427734375 0.009375
5 0.6510623168945312 0.6884378051757812 0.0051263427734375 0.009375
5 0.6223126220703125 0.6953125 0.00637451171875 0.02462493896484375
5 0.5949374389648437 0.6951875305175781 0.0063751220703125 0.02462493896484375
5 0.5880624389648438 0.6951875305175781 0.0063751220703125 0.02462493896484375
5 0.5811834716796875 0.69810302734375 0.0061322021484375 0.0182061767578125
5 0.6710162353515625 0.6300138854980468 0.005494384765625 0.01150238037109375
5 0.6652194213867187 0.6306730651855469 0.005494384765625 0.01150238037109375
5 0.6502197265625 0.6306455993652343 0.005494384765625 0.01150238037109375
5 0.6307281494140625 0.6273947143554688 0.005301513671875 0.01742706298828125
5 0.6128707885742187 0.6277471923828125 0.0050823974609375 0.0173626708984375
5 0.596085205078125 0.627445068359375 0.0050823974609375 0.0173626708984375
5 0.5783380126953125 0.6272802734375 0.0050823974609375 0.0173626708984375
5 0.5866522216796874 0.5875743103027343 0.0054486083984375 0.01690948486328125
5 0.5965151977539063 0.5864476013183594 0.0054486083984375 0.0169097900390625
5 0.7513507080078125 0.6537741088867187 0.006226806640625 0.01667816162109375
5 0.7527001953125 0.6751596069335938 0.0062255859375 0.0166778564453125
5 0.753914794921875 0.6980044555664062 0.0062255859375 0.0166778564453125
5 0.75499755859375 0.7170016479492187 0.0062255859375 0.0166778564453125
5 0.7661654663085937 0.7422348022460937 0.0062261962890625 0.0166778564453125
5 0.8158135986328126 0.849375 0.016026611328125 0.005
5 0.8153131103515625 0.8372503662109375 0.016026611328125 0.005
5 0.8148748779296875 0.8264375305175782 0.0168218994140625 0.00487518310546875
5 0.81387451171875 0.8153123474121093 0.0168212890625 0.0048748779296875
5 0.8142495727539063 0.8063125610351562 0.0168212890625 0.0048748779296875
5 0.8138751220703125 0.7995623779296875 0.0168218994140625 0.00487518310546875
5 0.8123748779296875 0.7935624694824219 0.0168212890625 0.0048748779296875
5 0.8122494506835938 0.7875628662109375 0.0168206787109375 0.0048748779296875
5 0.7870004272460938 0.7851873779296875 0.0168218994140625 0.00487518310546875
5 0.7900003051757812 0.8389373779296875 0.0168218994140625 0.00487518310546875
