2 0.358046875 0.46671428680419924 0.034073486328125 0.025874176025390626
2 0.3513397216796875 0.4823672103881836 0.034073486328125 0.025874176025390626
2 0.3426190185546875 0.4982435607910156 0.034073486328125 0.025874252319335937
2 0.3345098876953125 0.5130203247070313 0.035296630859375 0.026285171508789062
2 0.323614501953125 0.5266528701782227 0.0300537109375 0.023462600708007812
2 0.3185272216796875 0.5439583969116211 0.0342333984375 0.026126708984375
2 0.23893096923828125 0.622763786315918 0.0342132568359375 0.02596336364746094
2 0.25020675659179686 0.589048843383789 0.03529693603515625 0.026285324096679687
2 0.3068426513671875 0.5579583740234375 0.0300537109375 0.02346282958984375
2 0.2879730224609375 0.5284590911865235 0.028988037109375 0.023000030517578124
2 0.2974139404296875 0.5121384048461914 0.028636474609375 0.02303367614746094
2 0.2721368408203125 0.557916030883789 0.032200927734375 0.025546493530273436
2 0.29141357421875 0.5897108459472656 0.030054931640625 0.023462448120117187
2 0.2673358154296875 0.6383788585662842 0.030054931640625 0.02346233367919922
2 0.2583709716796875 0.6522116851806641 0.0300537109375 0.023462677001953126
2 0.2509202575683594 0.6673363494873047 0.03257110595703125 0.023421173095703126
2 0.23106231689453124 0.6983549499511719 0.0297406005859375 0.023807373046875
2 0.21375701904296876 0.7284617614746094 0.02689208984375 0.022408905029296874
2 0.2068402099609375 0.7437026214599609 0.0315032958984375 0.0229656982421875
2 0.19520172119140625 0.6978425598144531 0.0297406005859375 0.02380706787109375
2 0.1869891357421875 0.7153984832763672 0.028685302734375 0.022912139892578124
2 0.17818084716796875 0.7307127380371093 0.0279742431640625 0.02222625732421875
2 0.20122894287109375 0.6802140045166015 0.0342266845703125 0.0261553955078125
2 0.4042401123046875 0.5301385879516601 0.03424560546875 0.025916748046875
2 0.393763427734375 0.5440839004516601 0.0289892578125 0.023000259399414063
2 0.386846923828125 0.5602210998535156 0.0289892578125 0.02300018310546875
2 0.37967529296875 0.5745657730102539 0.0289892578125 0.023000259399414063
2 0.37111572265625 0.5909973526000977 0.030311279296875 0.023627548217773436
2 0.3981182861328125 0.6058156204223633 0.0289892578125 0.022999954223632813
2 0.3887896728515625 0.6209665298461914 0.030311279296875 0.023627548217773436
2 0.40693359375 0.5897800064086914 0.030740966796875 0.02433326721191406
2 0.4137640380859375 0.5752436828613281 0.030054931640625 0.02376129150390625
2 0.363026123046875 0.6070964431762695 0.0289892578125 0.022999954223632813
2 0.35216064453125 0.6199415969848633 0.030311279296875 0.023627548217773436
2 0.3389471435546875 0.6560205078125 0.0289892578125 0.023000335693359374
2 0.38157470703125 0.6369109725952149 0.030740966796875 0.024333419799804686
2 0.37412109375 0.6532485961914063 0.0314697265625 0.024735107421875
2 0.3654791259765625 0.6698904418945313 0.030311279296875 0.023627471923828126
2 0.358355712890625 0.6839152526855469 0.031431884765625 0.02407470703125
2 0.320760498046875 0.6831720733642578 0.028988037109375 0.023000030517578124
2 0.312308349609375 0.7018711853027344 0.0289892578125 0.0229998779296875
2 0.3012432861328125 0.7161576843261719 0.0352197265625 0.025743255615234373
2 0.332347412109375 0.7315553283691406 0.02859619140625 0.022545013427734375
2 0.2882989501953125 0.7459970092773438 0.03014892578125 0.023374786376953127
2 0.300084228515625 0.7950122833251954 0.035279541015625 0.02677825927734375
2 0.270115966796875 0.7788754272460937 0.0352783203125 0.026777801513671876
2 0.3761962890625 0.7485124206542969 0.028006591796875 0.03595932006835938
2 0.394913330078125 0.7131330108642578 0.02830810546875 0.03589736938476563
2 0.3594378662109375 0.7789603424072266 0.024202880859375 0.032305908203125
2 0.3432989501953125 0.8086731719970703 0.024200439453125 0.032305450439453126
2 0.461898193359375 0.6414202880859375 0.0289892578125 0.02300018310546875
2 0.456007080078125 0.6565328979492188 0.0289892578125 0.0229998779296875
2 0.4452490234375 0.6729261779785156 0.0289892578125 0.02300018310546875
2 0.4696392822265625 0.6249493789672852 0.035618896484375 0.027562789916992188
2 0.422216796875 0.7183024597167968 0.0321044921875 0.024998779296875
2 0.3940191650390625 0.7643708801269531 0.028988037109375 0.02300018310546875
2 0.402471923828125 0.74951416015625 0.0289892578125 0.02300018310546875
2 0.36174560546875 0.8302008056640625 0.0289892578125 0.02300018310546875
2 0.368809814453125 0.8133331298828125 0.031849365234375 0.023849639892578125
2 0.4885382080078125 0.6573015594482422 0.028988037109375 0.023000030517578124
2 0.482457275390625 0.6720340728759766 0.02912353515625 0.02324737548828125
2 0.4731671142578125 0.6863050842285157 0.0315478515625 0.024931793212890626
2 0.464715576171875 0.704176025390625 0.0289892578125 0.02300018310546875
2 0.45607421875 0.7173725128173828 0.02912353515625 0.02324737548828125
2 0.42413818359375 0.7801620483398437 0.031849365234375 0.024411773681640624
2 0.4189324951171875 0.7960092163085938 0.029122314453125 0.0232476806640625
2 0.4421954345703125 0.7490657043457031 0.02800537109375 0.022873077392578125
2 0.4332391357421875 0.7678370666503906 0.032633056640625 0.02682586669921875
2 0.4052899169921875 0.8104776000976562 0.028988037109375 0.0229998779296875
2 0.3994122314453125 0.8268240356445312 0.027991943359375 0.022069854736328123
2 0.3916070556640625 0.8416375732421875 0.03287353515625 0.0272259521484375
2 0.637861328125 0.7817197418212891 0.030330810546875 0.023649749755859376
2 0.6319158935546875 0.7688089752197266 0.030736083984375 0.023857269287109375
2 0.62428466796875 0.7553372955322266 0.03033203125 0.0236505126953125
2 0.6157794189453125 0.7426820373535157 0.0307373046875 0.023857574462890625
2 0.645032958984375 0.7942715454101562 0.03033203125 0.023650360107421876
2 0.6522052001953125 0.8068232727050781 0.03033203125 0.023648681640625
2 0.6076837158203126 0.7298227691650391 0.030941162109375 0.023961944580078123
2 0.55027099609375 0.6342533874511719 0.03060302734375 0.024013671875
2 0.5424658203125 0.6207335662841796 0.033575439453125 0.026463699340820313
2 0.5375140380859375 0.6041672134399414 0.027479248046875 0.022371597290039062
2 0.5072509765625 0.8036148834228516 0.028499755859375 0.037337646484375
2 0.521085205078125 0.8114276123046875 0.02849853515625 0.0373370361328125
2 0.535233154296875 0.8177213287353515 0.024891357421875 0.03355422973632813
2 0.5476080322265625 0.8260094451904297 0.025968017578125 0.0358074951171875
2 0.5616876220703125 0.8314618682861328 0.0235888671875 0.03141326904296875
2 0.573079833984375 0.8393556213378907 0.023421630859375 0.030924530029296876
2 0.5869964599609375 0.8467611694335937 0.01995361328125 0.02945953369140625
2 0.613118896484375 0.8589683532714844 0.021669921875 0.030110626220703124
2 0.6002606201171875 0.8521321105957032 0.021669921875 0.030110931396484374
2 0.4926263427734375 0.8394477081298828 0.026134033203125 0.034441986083984376
2 0.5054693603515625 0.8452364349365235 0.026134033203125 0.034441986083984376
2 0.5170465087890626 0.8539196014404297 0.026134033203125 0.03444183349609375
2 0.5293475341796875 0.8620597076416016 0.026134033203125 0.03444183349609375
2 0.5919390869140625 0.8915462493896484 0.026134033203125 0.034441986083984376
2 0.5783428955078125 0.8822297668457031 0.02607666015625 0.03327285766601563
2 0.5445428466796876 0.8694766998291016 0.026134033203125 0.03444183349609375
2 0.6204766845703125 0.9039839935302735 0.02709228515625 0.03646148681640625
2 0.6329718017578125 0.9141657257080078 0.025072021484375 0.03403228759765625
2 0.5573040771484375 0.8787722015380859 0.029024658203125 0.029816436767578124
2 0.5096710205078125 0.8770904541015625 0.02588134765625 0.021866607666015624
2 0.535179443359375 0.8923573303222656 0.02875244140625 0.023533935546875
2 0.4846234130859375 0.8635128021240235 0.026409912109375 0.021726226806640624
2 0.5625408935546875 0.9060213470458984 0.0284814453125 0.022979583740234375
2 0.5908099365234375 0.9223047637939453 0.027857666015625 0.022317352294921874
2 0.5172955322265625 0.900790786743164 0.02952392578125 0.022225799560546874
2 0.6260858154296876 0.9543235778808594 0.0271337890625 0.02087158203125
2 0.5716357421875 0.9311686706542969 0.0271337890625 0.02087158203125
2 0.5980462646484375 0.9438314056396484 0.027135009765625 0.020872039794921873
2 0.5454058837890625 0.9163350677490234 0.027135009765625 0.020872039794921873
2 0.472681884765625 0.9042976379394532 0.023421630859375 0.03092437744140625
2 0.45839111328125 0.8981472778320313 0.023421630859375 0.030924530029296876
2 0.487877197265625 0.9137042236328125 0.023421630859375 0.03092437744140625
2 0.51736328125 0.929261474609375 0.023421630859375 0.030924530029296876
2 0.5309320068359376 0.9354116821289062 0.023421630859375 0.030924530029296876
2 0.54540283203125 0.9449995422363281 0.023421630859375 0.030924530029296876
2 0.559512939453125 0.9513310241699219 0.023421630859375 0.030924530029296876
2 0.5893603515625 0.9656219482421875 0.023421630859375 0.03092437744140625
2 0.603470458984375 0.9735809326171875 0.023421630859375 0.030924530029296876
2 0.619932861328125 0.9799127960205078 0.023421630859375 0.030924530029296876
2 0.4441143798828125 0.9267135620117187 0.0216357421875 0.02899017333984375
2 0.4584344482421875 0.9332402038574219 0.0215771484375 0.028960723876953125
2 0.4763140869140625 0.9415469360351563 0.0216357421875 0.028990020751953127
2 0.487197265625 0.9504255676269531 0.0215771484375 0.028960723876953125
2 0.501212158203125 0.9564234161376953 0.022178955078125 0.0282586669921875
2 0.5142388916015626 0.9628478240966797 0.02217529296875 0.02835723876953125
2 0.52671875 0.9701712799072265 0.022178955078125 0.0282586669921875
2 0.53899169921875 0.9777345275878906 0.022235107421875 0.028250274658203126
2 0.5533123779296875 0.982203369140625 0.02217529296875 0.02835693359375
2 0.5648870849609375 0.9864521026611328 0.022178955078125 0.028258514404296876
2 0.57809326171875 0.9953163909912109 0.022178955078125 0.028258514404296876
2 0.48299560546875 0.9745839691162109 0.031114501953125 0.023013916015625
2 0.5121197509765625 0.9895984649658203 0.02894287109375 0.021683502197265624
2 0.4214361572265625 0.9676387023925781 0.022178955078125 0.02825836181640625
2 0.4340008544921875 0.9763422393798828 0.02237548828125 0.028863983154296877
2 0.4444097900390625 0.9855475616455078 0.022178955078125 0.028258819580078125
2 0.457587890625 0.9902168273925781 0.022235107421875 0.028250274658203126
2 0.4053839111328125 0.9946045684814453 0.0231689453125 0.028419647216796875
2 0.328599853515625 0.9968344116210938 0.027315673828125 0.02134307861328125
2 0.3454437255859375 0.9700439453125 0.03197998046875 0.02474822998046875
2 0.35315673828125 0.9585105133056641 0.027406005859375 0.02219757080078125
2 0.358809814453125 0.9461830902099609 0.027315673828125 0.021343231201171875
2 0.11286346435546875 0.7957011413574219 0.0223516845703125 0.0310980224609375
2 0.128577880859375 0.8015939331054688 0.0223516845703125 0.0310980224609375
2 0.17316253662109374 0.8201161193847656 0.0248956298828125 0.03155349731445312
2 0.253304443359375 0.8662496185302735 0.02375 0.03255508422851563
2 0.22312164306640625 0.8506651306152344 0.0219580078125 0.0297412109375
2 0.267232666015625 0.8748213195800781 0.02375 0.032554931640625
2 0.2817864990234375 0.8796427154541016 0.024564208984375 0.031072235107421874
2 0.30910888671875 0.8970491790771484 0.0207177734375 0.02934356689453125
2 0.3235821533203125 0.9022368621826172 0.020377197265625 0.028025665283203126
2 0.33838134765625 0.9116850280761719 0.023553466796875 0.03020172119140625
2 0.11521148681640625 0.8359806060791015 0.0242193603515625 0.030895843505859374
2 0.14056854248046874 0.8486592864990234 0.0242193603515625 0.030895843505859374
2 0.15316497802734375 0.8599337768554688 0.0288299560546875 0.04129608154296875
2 0.2096466064453125 0.8878411102294922 0.02572265625 0.03639678955078125
2 0.2241961669921875 0.8933929443359375 0.022020263671875 0.02892852783203125
2 0.2382141876220703 0.8977677154541016 0.02297332763671875 0.0301788330078125
2 0.251875 0.906785888671875 0.022020263671875 0.028928680419921873
2 0.264605712890625 0.9162306213378906 0.02456787109375 0.03396697998046875
2 0.2917864990234375 0.9275000762939453 0.02280517578125 0.030714263916015627
2 0.2775897216796875 0.922589340209961 0.025782470703125 0.03482131958007813
2 0.3053570556640625 0.935535659790039 0.02280517578125 0.030714569091796876
2 0.06449737548828124 0.9288376617431641 0.0242193603515625 0.030895843505859374
2 0.07946441650390625 0.8990180206298828 0.0257147216796875 0.036030731201171874
2 0.07605712890625 0.9371804046630859 0.0250299072265625 0.03421051025390625
2 0.0905059814453125 0.9426371765136718 0.02255859375 0.030082855224609375
2 0.1031854248046875 0.9503155517578125 0.02255859375 0.030082855224609375
2 0.11764923095703125 0.9558515167236328 0.0225592041015625 0.030083160400390625
2 0.13205718994140625 0.9603089904785156 0.0232696533203125 0.030810546875
2 0.1459979248046875 0.968630599975586 0.020924072265625 0.027975311279296877
2 0.1726507568359375 0.9488100433349609 0.0218408203125 0.0288079833984375
2 0.14696441650390624 0.9333929443359374 0.0219921875 0.02892852783203125
2 0.1727685546875 0.9819642639160157 0.0230804443359375 0.030714263916015627
2 0.185684814453125 0.9899587249755859 0.02255859375 0.030082855224609375
2 0.211395263671875 0.9704319763183594 0.0219989013671875 0.0305645751953125
2 0.1560089111328125 0.9788766479492188 0.026195068359375 0.037960662841796874
2 0.2505030059814453 0.9938248443603516 0.02199920654296875 0.030564422607421874
2 0.01476715087890625 0.5820911026000977 0.029869384765625 0.023215255737304687
2 0.015690994262695313 0.5108924102783203 0.03171051025390625 0.024860076904296875
2 0.044986572265625 0.5272048568725586 0.0291375732421875 0.022904052734375
2 0.05127960205078125 0.5121628189086914 0.0291912841796875 0.02309814453125
2 0.0586444091796875 0.49947864532470704 0.0291912841796875 0.02309806823730469
2 0.02261077880859375 0.4989748764038086 0.0301153564453125 0.02373626708984375
2 0.03096832275390625 0.4852006149291992 0.0283831787109375 0.022234115600585937
2 0.573245849609375 0.6778668212890625 0.03060302734375 0.024013671875
2 0.5814239501953125 0.6934434509277344 0.03060302734375 0.024013671875
2 0.4986376953125 0.5441978454589844 0.028426513671875 0.0225213623046875
2 0.4550238037109375 0.48111385345458985 0.028426513671875 0.022521896362304686
2 0.43516357421875 0.45619152069091795 0.028426513671875 0.022521286010742186
2 0.16294677734375 0.4576766204833984 0.0291912841796875 0.023097991943359375
2 0.11749176025390624 0.5481799697875976 0.0291912841796875 0.02309806823730469
2 0.1661932373046875 0.5899817276000977 0.0291912841796875 0.02309806823730469
2 0.14468353271484374 0.6301605224609375 0.0291912841796875 0.02309814453125
2 0.129261474609375 0.5189592361450195 0.0291912841796875 0.02309806823730469
2 0.12439117431640626 0.5347871780395508 0.0291912841796875 0.02309806823730469
2 0.05417999267578125 0.4434723663330078 0.0291912841796875 0.023097991943359375
