2 0.1081243896484375 0.8598175048828125 0.00850189208984375 0.0153851318359375
2 0.135438232421875 0.872437744140625 0.018125 0.0135504150390625
2 0.15125 0.8488751220703125 0.01066650390625 0.01675048828125
2 0.17350006103515625 0.8408123779296875 0.009573974609375 0.016875
2 0.18575042724609375 0.8376873779296875 0.009573974609375 0.016875
2 0.24150146484375 0.83716064453125 0.0122479248046875 0.018677978515625
2 0.252437744140625 0.8386880493164063 0.0112762451171875 0.0176251220703125
2 0.209749755859375 0.9042501831054688 0.0130267333984375 0.018499755859375
2 0.3129031372070312 0.8558010864257812 0.0126947021484375 0.01804931640625
2 0.28715972900390624 0.864783935546875 0.0230364990234375 0.0157574462890625
2 0.40943756103515627 0.9213125610351562 0.0171246337890625 0.0142730712890625
2 0.40306243896484373 0.9138125610351563 0.0171246337890625 0.0142730712890625
2 0.4610186767578125 0.9980093383789063 0.020509033203125 0.0154278564453125
2 0.54859619140625 0.8671792602539062 0.01189208984375 0.018131103515625
2 0.5727874755859375 0.8730593872070312 0.0244219970703125 0.0166925048828125
2 0.6074951171875 0.9078274536132812 0.0109423828125 0.0179052734375
2 0.665469970703125 0.8346273803710937 0.007197265625 0.0178570556640625
2 0.7542941284179687 0.8811239624023437 0.013582763671875 0.0070904541015625
2 0.749239501953125 0.8379470825195312 0.0101678466796875 0.0164013671875
2 0.9744064331054687 0.9017996215820312 0.0188751220703125 0.0105712890625
2 0.9937911987304687 0.902637939453125 0.0188751220703125 0.0105712890625
