4 0.1221966552734375 0.06497650146484375 0.025771484375 0.02150146484375
2 0.007069549560546875 0.4546418762207031 0.01489227294921875 0.01136383056640625
2 0.0979595947265625 0.4326863098144531 0.01781005859375 0.013292236328125
2 0.1647344970703125 0.39726287841796876 0.01781005859375 0.013292236328125
2 0.2423748779296875 0.3651202392578125 0.01781005859375 0.01329193115234375
2 0.392840576171875 0.2829768371582031 0.01781005859375 0.013292236328125
2 0.545980224609375 0.2058331298828125 0.0178106689453125 0.013292236328125
2 0.6403521728515625 0.16410247802734376 0.01781005859375 0.01329193115234375
2 0.7083074951171875 0.1374945068359375 0.01781005859375 0.01329193115234375
2 0.8937969970703125 0.05671356201171875 0.0178106689453125 0.013292236328125
