2 0.06600814819335937 0.7188151550292968 0.0293731689453125 0.0267669677734375
2 0.0267669677734375 0.9260652160644531 0.0272869873046875 0.02517852783203125
2 0.23922210693359375 0.7623968505859375 0.0312457275390625 0.0246539306640625
2 0.4108526611328125 0.6040455627441407 0.0222869873046875 0.02895263671875
2 0.07378372192382812 0.3588230895996094 0.0282537841796875 0.032238006591796875
2 0.08764450073242187 0.35433082580566405 0.02466033935546875 0.027608795166015623
2 0.03451263427734375 0.3799981689453125 0.02928070068359375 0.0328570556640625
2 0.027903289794921876 0.4443524932861328 0.025133056640625 0.028902587890625
2 0.0664044189453125 0.4417860412597656 0.025133056640625 0.028902740478515626
2 0.03663070678710938 0.536094970703125 0.02520751953125 0.03005950927734375
2 0.11163135528564454 0.5355851745605469 0.025207672119140625 0.030059814453125
2 0.1485791015625 0.6520732116699218 0.0307708740234375 0.026187744140625
2 0.32462493896484373 0.2030889129638672 0.0232794189453125 0.030023040771484374
2 0.414197998046875 0.23473648071289063 0.0290740966796875 0.023607330322265627
2 0.4353997802734375 0.19395309448242187 0.0290740966796875 0.023607330322265627
2 0.42943359375 0.20916923522949218 0.02774169921875 0.021738128662109377
2 0.3860772705078125 0.2764031219482422 0.0290740966796875 0.02360748291015625
2 0.37073455810546874 0.30265800476074217 0.0287176513671875 0.022628631591796875
2 0.42347412109375 0.2800839233398438 0.0290740966796875 0.023607330322265627
2 0.43366302490234376 0.2686139678955078 0.03623779296875 0.02883544921875
2 0.4506771850585938 0.23969367980957032 0.0325726318359375 0.026354522705078126
2 0.20157562255859374 0.07496932983398437 0.0229498291015625 0.029357147216796876
2 0.21427520751953125 0.08277236938476562 0.0229498291015625 0.02935699462890625
2 0.256961669921875 0.10817008972167969 0.0229498291015625 0.02935699462890625
2 0.35341400146484375 0.9676358032226563 0.02608642578125 0.02665924072265625
2 0.5734115600585937 0.9402497863769531 0.0230218505859375 0.02888092041015625
2 0.48747344970703127 0.969244384765625 0.0248345947265625 0.03171478271484375
2 0.528416748046875 0.6777970886230469 0.0220709228515625 0.03048553466796875
2 0.5875274658203125 0.5790988159179687 0.0220709228515625 0.03048553466796875
2 0.6062908935546875 0.5436550903320313 0.0220416259765625 0.03009765625
2 0.5244033813476563 0.44156707763671876 0.0246746826171875 0.03070587158203125
2 0.5376577758789063 0.803846435546875 0.025279541015625 0.01730682373046875
2 0.5617181396484375 0.7552938842773438 0.0250103759765625 0.01679779052734375
2 0.6411984252929688 0.6043572998046876 0.0400006103515625 0.01823822021484375
2 0.7007101440429687 0.49931884765625 0.0299774169921875 0.0141064453125
2 0.730255126953125 0.51433837890625 0.03542236328125 0.01497772216796875
2 0.7009994506835937 0.565184326171875 0.0288592529296875 0.01415374755859375
2 0.6448715209960938 0.6644258117675781 0.0288592529296875 0.014154052734375
2 0.6405328369140625 0.6834059143066407 0.0288592529296875 0.01415374755859375
2 0.6026416015625 0.7339889526367187 0.0336004638671875 0.014886474609375
2 0.5963357543945312 0.7517355346679687 0.0288592529296875 0.014154052734375
2 0.5792535400390625 0.7845448303222656 0.0288592529296875 0.01415374755859375
2 0.5507357788085937 0.822581787109375 0.0294940185546875 0.016170654296875
2 0.6439804077148438 0.7352223205566406 0.023590087890625 0.0305169677734375
2 0.6303683471679687 0.8361111450195312 0.0220721435546875 0.0320684814453125
2 0.669576416015625 0.7593038940429687 0.022178955078125 0.03015533447265625
2 0.68855712890625 0.7264944458007813 0.022178955078125 0.030155029296875
2 0.6983181762695313 0.7056163024902343 0.022178955078125 0.03015533447265625
2 0.7682748413085938 0.5825144958496093 0.022178955078125 0.03015533447265625
2 0.7582421875 0.5995965576171876 0.0221783447265625 0.03015472412109375
2 0.74929443359375 0.619661865234375 0.022178955078125 0.03015533447265625
2 0.7376348876953125 0.6337617492675781 0.022178955078125 0.03015533447265625
2 0.7255252075195312 0.6497474670410156 0.0239892578125 0.03645965576171875
2 0.708350830078125 0.6898893737792968 0.022178955078125 0.030155029296875
2 0.6762472534179688 0.7380693054199219 0.0214208984375 0.0287860107421875
2 0.6591653442382812 0.7818603515625 0.0219635009765625 0.03011474609375
2 0.6184921264648438 0.8518168640136718 0.021962890625 0.0301141357421875
2 0.6542843627929688 0.8496475219726562 0.0219635009765625 0.0300830078125
2 0.6637738037109375 0.8320228576660156 0.021962890625 0.03011444091796875
2 0.6741659545898437 0.8125372314453125 0.0237664794921875 0.03137939453125
2 0.6836453247070312 0.7965927124023438 0.0237432861328125 0.03452606201171875
2 0.7143167114257812 0.7400521850585937 0.022178955078125 0.03015533447265625
2 0.7224508666992188 0.7199873352050781 0.022178955078125 0.030155029296875
2 0.7544464111328125 0.6668417358398437 0.0221783447265625 0.03015472412109375
2 0.7868978881835937 0.6622279357910156 0.02463134765625 0.03373291015625
2 0.7017355346679688 0.8530369567871093 0.0253997802734375 0.02630157470703125
2 0.8213067626953126 0.46236993789672853 0.0255255126953125 0.03186164855957031
2 0.7815960693359375 0.40339500427246094 0.0254290771484375 0.03130767822265625
2 0.7953530883789063 0.4490557861328125 0.028316650390625 0.03613998413085937
2 0.9543240356445313 0.4029183197021484 0.0258514404296875 0.031741485595703126
2 0.9899270629882813 0.4496957397460937 0.0258514404296875 0.031741485595703126
2 0.6046981811523438 0.28960250854492187 0.023912353515625 0.030818328857421876
2 0.6527182006835938 0.247630615234375 0.023912353515625 0.030818328857421876
2 0.6831442260742188 0.23791664123535156 0.023912353515625 0.0308184814453125
2 0.799124755859375 0.211868896484375 0.03739990234375 0.026775665283203125
2 0.7248208618164063 0.058792648315429685 0.030621337890625 0.04124908447265625
2 0.830118408203125 0.014603843688964844 0.02334716796875 0.029521026611328126
2 0.461583251953125 0.12924400329589844 0.0213525390625 0.02720458984375
2 0.9229495239257812 0.28089897155761717 0.03043701171875 0.024431915283203126
2 0.9371658325195312 0.31584213256835936 0.028074951171875 0.023116455078125
2 0.05176651000976563 0.3569950103759766 0.02532257080078125 0.028126983642578124
