4 0.8241976928710938 0.8792730712890625 0.0271942138671875 0.0196844482421875
4 0.8307284545898438 0.8712025451660156 0.0237042236328125 0.0189044189453125
4 0.837708740234375 0.8645646667480469 0.022242431640625 0.01932159423828125
4 0.8438812255859375 0.8572128295898438 0.023695068359375 0.0222021484375
4 0.8528570556640624 0.8475831604003906 0.017537841796875 0.0229693603515625
4 0.8596795654296875 0.8364286804199219 0.0194146728515625 0.02173858642578125
4 0.868685302734375 0.8208049011230468 0.0252978515625 0.02625
4 0.8774893188476562 0.8128515625 0.0251092529296875 0.02428985595703125
4 0.904801025390625 0.8388787841796875 0.0351715087890625 0.03382293701171875
4 0.8971798706054688 0.8580146789550781 0.0261151123046875 0.02801116943359375
4 0.909925537109375 0.8565830993652344 0.02411376953125 0.020633544921875
4 0.9206317138671875 0.8239244079589844 0.026912841796875 0.02365509033203125
4 0.9189785766601563 0.8364622497558594 0.02355224609375 0.0202374267578125
4 0.837694091796875 0.79005126953125 0.0231536865234375 0.026461181640625
4 0.8458114624023437 0.7970462036132813 0.0226556396484375 0.02591766357421875
4 0.733465576171875 0.8058763122558594 0.02488525390625 0.02177978515625
4 0.74310791015625 0.8003961181640625 0.0217083740234375 0.0194183349609375
4 0.7544338989257813 0.7945681762695312 0.0300579833984375 0.029556884765625
4 0.7062448120117187 0.7904768371582032 0.0221905517578125 0.02832122802734375
4 0.8140545654296875 0.9008235168457032 0.02578369140625 0.0129083251953125
4 0.8497894287109375 0.9004721069335937 0.02607666015625 0.02123992919921875
4 0.8600506591796875 0.8871621704101562 0.0241632080078125 0.02268798828125
4 0.5963259887695312 0.6443869018554688 0.0268536376953125 0.0324078369140625
4 0.6082357788085937 0.6542581176757812 0.0249176025390625 0.03121185302734375
4 0.6193463134765625 0.6614149475097656 0.0224505615234375 0.0250640869140625
4 0.5615484619140625 0.5812596130371094 0.026182861328125 0.02077056884765625
4 0.5835360717773438 0.5431034851074219 0.0240814208984375 0.02494720458984375
4 0.5876824951171875 0.5310336303710937 0.0246044921875 0.02403228759765625
4 0.63 0.5697206115722656 0.023160400390625 0.026031494140625
4 0.6735348510742187 0.5220503234863281 0.0260943603515625 0.0290203857421875
4 0.8225408935546875 0.6960366821289062 0.021348876953125 0.01930267333984375
4 0.828931884765625 0.6857400512695313 0.0190118408203125 0.01801055908203125
4 0.8375146484375 0.6751789855957031 0.022769775390625 0.01918548583984375
4 0.8474630737304687 0.6668089294433593 0.02272705078125 0.01959716796875
4 0.8546115112304687 0.6572093200683594 0.0244677734375 0.0209844970703125
4 0.8852523803710938 0.6156051635742188 0.02009521484375 0.0167974853515625
4 0.8959796142578125 0.6074380493164062 0.02250732421875 0.02009002685546875
4 0.9033432006835938 0.5973933410644531 0.02947509765625 0.02560699462890625
4 0.912353515625 0.5873258972167968 0.025845947265625 0.02331573486328125
4 0.91941162109375 0.57564208984375 0.0268475341796875 0.0239971923828125
4 0.928341064453125 0.5657740783691406 0.033106689453125 0.02857452392578125
4 0.9377938842773438 0.5559605407714844 0.0291314697265625 0.02504241943359375
4 0.9451669311523437 0.542945556640625 0.03014892578125 0.02657745361328125
4 0.96108642578125 0.5181562805175781 0.0246173095703125 0.02160247802734375
4 0.9671322631835938 0.507197265625 0.027060546875 0.02358978271484375
4 0.9761273193359375 0.4967779541015625 0.0250103759765625 0.0222735595703125
4 0.983548583984375 0.4857417297363281 0.025859375 0.022762451171875
4 0.9932479858398438 0.47591352462768555 0.0245697021484375 0.022325210571289063
4 0.9464157104492188 0.9431434631347656 0.022550048828125 0.0153106689453125
4 0.9765072631835937 0.9707366943359375 0.027210693359375 0.02233734130859375
4 0.9665933227539063 0.9778567504882812 0.01939697265625 0.0165545654296875
4 0.9444183349609375 0.962572021484375 0.01746337890625 0.0158795166015625
4 0.9690142822265625 0.9010952758789063 0.043045654296875 0.04078582763671875
4 0.9584271240234375 0.9153184509277343 0.0339605712890625 0.03265167236328125
4 0.9875885009765625 0.822626953125 0.019937744140625 0.02217132568359375
