2 0.2898268699645996 0.010781707763671875 0.020352745056152345 0.01998809814453125
2 0.2450774574279785 0.09371734619140625 0.01599254608154297 0.0193914794921875
2 0.2519392013549805 0.0999822998046875 0.015992507934570313 0.0193914794921875
2 0.26029232025146487 0.1050537109375 0.015992584228515624 0.0193914794921875
2 0.26804897308349607 0.11251220703125 0.015992507934570313 0.0193914794921875
2 0.2755072402954102 0.11489898681640626 0.015992507934570313 0.0193914794921875
2 0.3309964370727539 0.0946124267578125 0.016408309936523438 0.00925323486328125
2 0.408204231262207 0.0895703125 0.018675537109375 0.02482086181640625
2 0.4227326965332031 0.15084747314453126 0.017059173583984375 0.02565673828125
2 0.33174217224121094 0.10400955200195312 0.016706466674804688 0.0071600341796875
2 0.33174217224121094 0.11325775146484375 0.016706466674804688 0.0071600341796875
2 0.3326371383666992 0.1219091796875 0.016706390380859373 0.00715972900390625
2 0.3320404815673828 0.12996414184570312 0.016706390380859373 0.00715972900390625
2 0.333830451965332 0.1410015869140625 0.016706390380859373 0.007159423828125
2 0.334725456237793 0.15024993896484376 0.016706466674804688 0.0071600341796875
2 0.33532211303710935 0.158006591796875 0.016706466674804688 0.0071600341796875
2 0.2959427261352539 0.15949859619140624 0.016706466674804688 0.007159423828125
2 0.2968376922607422 0.16785186767578125 0.016706466674804688 0.007159423828125
2 0.2971360397338867 0.177099609375 0.01670642852783203 0.0071600341796875
2 0.2974343681335449 0.1881378173828125 0.01670642852783203 0.0071600341796875
2 0.29847265243530274 0.2804608154296875 0.01699291229248047 0.008673095703125
2 0.2966825675964355 0.2686871337890625 0.015203170776367188 0.007757568359375
2 0.3448687744140625 0.3778759765625 0.016958999633789062 0.013126220703125
2 0.349045524597168 0.3853341674804687 0.016959075927734376 0.013126220703125
2 0.35322200775146484 0.39368682861328125 0.016959075927734376 0.013126220703125
2 0.35739845275878906 0.402041015625 0.016958999633789062 0.013126220703125
2 0.3618734359741211 0.4109906005859375 0.016959075927734376 0.013126220703125
2 0.39618152618408203 0.3936871337890625 0.016959075927734376 0.013126220703125
2 0.3761934280395508 0.435155029296875 0.016959075927734376 0.013126220703125
2 0.38484500885009765 0.45335296630859373 0.016959075927734376 0.013126220703125
2 0.4051313781738281 0.4915402221679688 0.016958999633789062 0.013126220703125
2 0.41766101837158204 0.4342596435546875 0.016959075927734376 0.013126220703125
2 0.41348461151123045 0.4250128173828125 0.016959075927734376 0.013126220703125
2 0.4901550674438477 0.5186871337890625 0.016959075927734376 0.013126220703125
2 0.5247614669799805 0.498997802734375 0.016959075927734376 0.013126220703125
2 0.6139616012573242 0.6633770751953125 0.01818565368652344 0.01372314453125
2 0.616646614074707 0.6708349609375 0.01818565368652344 0.01372314453125
2 0.6205253982543946 0.6794869995117188 0.01818565368652344 0.01372314453125
2 0.6264915084838867 0.68783935546875 0.01818565368652344 0.01372314453125
2 0.6303699874877929 0.6952981567382812 0.01818565368652344 0.01372314453125
2 0.6354415893554688 0.7042483520507813 0.018185577392578124 0.01372314453125
2 0.6437948703765869 0.7218496704101562 0.018185691833496095 0.01372314453125
2 0.5838303756713867 0.6926129150390625 0.01818565368652344 0.01372314453125
2 0.5871123886108398 0.7003695678710937 0.01818565368652344 0.01372314453125
2 0.5915870285034179 0.7078280639648438 0.01818565368652344 0.01372314453125
2 0.5966585922241211 0.7155844116210938 0.01818565368652344 0.01372314453125
2 0.6005369949340821 0.7245339965820312 0.01818565368652344 0.01372314453125
2 0.6050117874145508 0.73348388671875 0.01818565368652344 0.01372314453125
2 0.6109782791137696 0.7427322387695312 0.018185882568359374 0.01372314453125
2 0.6751190185546875 0.7779351806640625 0.018185577392578124 0.01372314453125
2 0.6700476837158204 0.7698809814453125 0.01818572998046875 0.01372314453125
2 0.8603025817871094 0.8063140869140625 0.020724639892578126 0.0202117919921875
2 0.6897374725341797 0.8841409301757812 0.019268951416015624 0.0161102294921875
2 0.9295546722412109 0.7961434936523437 0.017382354736328126 0.019073486328125
2 0.9461705780029297 0.807987060546875 0.0211431884765625 0.0204449462890625
2 0.7789268493652344 0.79141845703125 0.02209930419921875 0.018978271484375
2 0.8659709167480468 0.8143685913085937 0.0207244873046875 0.0202117919921875
2 0.8792430114746094 0.8289901733398437 0.021015625 0.0197698974609375
2 0.6948092651367187 0.8924948120117188 0.019268951416015624 0.0161102294921875
2 0.7001792144775391 0.899654541015625 0.019268341064453125 0.016109619140625
2 0.7058474731445312 0.9071121215820312 0.019268341064453125 0.016109619140625
2 0.7091287231445312 0.9148687744140624 0.019268341064453125 0.016109619140625
2 0.7118138885498047 0.924415283203125 0.019268341064453125 0.016109619140625
2 0.7153935241699219 0.9336636352539063 0.019268951416015624 0.0161102294921875
2 0.8020584106445312 0.9506683349609375 0.01822509765625 0.0119329833984375
