5 0.3435541534423828 0.8179977416992188 0.00689117431640625 0.0265045166015625
5 0.33217941284179686 0.8186227416992188 0.00689117431640625 0.0265045166015625
5 0.32530433654785157 0.8186227416992188 0.00689117431640625 0.0265045166015625
5 0.240625 0.8084371948242187 0.006003875732421875 0.026875
5 0.25631256103515626 0.8194999694824219 0.00662506103515625 0.01475006103515625
5 0.2082500457763672 0.81875 0.006750030517578125 0.024696044921875
5 0.30062423706054686 0.7474520874023437 0.006251678466796875 0.02640380859375
5 0.28924911499023437 0.7453269958496094 0.006251678466796875 0.02640411376953125
5 0.2596241760253906 0.7443272399902344 0.006251678466796875 0.02640380859375
5 0.2527490234375 0.7434516906738281 0.006251678466796875 0.02640411376953125
5 0.19699913024902344 0.7459523010253907 0.006251678466796875 0.02640411376953125
5 0.1903742218017578 0.7457020568847657 0.006251678466796875 0.02640380859375
5 0.17999923706054688 0.7452020263671875 0.006251678466796875 0.02640380859375
5 0.17249923706054687 0.7449520874023438 0.006251678466796875 0.02640380859375
5 0.13437416076660155 0.8248271179199219 0.006251678466796875 0.02640380859375
5 0.14212417602539062 0.8243269348144531 0.006251678466796875 0.02640380859375
5 0.5111247253417969 0.6244371032714844 0.01850006103515625 0.0048748779296875
5 0.511624755859375 0.6186872863769531 0.018499755859375 0.0048748779296875
5 0.5118746948242188 0.6134371948242188 0.01850006103515625 0.0048748779296875
