5 0.651002197265625 0.36013031005859375 0.010655517578125 0.0294903564453125
5 0.7684844970703125 0.03860305786132812 0.0430963134765625 0.0130755615234375
5 0.802330322265625 0.03799163818359375 0.02074951171875 0.01144012451171875
5 0.82572998046875 0.03847503662109375 0.0208282470703125 0.0115960693359375
5 0.8688726806640625 0.04197296142578125 0.0396246337890625 0.0108270263671875
5 0.9927484130859375 0.009653816223144531 0.021900634765625 0.020055084228515624
6 0.7423611450195312 0.15578704833984375 0.0384259033203125 0.039351806640625
6 0.7425369262695313 0.25802703857421877 0.0384259033203125 0.039351806640625
2 0.7072113037109375 0.37764801025390626 0.0175 0.00918670654296875
6 0.7468572998046875 0.491063232421875 0.03474609375 0.0338116455078125
2 0.8386581420898438 0.41858245849609377 0.0190826416015625 0.0212945556640625
