2 0.08844146728515626 0.2052902603149414 0.0205328369140625 0.011294441223144531
2 0.19015167236328126 0.5137328338623047 0.0151885986328125 0.015263900756835938
5 0.15270477294921875 0.6643251800537109 0.009197998046875 0.01982666015625
5 0.15501190185546876 0.8059722900390625 0.0087030029296875 0.031812744140625
2 0.538585205078125 0.03768087387084961 0.01769775390625 0.00944533348083496
2 0.68927978515625 0.4121649932861328 0.00795654296875 0.017797317504882813
2 0.6892431640625 0.4437677001953125 0.00795654296875 0.017797317504882813
2 0.6886883544921875 0.4644782638549805 0.00795654296875 0.017797317504882813
2 0.6872259521484375 0.5257749557495117 0.00795654296875 0.017797317504882813
2 0.6877081298828125 0.5438921737670899 0.00795654296875 0.017797317504882813
2 0.6874127197265625 0.5634357452392578 0.00795654296875 0.017797317504882813
2 0.736422119140625 0.8916719055175781 0.01310546875 0.015406494140625
2 0.7139483642578125 0.8895710754394531 0.0153515625 0.01935760498046875
2 0.7400726318359375 0.9484516906738282 0.015394287109375 0.01715423583984375
2 0.80588623046875 0.9501486968994141 0.01488037109375 0.019270172119140627
2 0.9751849365234375 0.8861824798583985 0.010867919921875 0.02221038818359375
2 0.9388116455078125 0.8879253387451171 0.015499267578125 0.018201751708984373
2 0.8631195068359375 0.8883805084228515 0.015498046875 0.018201141357421874
2 0.832314453125 0.9062664794921875 0.01831298828125 0.0221990966796875
2 0.810831298828125 0.905459976196289 0.015498046875 0.018201141357421874
2 0.80072021484375 0.9049443054199219 0.016685791015625 0.020946044921875
2 0.8759954833984375 0.5905597686767579 0.017490234375 0.00912628173828125
2 0.87449462890625 0.571934928894043 0.017490234375 0.009126358032226563
2 0.873121337890625 0.5539347076416016 0.017490234375 0.00912628173828125
2 0.8481201171875 0.5541848754882812 0.017490234375 0.00912628173828125
2 0.841749267578125 0.5825624465942383 0.02 0.00940521240234375
2 0.9289385986328125 0.36268756866455076 0.0166015625 0.007624969482421875
