4 0.06679107666015625 0.5693056106567382 0.0315655517578125 0.035003585815429686
4 0.08535003662109375 0.5564693450927735 0.0358221435546875 0.035470199584960935
4 0.487882080078125 0.5875319290161133 0.061630859375 0.0592852783203125
4 0.505955810546875 0.601738624572754 0.07629150390625 0.07160858154296874
4 0.5672906494140625 0.6500083160400391 0.06753662109375 0.0645806884765625
4 0.705372314453125 0.6484983825683593 0.0739013671875 0.06454971313476562
4 0.692352294921875 0.668402099609375 0.078038330078125 0.0624749755859375
4 0.6487603759765626 0.6683493041992188 0.034169921875 0.027515869140625
4 0.629102783203125 0.6957710266113282 0.018277587890625 0.0153619384765625
4 0.7496795654296875 0.6789143371582032 0.051578369140625 0.061036376953125
4 0.777681884765625 0.7135214233398437 0.027835693359375 0.0343157958984375
4 0.841494140625 0.77920166015625 0.03685546875 0.0284521484375
4 0.8708172607421875 0.7848421478271485 0.024212646484375 0.03172225952148437
4 0.884842529296875 0.7910518646240234 0.0283935546875 0.035327911376953125
4 0.8925836181640625 0.8048652648925781 0.02484619140625 0.02967742919921875
4 0.9149530029296875 0.8202306365966797 0.021749267578125 0.0284075927734375
4 0.9097576904296875 0.7195857238769531 0.039520263671875 0.021738433837890626
4 0.91095703125 0.7000187683105469 0.03701904296875 0.021200103759765623
4 0.93496337890625 0.7547727203369141 0.0159228515625 0.03076904296875
4 0.95471923828125 0.7537989044189453 0.016885986328125 0.029199066162109374
4 0.970899658203125 0.7569834136962891 0.0151025390625 0.029599456787109374
4 0.985255126953125 0.7596021270751954 0.010595703125 0.028745880126953127
4 0.923975830078125 0.6629658508300781 0.03894287109375 0.02403076171875
4 0.914000244140625 0.639789743423462 0.06252685546875 0.03302597045898437
4 0.9256671142578125 0.6225021743774414 0.057103271484375 0.03408683776855469
4 0.9379107666015625 0.6010057830810547 0.04320556640625 0.02184814453125
4 0.9695416259765625 0.6134429550170899 0.0159619140625 0.020582351684570312
4 0.80216552734375 0.9476349639892578 0.00888916015625 0.022562713623046876
4 0.7472955322265625 0.9542500305175782 0.033759765625 0.02125335693359375
4 0.784552001953125 0.966814193725586 0.027919921875 0.0168133544921875
4 0.719278564453125 0.8179582214355469 0.05198974609375 0.06431838989257813
4 0.3631964111328125 0.7145116424560547 0.069547119140625 0.0555572509765625
4 0.6122137451171875 0.7368125152587891 0.032769775390625 0.035465240478515625
4 0.5857659912109375 0.7378718566894531 0.020567626953125 0.023212432861328125
4 0.58945556640625 0.7589604949951172 0.02152587890625 0.020408172607421875
