0 0.5072674560546875 0.42000694274902345 0.033485107421875 0.04280685424804687
0 0.549530029296875 0.5013906860351562 0.033486328125 0.0428076171875
0 0.0182989501953125 0.11841064453125 0.03077392578125 0.03983108520507812
0 0.04016815185546875 0.16211479187011718 0.0334857177734375 0.0428070068359375
0 0.06164886474609375 0.20132293701171874 0.0334857177734375 0.0428070068359375
0 0.08183502197265625 0.24415428161621094 0.0334857177734375 0.04280670166015625
0 0.10383232116699219 0.2869854736328125 0.03348541259765625 0.04280731201171875
0 0.2928021240234375 0.6586766052246094 0.033485107421875 0.04280670166015625
0 0.1667401123046875 0.4113661956787109 0.03077392578125 0.03983123779296875
0 0.18744384765625 0.4517388916015625 0.03077392578125 0.03983123779296875
0 0.2093133544921875 0.49544342041015627 0.033486328125 0.0428076171875
0 0.23079345703125 0.5346511840820313 0.033485107421875 0.04280670166015625
0 0.25097900390625 0.5774824523925781 0.033486328125 0.0428076171875
0 0.272978515625 0.620313720703125 0.033486328125 0.0428076171875
0 0.3282635498046875 0.06525566101074219 0.03077392578125 0.039830780029296874
0 0.35013427734375 0.10896011352539063 0.033485107421875 0.0428070068359375
0 0.3716143798828125 0.14816787719726562 0.033486328125 0.04280776977539062
0 0.391800537109375 0.1909991455078125 0.033486328125 0.04280776977539062
0 0.4137982177734375 0.23383026123046874 0.033485107421875 0.04280670166015625
0 0.4336224365234375 0.27219314575195314 0.033486328125 0.04280776977539062
0 0.3073162841796875 0.02437469482421875 0.033486328125 0.04280776977539062
0 0.1249591064453125 0.3262355804443359 0.033486328125 0.04280731201171875
0 0.5690875244140625 0.5413099670410156 0.033485107421875 0.04280670166015625
0 0.590054931640625 0.5824391174316407 0.033486328125 0.0428076171875
0 0.612232666015625 0.62618896484375 0.033485107421875 0.04280670166015625
0 0.633604736328125 0.6689311218261719 0.033486328125 0.0428076171875
0 0.734412841796875 0.4367455291748047 0.043221435546875 0.03721588134765625
0 0.7545050048828125 0.48078643798828125 0.04322021484375 0.037215576171875
0 0.774290771484375 0.5215373229980469 0.043221435546875 0.03721588134765625
0 0.796256103515625 0.5644564819335938 0.04322021484375 0.03721649169921875
0 0.81894287109375 0.6057856750488281 0.04322021484375 0.03721588134765625
0 0.838162841796875 0.6474046325683593 0.04322021484375 0.0372161865234375
0 0.294613037109375 0.23702499389648438 0.04322021484375 0.03721572875976562
0 0.1888128662109375 0.027595138549804686 0.04322021484375 0.03721572875976562
0 0.211790771484375 0.06807998657226562 0.043221435546875 0.03721588134765625
0 0.2337567138671875 0.1109990692138672 0.043221435546875 0.03721588134765625
0 0.2527740478515625 0.1542852783203125 0.04322021484375 0.0372161865234375
0 0.275662841796875 0.19394683837890625 0.04322021484375 0.03721603393554687
0 0.4429412841796875 0.5279510498046875 0.04322021484375 0.03721588134765625
0 0.317125244140625 0.28009628295898437 0.043221435546875 0.03721588134765625
0 0.3356207275390625 0.32041412353515625 0.04322021484375 0.03721572875976562
0 0.3585992431640625 0.36089889526367186 0.043221435546875 0.03721588134765625
0 0.3805645751953125 0.40381828308105466 0.043221435546875 0.03721588134765625
0 0.4224713134765625 0.48676620483398436 0.04322021484375 0.0372161865234375
0 0.4618243408203125 0.5681108093261719 0.04322021484375 0.03721588134765625
0 0.8610284423828125 0.6877915954589844 0.043221435546875 0.03721588134765625
0 0.4833673095703125 0.6101319885253906 0.043221435546875 0.03721588134765625
0 0.508367919921875 0.6537490844726562 0.043221435546875 0.03721588134765625
0 0.528580322265625 0.6960365295410156 0.043221435546875 0.03721588134765625
