2 0.019636383056640627 0.12417892456054687 0.02933441162109375 0.02659088134765625
2 0.028803863525390626 0.13832763671875 0.03342987060546875 0.0294775390625
2 0.018077392578125 0.015810699462890626 0.02933441162109375 0.02659027099609375
2 0.10441116333007812 0.00976787567138672 0.0281842041015625 0.021224822998046875
2 0.107789306640625 0.029452972412109375 0.02818389892578125 0.02460296630859375
2 0.0786773681640625 0.04582077026367187 0.03027496337890625 0.02615325927734375
2 0.0788720703125 0.00855396270751953 0.0304052734375 0.020182342529296876
3 0.10317047119140625 0.10719818115234375 0.05625640869140625 0.0459979248046875
2 0.1674896240234375 0.013383636474609375 0.02854736328125 0.0246881103515625
2 0.16757766723632814 0.0529766845703125 0.03074859619140625 0.02918182373046875
2 0.19576507568359375 0.010897064208984375 0.02770416259765625 0.02309326171875
2 0.18282257080078124 0.09108642578125 0.0366424560546875 0.03229339599609375
2 0.19659576416015626 0.0461279296875 0.0366424560546875 0.0322930908203125
2 0.34414947509765625 0.07391204833984374 0.0282159423828125 0.02308441162109375
2 0.34575180053710936 0.09096450805664062 0.02575286865234375 0.02241912841796875
2 0.34615402221679686 0.11187637329101563 0.02909576416015625 0.0246881103515625
2 0.3498374938964844 0.12692047119140626 0.0286773681640625 0.024111328125
2 0.3497802734375 0.16562973022460936 0.0306414794921875 0.02528839111328125
2 0.34438003540039064 0.18643173217773437 0.02867706298828125 0.02411102294921875
2 0.3537356567382812 0.19630722045898438 0.0286773681640625 0.024111328125
2 0.35139663696289064 0.21787689208984376 0.02867767333984375 0.02411102294921875
2 0.3516566467285156 0.23684783935546874 0.02867767333984375 0.02411102294921875
2 0.3743502807617187 0.09056625366210938 0.02538116455078125 0.02260894775390625
2 0.3739704895019531 0.10702545166015626 0.030125732421875 0.026260986328125
2 0.3691241455078125 0.13372650146484374 0.036700439453125 0.0318115234375
2 0.3755195617675781 0.14669937133789063 0.02858642578125 0.02446441650390625
2 0.3781182861328125 0.18230239868164064 0.02858642578125 0.02446441650390625
2 0.37712142944335936 0.21930511474609374 0.032308349609375 0.02748779296875
2 0.37561279296875 0.16505599975585938 0.0318914794921875 0.02605804443359375
2 0.45971923828125 0.0235186767578125 0.0281256103515625 0.0246881103515625
2 0.43399169921875 0.024298095703125 0.02812591552734375 0.0246881103515625
2 0.4352911376953125 0.008445968627929687 0.0281256103515625 0.01949066162109375
2 0.43671401977539065 0.06300827026367188 0.03039306640625 0.02622467041015625
2 0.4345118713378906 0.07887237548828124 0.02812591552734375 0.0246881103515625
2 0.4346353149414062 0.0962725830078125 0.03039337158203125 0.02622467041015625
2 0.4347712707519531 0.11863265991210938 0.02812591552734375 0.0246881103515625
2 0.43301116943359375 0.15314498901367188 0.0305474853515625 0.026663818359375
2 0.43483001708984376 0.13495361328125 0.03054779052734375 0.02666412353515625
2 0.4337907409667969 0.18848770141601562 0.030548095703125 0.02666412353515625
2 0.439508056640625 0.24981857299804688 0.0305474853515625 0.026663818359375
2 0.4636174011230469 0.1365643310546875 0.0281256103515625 0.0246881103515625
2 0.5293711853027344 0.02654998779296875 0.031175537109375 0.02694183349609375
2 0.525732421875 0.05071807861328125 0.031175537109375 0.02694183349609375
3 0.5514714050292969 0.11822113037109375 0.021341552734375 0.07852630615234375
2 0.8392669677734375 0.11356521606445312 0.0272869873046875 0.02517852783203125
2 0.3028387451171875 0.3045989990234375 0.02146240234375 0.029288330078125
2 0.31745620727539064 0.31192306518554686 0.02199676513671875 0.0301898193359375
2 0.15431182861328124 0.29557998657226564 0.0258770751953125 0.009840087890625
2 0.15237442016601563 0.2793394470214844 0.0312481689453125 0.0118212890625
2 0.15368682861328126 0.309830322265625 0.0258770751953125 0.00984039306640625
2 0.15856552124023438 0.3745671081542969 0.02461822509765625 0.01011566162109375
2 0.16068695068359376 0.3577052307128906 0.0258770751953125 0.009840087890625
2 0.15918685913085937 0.3433299255371094 0.0258770751953125 0.009840087890625
2 0.19093704223632812 0.342080078125 0.0258770751953125 0.009840087890625
2 0.18918701171875 0.3265800476074219 0.0258770751953125 0.009840087890625
2 0.26531204223632815 0.309580078125 0.0258770751953125 0.009840087890625
2 0.2658689880371094 0.35756378173828124 0.02473785400390625 0.0113726806640625
2 0.2661189270019531 0.3280638122558594 0.02473785400390625 0.0113726806640625
2 0.2645625305175781 0.34143753051757814 0.021875 0.010625
2 0.16449996948242188 0.4540625 0.02850006103515625 0.0113751220703125
2 0.16037887573242188 0.43978836059570314 0.0335076904296875 0.01307708740234375
2 0.18573226928710937 0.48421005249023436 0.03439849853515625 0.0369354248046875
2 0.24921173095703125 0.4824028015136719 0.0260968017578125 0.0258929443359375
2 0.5943246459960938 0.34136383056640623 0.03613128662109375 0.024017333984375
2 0.5647445678710937 0.5144874572753906 0.0278094482421875 0.01964569091796875
2 0.6029315185546875 0.5376995849609375 0.0239593505859375 0.0310894775390625
2 0.7318983459472657 0.5477320861816406 0.040401611328125 0.02829986572265625
2 0.7589360046386718 0.5094277954101563 0.02970306396484375 0.023052978515625
2 0.5170062255859375 0.4681509399414063 0.03219482421875 0.0246002197265625
2 0.3938134765625 0.6524162292480469 0.0228485107421875 0.02886138916015625
2 0.44780914306640623 0.6858932495117187 0.0228485107421875 0.02886138916015625
2 0.4920855712890625 0.7101913452148437 0.0228485107421875 0.02886138916015625
2 0.5720747375488281 0.6729171752929688 0.0232373046875 0.03051513671875
2 0.5426469421386719 0.6564486694335937 0.0232373046875 0.03051513671875
2 0.6439910888671875 0.7655055236816406 0.0320428466796875 0.02352447509765625
2 0.4855241394042969 0.9656951904296875 0.03204254150390625 0.023524169921875
2 0.40298736572265625 0.8949234008789062 0.03204254150390625 0.02352447509765625
2 0.6281492614746094 0.97084716796875 0.0320428466796875 0.023524169921875
2 0.8044515991210938 0.8097483825683593 0.0234796142578125 0.03011016845703125
2 0.9156582641601563 0.8737551879882812 0.025474853515625 0.03103302001953125
2 0.8197821044921875 0.8154144287109375 0.023822021484375 0.02911285400390625
2 0.8464277648925781 0.8305928039550782 0.0261407470703125 0.0322198486328125
2 0.9309274291992188 0.8803684997558594 0.0234796142578125 0.03011016845703125
2 0.9457666015625 0.8855421447753906 0.023822021484375 0.02911285400390625
2 0.7913589477539062 0.8014515686035156 0.026534423828125 0.03440032958984375
2 0.13701507568359375 0.729869384765625 0.02782470703125 0.03197265625
2 0.23352645874023437 0.6583241271972656 0.02691802978515625 0.03079559326171875
2 0.20696670532226563 0.6619078063964844 0.02691802978515625 0.0307958984375
2 0.181842041015625 0.6168559265136718 0.027259521484375 0.0289361572265625
2 0.10842117309570312 0.8128242492675781 0.03008026123046875 0.03708282470703125
2 0.1348756408691406 0.7706767272949219 0.02691802978515625 0.0307958984375
2 0.13026947021484375 0.8238824462890625 0.02587188720703125 0.0335162353515625
2 0.1817034912109375 0.6998320007324219 0.0248736572265625 0.02813568115234375
2 0.11123428344726563 0.9096711730957031 0.01353912353515625 0.02907257080078125
2 0.15215164184570312 0.3264425659179688 0.02868865966796875 0.0145654296875
2 0.18647552490234376 0.31107391357421876 0.0286883544921875 0.0145654296875
2 0.185963134765625 0.29468048095703125 0.0286883544921875 0.0145654296875
2 0.18442626953125 0.2767500305175781 0.0286883544921875 0.01456573486328125
2 0.189036865234375 0.35718048095703125 0.0286883544921875 0.0145654296875
2 0.26127044677734373 0.2941680908203125 0.0286883544921875 0.0145654296875
2 0.2614088439941406 0.3908781433105469 0.02589141845703125 0.0143389892578125
2 0.2660993957519531 0.4382612609863281 0.021875 0.010625
2 0.26302566528320315 0.4546546936035156 0.021875 0.010625
2 0.15366592407226562 0.6557905578613281 0.027259521484375 0.0289361572265625
2 0.15878875732421874 0.7305854797363281 0.027259521484375 0.0289361572265625
2 0.11165771484375 0.7674708557128906 0.027259521484375 0.0289361572265625
2 0.5147671508789062 0.6457255554199218 0.0232373046875 0.03051513671875
