2 0.03925018310546875 0.8716241455078125 0.0278515625 0.0154803466796875
2 0.3471795654296875 0.91800048828125 0.0332330322265625 0.0141448974609375
2 0.27822540283203123 0.8871844482421875 0.0300885009765625 0.0133837890625
2 0.379720458984375 0.8930014038085937 0.02814697265625 0.0156939697265625
2 0.5313238525390624 0.9304641723632813 0.03004638671875 0.0136944580078125
2 0.6809442138671875 0.9211398315429687 0.0385504150390625 0.018939208984375
2 0.007124099731445312 0.30755462646484377 0.01955535888671875 0.040621337890625
2 0.02160064697265625 0.3151458740234375 0.0311865234375 0.0393060302734375
2 0.04874267578125 0.33514312744140623 0.0317901611328125 0.038973388671875
2 0.09569549560546875 0.36210418701171876 0.0314111328125 0.0400555419921875
2 0.11352264404296875 0.369833984375 0.030784912109375 0.040406494140625
2 0.12761322021484375 0.37975250244140624 0.0311859130859375 0.039305419921875
2 0.090528564453125 0.2493109130859375 0.0262646484375 0.02113037109375
2 0.140826416015625 0.22002960205078126 0.033167724609375 0.0261669921875
2 0.156845703125 0.19314300537109375 0.036473388671875 0.0266461181640625
2 0.16871673583984376 0.163470458984375 0.0367010498046875 0.027957763671875
2 0.1766644287109375 0.14906463623046876 0.0303369140625 0.0242498779296875
2 0.1444647216796875 0.13275096893310548 0.0375445556640625 0.028045501708984375
2 0.13816619873046876 0.14708038330078124 0.02934326171875 0.0235357666015625
2 0.13101715087890625 0.16094512939453126 0.02934326171875 0.0235357666015625
2 0.1255279541015625 0.1768878173828125 0.026934814453125 0.022330322265625
2 0.095863037109375 0.2351715087890625 0.028162841796875 0.0226824951171875
2 0.1082867431640625 0.206624755859375 0.0375439453125 0.028045654296875
2 0.10027069091796875 0.21962310791015624 0.0375439453125 0.028045654296875
2 0.14753082275390625 0.20809173583984375 0.036474609375 0.026646728515625
2 0.13405029296875 0.235035400390625 0.02934326171875 0.0235357666015625
2 0.11763153076171876 0.2847808837890625 0.0292523193359375 0.0175457763671875
2 0.16009552001953126 0.1787371826171875 0.0286639404296875 0.02383056640625
2 0.16691925048828124 0.09186538696289062 0.0368035888671875 0.0277294921875
2 0.20493865966796876 0.09316497802734375 0.0292462158203125 0.02348114013671875
2 0.2116552734375 0.07886688232421875 0.02924560546875 0.0234808349609375
2 0.198223876953125 0.10789657592773437 0.0292462158203125 0.0234814453125
2 0.2271771240234375 0.05217864990234375 0.029962158203125 0.0234808349609375
2 0.22277587890625 0.066077880859375 0.035889892578125 0.026878662109375
2 0.1812176513671875 0.0639190673828125 0.0368035888671875 0.0277294921875
2 0.1740679931640625 0.07919158935546874 0.034522705078125 0.02577972412109375
2 0.19779022216796874 0.03748916625976562 0.0292462158203125 0.0234814453125
2 0.18696044921875 0.28232086181640625 0.030550537109375 0.0246343994140625
2 0.22020904541015626 0.226187744140625 0.0303369140625 0.0242498779296875
2 0.21436370849609376 0.24167022705078126 0.0348272705078125 0.025780029296875
2 0.25779876708984373 0.24621917724609374 0.036473388671875 0.0266461181640625
2 0.230396728515625 0.21535003662109375 0.0303350830078125 0.0242596435546875
2 0.25422088623046873 0.1728948974609375 0.0303369140625 0.0242498779296875
2 0.26397003173828126 0.1603302001953125 0.0303369140625 0.0242498779296875
2 0.2729638671875 0.201484375 0.0275128173828125 0.0215032958984375
2 0.2296356201171875 0.28618896484375 0.0374169921875 0.029029541015625
2 0.21512298583984374 0.31524932861328125 0.030550537109375 0.0246343994140625
2 0.224654541015625 0.3016015625 0.030550537109375 0.024635009765625
2 0.23548736572265624 0.27213836669921876 0.030550537109375 0.0246343994140625
2 0.24631866455078125 0.2600067138671875 0.030550537109375 0.0246343994140625
2 0.208406982421875 0.2574069213867187 0.030550537109375 0.0246343994140625
2 0.19938446044921876 0.2710394287109375 0.0285357666015625 0.02336669921875
2 0.28466217041015623 0.1905438232421875 0.038345947265625 0.0293951416015625
2 0.29114837646484376 0.17639373779296874 0.0280841064453125 0.022449951171875
2 0.259857177734375 0.22802215576171875 0.0334429931640625 0.02447998046875
2 0.24220123291015624 0.18491119384765625 0.036474609375 0.026646728515625
2 0.2668975830078125 0.144183349609375 0.036473388671875 0.026646728515625
2 0.30066192626953125 0.161248779296875 0.0304833984375 0.023515625
2 0.2811956787109375 0.11688690185546875 0.0314129638671875 0.0243206787109375
2 0.28715667724609373 0.1024822998046875 0.0303350830078125 0.02426055908203125
2 0.298526611328125 0.09034881591796876 0.0305462646484375 0.02350921630859375
2 0.30849151611328124 0.1309682846069336 0.03141357421875 0.024320831298828127
2 0.31997406005859375 0.11992019653320313 0.0361785888671875 0.02755950927734375
2 0.30383056640625 0.07562469482421875 0.0303375244140625 0.024249267578125
2 0.3083795166015625 0.06175933837890625 0.0303369140625 0.02424957275390625
2 0.35207611083984375 0.06347030639648438 0.0384246826171875 0.0320928955078125
2 0.33998626708984375 0.07635269165039063 0.0272430419921875 0.021060791015625
2 0.332989501953125 0.01806396484375 0.032313232421875 0.02541900634765625
2 0.3281158447265625 0.03355255126953125 0.0325311279296875 0.0252044677734375
2 0.340987548828125 0.007277145385742188 0.0379119873046875 0.0184716796875
2 0.3792202758789063 0.007756233215332031 0.0303369140625 0.018424835205078125
2 0.3738043212890625 0.021897735595703124 0.0303375244140625 0.02425018310546875
2 0.30331329345703123 0.310596923828125 0.03719970703125 0.0280120849609375
2 0.2955584716796875 0.32536834716796875 0.03719970703125 0.0280120849609375
2 0.32011566162109373 0.28290130615234377 0.03719970703125 0.0280120849609375
2 0.327869873046875 0.26813018798828125 0.03719970703125 0.0280120849609375
2 0.33654815673828126 0.2539129638671875 0.03719970703125 0.0280120849609375
2 0.35335205078125 0.228948974609375 0.0397882080078125 0.030269775390625
2 0.361845703125 0.213531494140625 0.041265869140625 0.0305645751953125
2 0.37329071044921874 0.18430450439453125 0.0372003173828125 0.0280126953125
2 0.40449493408203124 0.12854385375976562 0.0372003173828125 0.02801239013671875
2 0.411075439453125 0.11451339721679688 0.0440850830078125 0.03550811767578125
2 0.4342218017578125 0.07296768188476563 0.03719970703125 0.0280126953125
2 0.44105377197265627 0.060596923828125 0.0372003173828125 0.0280126953125
2 0.466717529296875 0.017022247314453124 0.0372003173828125 0.02801239013671875
2 0.474178466796875 0.006961822509765625 0.0347650146484375 0.01828857421875
2 0.3435137939453125 0.35141510009765625 0.029481201171875 0.0226324462890625
2 0.33431640625 0.3655661010742188 0.029481201171875 0.0226324462890625
2 0.35860870361328123 0.32169830322265625 0.029481201171875 0.022633056640625
2 0.3734674072265625 0.2872381591796875 0.029481201171875 0.0226324462890625
2 0.38867919921875 0.2595254516601562 0.0278302001953125 0.0218719482421875
2 0.38125030517578123 0.27450225830078123 0.029481201171875 0.0226324462890625
2 0.43620330810546876 0.1726416015625 0.029481201171875 0.0226324462890625
2 0.4211080932617188 0.20400970458984374 0.029481201171875 0.022633056640625
2 0.4424526977539063 0.158372802734375 0.0264154052734375 0.0212994384765625
2 0.4567218017578125 0.1290098571777344 0.029481201171875 0.02263275146484375
2 0.461690673828125 0.11161712646484374 0.0290411376953125 0.02275726318359375
2 0.47311309814453123 0.1001177978515625 0.0278302001953125 0.0218719482421875
2 0.4841043090820312 0.07874542236328125 0.0399066162109375 0.030008544921875
2 0.51013916015625 0.03495010375976562 0.0260986328125 0.02132049560546875
2 0.4924945068359375 0.06347076416015625 0.02660400390625 0.02140716552734375
2 0.519969482421875 0.015029144287109376 0.0278302001953125 0.02187225341796875
2 0.405623779296875 0.36589813232421875 0.029481201171875 0.0226324462890625
2 0.412503662109375 0.35208160400390626 0.0314141845703125 0.024322509765625
2 0.42139007568359377 0.337745361328125 0.029481201171875 0.0226324462890625
2 0.42975799560546873 0.32505615234375 0.0299078369140625 0.0242120361328125
2 0.4402529907226562 0.30677642822265627 0.029481201171875 0.0226324462890625
2 0.4489022827148437 0.2946511840820312 0.0299078369140625 0.0242120361328125
2 0.47029815673828124 0.25129486083984376 0.0299078369140625 0.0242120361328125
2 0.4529217529296875 0.2763720703125 0.029481201171875 0.022633056640625
2 0.4796673583984375 0.23357818603515626 0.029481201171875 0.0226324462890625
2 0.48550140380859375 0.21891937255859376 0.0299078369140625 0.02421142578125
2 0.42519561767578123 0.39607452392578124 0.032022705078125 0.0240673828125
2 0.45973114013671873 0.3368212890625 0.031551513671875 0.025625
2 0.4689447021484375 0.3225848388671875 0.030579833984375 0.024356689453125
2 0.47674591064453126 0.30848907470703124 0.0303948974609375 0.0246893310546875
2 0.49399993896484373 0.2785504150390625 0.0294708251953125 0.023193359375
2 0.5015496826171875 0.264302978515625 0.031578369140625 0.0246612548828125
2 0.5080752563476563 0.249552001953125 0.0294708251953125 0.0231927490234375
2 0.5152236938476562 0.23685028076171874 0.0296478271484375 0.023258056640625
2 0.5225997924804687 0.2193743896484375 0.031451416015625 0.024425048828125
2 0.5321157836914062 0.2058819580078125 0.0296484375 0.0232586669921875
2 0.5423333740234375 0.192620849609375 0.0292498779296875 0.023316650390625
2 0.5492889404296875 0.17716552734375 0.0296484375 0.0232586669921875
2 0.5578176879882812 0.162215576171875 0.0292498779296875 0.023316650390625
2 0.56561767578125 0.14675994873046874 0.0296484375 0.0232586669921875
2 0.5342791748046875 0.13243072509765624 0.0300341796875 0.024658203125
2 0.49740386962890626 0.20598876953125 0.029481201171875 0.0226324462890625
2 0.5032373046875 0.1913287353515625 0.0299078369140625 0.0242120361328125
2 0.5264852905273437 0.146197509765625 0.0296484375 0.02325927734375
2 0.5206192016601563 0.16149078369140624 0.0325567626953125 0.02364013671875
2 0.5115640258789063 0.17800994873046874 0.0296484375 0.0232586669921875
2 0.5035894775390625 0.4140203857421875 0.02998291015625 0.016962890625
2 0.5098184204101562 0.3974957275390625 0.028927001953125 0.0148907470703125
2 0.5268411254882812 0.3634234619140625 0.0300341796875 0.0180853271484375
2 0.5531036376953125 0.313880615234375 0.028927001953125 0.0148907470703125
2 0.57069091796875 0.28121826171875 0.031585693359375 0.015604248046875
2 0.5807644653320313 0.2619378662109375 0.028927001953125 0.0148907470703125
2 0.5920611572265625 0.2458404541015625 0.03125 0.0165887451171875
2 0.618348388671875 0.19231353759765624 0.0293499755859375 0.015360107421875
2 0.6536111450195312 0.19664306640625 0.029771728515625 0.014434814453125
2 0.6408444213867187 0.21701995849609376 0.025775146484375 0.014888916015625
2 0.604171142578125 0.28514404296875 0.0302569580078125 0.018310546875
2 0.5956143188476563 0.30229095458984373 0.0273773193359375 0.013154296875
2 0.581878662109375 0.3344873046875 0.0290435791015625 0.01464111328125
2 0.5683642578125 0.3534906005859375 0.0290435791015625 0.01464111328125
2 0.560675048828125 0.3687591552734375 0.0302557373046875 0.018309326171875
2 0.534866943359375 0.42004547119140623 0.032994384765625 0.0179327392578125
2 0.5920913696289063 0.45196868896484377 0.022320556640625 0.0267218017578125
2 0.5967822265625 0.4294818115234375 0.0213848876953125 0.029234619140625
2 0.6085311889648437 0.41560455322265627 0.020760498046875 0.0268157958984375
2 0.5793923950195312 0.4626904296875 0.02161376953125 0.0268157958984375
2 0.6741323852539063 0.2964373779296875 0.0216693115234375 0.0286627197265625
2 0.6845950317382813 0.2808642578125 0.0250177001953125 0.0323583984375
2 0.6626358032226562 0.3138043212890625 0.0250177001953125 0.0323583984375
2 0.7317962646484375 0.22524261474609375 0.024403076171875 0.0321160888671875
2 0.7630447387695313 0.24011993408203125 0.0244000244140625 0.0314215087890625
2 0.8820358276367187 0.08946990966796875 0.026072998046875 0.03206512451171875
2 0.9077276611328124 0.10994659423828125 0.032730712890625 0.02574127197265625
2 0.9136978149414062 0.09468185424804687 0.0315106201171875 0.0257904052734375
2 0.92174560546875 0.08207489013671875 0.0315106201171875 0.02579010009765625
2 0.9295870971679687 0.06716705322265625 0.030831298828125 0.0276287841796875
2 0.9437408447265625 0.054982147216796874 0.0315106201171875 0.02579010009765625
2 0.9513693237304688 0.0401654052734375 0.0291290283203125 0.0240533447265625
2 0.8981292724609375 0.12495864868164062 0.028828125 0.02464935302734375
2 0.9637881469726562 0.08741943359375 0.0348712158203125 0.02495391845703125
2 0.9573504638671875 0.10351425170898437 0.0348712158203125 0.02495361328125
2 0.9514486694335937 0.1163897705078125 0.0348712158203125 0.0249542236328125
2 0.9411526489257812 0.13048583984375 0.0303741455078125 0.023309326171875
2 0.9679071044921875 0.034358978271484375 0.026632080078125 0.0285357666015625
2 0.9878988647460938 0.18400299072265625 0.020999755859375 0.031082763671875
2 0.9649639892578125 0.2093511962890625 0.01964111328125 0.02813232421875
2 0.9783761596679688 0.21592315673828125 0.0205853271484375 0.0316192626953125
2 0.994873046875 0.21873992919921875 0.020213623046875 0.0302783203125
2 0.9446893310546876 0.2782110595703125 0.023497314453125 0.03548583984375
2 0.6041116333007812 0.5147396850585938 0.0409405517578125 0.0274066162109375
2 0.5018353271484375 0.049373016357421876 0.0260986328125 0.02132049560546875
2 0.188175048828125 0.050601043701171876 0.0292462158203125 0.0234814453125
2 0.1171282958984375 0.19370880126953124 0.02934326171875 0.0235357666015625
2 0.2377557373046875 0.20330657958984374 0.030570068359375 0.0257073974609375
2 0.31433868408203125 0.2966876220703125 0.030550537109375 0.0246343994140625
3 0.98294677734375 0.3275732421875 0.031622314453125 0.0462603759765625
