2 0.0360772705078125 0.13659138679504396 0.0222674560546875 0.02893014907836914
2 0.0521905517578125 0.14023955345153807 0.024525146484375 0.030858783721923827
2 0.02283111572265625 0.038249375224113466 0.020111083984375 0.02524996519088745
2 0.03407958984375 0.04774900436401367 0.0228253173828125 0.030592613220214844
2 0.00863861083984375 0.03352310389280319 0.0191265869140625 0.030592657327651977
2 0.013680801391601563 0.4107551193237305 0.02778839111328125 0.023034286499023438
2 0.02508819580078125 0.3974886703491211 0.03594970703125 0.028229446411132814
2 0.05663543701171875 0.3323513031005859 0.0306072998046875 0.024018936157226563
2 0.0843878173828125 0.2781768226623535 0.03060791015625 0.02401905059814453
2 0.0769122314453125 0.29493791580200196 0.038302001953125 0.029573974609375
2 0.06072052001953125 0.31839282512664796 0.0262060546875 0.02310953140258789
2 0.71331298828125 0.6666251373291016 0.02012451171875 0.024983367919921874
2 0.9906808471679688 0.7307127380371093 0.0279742431640625 0.02222625732421875
2 0.9253634643554688 0.7957011413574219 0.0223516845703125 0.0310980224609375
2 0.941077880859375 0.8015939331054688 0.0223516845703125 0.0310980224609375
2 0.9856625366210937 0.8201161193847656 0.0248956298828125 0.03155349731445312
2 0.9277114868164062 0.8359806060791015 0.0242193603515625 0.030895843505859374
2 0.9530685424804688 0.8486592864990234 0.0242193603515625 0.030895843505859374
2 0.9656649780273437 0.8599337768554688 0.0288299560546875 0.04129608154296875
2 0.8769973754882813 0.9288376617431641 0.0242193603515625 0.030895843505859374
2 0.8919644165039062 0.8990180206298828 0.0257147216796875 0.036030731201171874
2 0.88855712890625 0.9371804046630859 0.0250299072265625 0.03421051025390625
2 0.9030059814453125 0.9426371765136718 0.02255859375 0.030082855224609375
2 0.9156854248046875 0.9503155517578125 0.02255859375 0.030082855224609375
2 0.9301492309570313 0.9558515167236328 0.0225592041015625 0.030083160400390625
2 0.9445571899414062 0.9603089904785156 0.0232696533203125 0.030810546875
2 0.9584979248046875 0.968630599975586 0.020924072265625 0.027975311279296877
2 0.9851507568359374 0.9488100433349609 0.0218408203125 0.0288079833984375
2 0.9594644165039062 0.9333929443359374 0.0219921875 0.02892852783203125
2 0.9852685546875 0.9819642639160157 0.0230804443359375 0.030714263916015627
2 0.9685089111328125 0.9788766479492188 0.026195068359375 0.037960662841796874
2 0.5056930541992187 0.6263613510131836 0.0398516845703125 0.027193069458007812
2 0.5220587158203125 0.6708094024658203 0.0384228515625 0.03016387939453125
2 0.51166259765625 0.6871453857421875 0.0384228515625 0.030164031982421874
2 0.47651397705078125 0.6920962524414063 0.0384234619140625 0.03016387939453125
2 0.5012860107421875 0.7250565338134766 0.036976318359375 0.028105010986328127
2 0.4908001708984375 0.7487216186523438 0.034818115234375 0.02681365966796875
2 0.48074127197265626 0.7604523468017578 0.036976318359375 0.028105010986328127
2 0.4341583251953125 0.7698021697998046 0.0388616943359375 0.0298040771484375
2 0.46510009765625 0.7890567779541016 0.03539794921875 0.027826995849609376
2 0.41559356689453125 0.7980197143554687 0.0388616943359375 0.029804229736328125
2 0.3990106201171875 0.8163367462158203 0.0388616943359375 0.0298040771484375
2 0.4512689208984375 0.8167813110351563 0.03892333984375 0.03034088134765625
2 0.433199462890625 0.8440086364746093 0.03892333984375 0.030341033935546876
2 0.42490997314453127 0.8593762969970703 0.0396710205078125 0.03124725341796875
2 0.3808505249023437 0.8571488189697266 0.039671630859375 0.03124755859375
2 0.4159820556640625 0.8747676849365235 0.03765625 0.027692413330078124
2 0.4050839233398438 0.8919271087646484 0.0390899658203125 0.029017486572265626
2 0.397166748046875 0.912196044921875 0.0380938720703125 0.027857208251953126
2 0.3847769165039063 0.9347774505615234 0.0376239013671875 0.029295654296875
2 0.370091552734375 0.9479921722412109 0.036468505859375 0.026788330078125
2 0.3599005126953125 0.9674505615234374 0.0319305419921875 0.025289154052734374
2 0.365504150390625 0.8870989227294922 0.0396710205078125 0.03124725341796875
2 0.357177734375 0.9002473449707031 0.0388616943359375 0.0309893798828125
2 0.3493359375 0.9158843231201171 0.039200439453125 0.029788055419921876
2 0.34245086669921876 0.9278462219238282 0.035643310546875 0.028823699951171875
2 0.33626220703125 0.9467822265625 0.0273828125 0.022772216796875
2 0.33019805908203126 0.9595294952392578 0.030445556640625 0.02530609130859375
2 0.32277130126953124 0.9733909606933594 0.030445556640625 0.025305938720703126
2 0.3127481079101562 0.9882427215576172 0.0356439208984375 0.028824005126953125
2 0.5633526611328125 0.7646818542480469 0.039825439453125 0.02806121826171875
2 0.6011325073242187 0.7696407318115235 0.0361749267578125 0.026900482177734376
2 0.5964404296875 0.7838520812988281 0.0381787109375 0.028403167724609376
2 0.5460153198242188 0.7944802093505859 0.0388116455078125 0.028465576171875
2 0.58158935546875 0.8145450592041016 0.0381787109375 0.02840301513671875
2 0.5677285766601563 0.8279113006591797 0.0381793212890625 0.02840301513671875
2 0.5621295166015625 0.842945327758789 0.036881103515625 0.027277374267578126
2 0.5517333984375 0.8573019409179687 0.036881103515625 0.027277374267578126
2 0.5176983642578125 0.8418317413330079 0.038118896484375 0.028159637451171875
2 0.5070553588867187 0.8586634826660157 0.038118896484375 0.028159637451171875
2 0.5035897827148438 0.8762378692626953 0.038118896484375 0.028159637451171875
2 0.533580322265625 0.8964366149902344 0.0386944580078125 0.02890899658203125
2 0.49047088623046875 0.8903465270996094 0.038118896484375 0.028159637451171875
2 0.4827972412109375 0.9054454040527343 0.038118896484375 0.028159637451171875
2 0.4728964233398438 0.9165843200683593 0.038118896484375 0.028159637451171875
2 0.5201495361328125 0.9097032165527343 0.0355938720703125 0.02663360595703125
2 0.5122283935546875 0.9228217315673828 0.0355938720703125 0.02663360595703125
2 0.50232666015625 0.9369306945800782 0.0355938720703125 0.026633453369140626
2 0.46547149658203124 0.9309405517578125 0.0366339111328125 0.02782196044921875
2 0.4568072509765625 0.9517326354980469 0.038118896484375 0.028159637451171875
2 0.44641143798828126 0.9665840148925782 0.038118896484375 0.028159637451171875
2 0.4402142333984375 0.9823088836669922 0.034140625 0.025481719970703125
2 0.48861358642578123 0.9693067932128906 0.034901123046875 0.02680694580078125
2 0.480792236328125 0.982227783203125 0.035594482421875 0.026633758544921875
2 0.034940185546875 0.7231358337402344 0.0313507080078125 0.0249053955078125
2 0.0431756591796875 0.7101946258544922 0.03135009765625 0.02490509033203125
2 0.0756304931640625 0.6524058532714844 0.0313873291015625 0.0246002197265625
2 0.0829571533203125 0.6389556503295899 0.035556640625 0.026794509887695314
2 0.062205810546875 0.6823531341552734 0.03176513671875 0.024516448974609376
2 0.0202947998046875 0.7542646789550781 0.0326470947265625 0.026825408935546875
2 0.04773345947265625 0.7574005889892578 0.0245831298828125 0.030153961181640626
2 0.075040283203125 0.771086196899414 0.0227276611328125 0.03
2 0.06114471435546875 0.7685279083251954 0.0243475341796875 0.029997100830078127
2 0.10157073974609375 0.7904855346679688 0.023436279296875 0.0301849365234375
2 0.0877471923828125 0.7810738372802735 0.023436279296875 0.0301849365234375
2 0.13823486328125 0.6914705657958984 0.0238934326171875 0.03235321044921875
2 0.1097064208984375 0.6758822631835938 0.0238934326171875 0.03235321044921875
2 0.12529449462890624 0.6452940368652343 0.0238934326171875 0.0323529052734375
2 0.14112548828125 0.651283950805664 0.0254864501953125 0.03374435424804687
2 0.1535992431640625 0.6627845001220704 0.0239642333984375 0.03027496337890625
2 0.17065826416015625 0.6719021606445312 0.02396484375 0.030275115966796873
2 0.2140423583984375 0.5859159088134765 0.0226641845703125 0.031243133544921874
2 0.22838226318359375 0.594117546081543 0.0227581787109375 0.03117652893066406
2 0.2445587158203125 0.6019117736816406 0.023037109375 0.030294113159179688
2 0.273232421875 0.614680290222168 0.021466064453125 0.02936073303222656
2 0.28260833740234376 0.6262162017822266 0.0237457275390625 0.03066802978515625
2 0.29602874755859376 0.6349997711181641 0.0231500244140625 0.0311767578125
2 0.31132354736328127 0.642794189453125 0.0230377197265625 0.030294342041015623
2 0.32632354736328123 0.6516175079345703 0.0230377197265625 0.030294342041015623
2 0.31338226318359375 0.6055883026123047 0.0231500244140625 0.0311767578125
2 0.25926422119140624 0.5755880737304687 0.0231500244140625 0.0311767578125
2 0.230557861328125 0.5477148056030273 0.0290557861328125 0.03895881652832031
2 0.3819158935546875 0.6866868591308594 0.0264630126953125 0.02074371337890625
2 0.40458221435546876 0.6365744304656983 0.031221923828125 0.024913597106933593
2 0.4113031005859375 0.622195167541504 0.031217041015625 0.024978561401367186
2 0.36928802490234375 0.6983391571044922 0.0312213134765625 0.024913482666015625
2 0.39689178466796876 0.651900634765625 0.031217041015625 0.024978485107421875
2 0.38992156982421877 0.672923583984375 0.03778564453125 0.02532867431640625
2 0.8103143310546875 0.611119384765625 0.030556640625 0.022975311279296876
2 0.827099609375 0.5820911026000977 0.03053955078125 0.023215255737304687
2 0.8170663452148438 0.5972079467773438 0.030556640625 0.022975311279296876
2 0.788433837890625 0.5818866348266601 0.03053955078125 0.023215255737304687
2 0.8280267333984375 0.5108924102783203 0.0323675537109375 0.024860076904296875
2 0.857486572265625 0.5272048568725586 0.0291375732421875 0.022904052734375
2 0.8637796020507813 0.5121628189086914 0.0291912841796875 0.02309814453125
2 0.8711444091796875 0.49947864532470704 0.0291912841796875 0.02309806823730469
2 0.8351107788085937 0.4989748764038086 0.0301153564453125 0.02373626708984375
2 0.8434683227539063 0.4852006149291992 0.0283831787109375 0.022234115600585937
2 0.722080078125 0.5462261581420899 0.029061279296875 0.02371299743652344
2 0.7933163452148437 0.4163492965698242 0.0270977783203125 0.022550888061523437
2 0.8068185424804688 0.40039165496826173 0.0270977783203125 0.022550888061523437
2 0.6068655395507813 0.49721824645996093 0.0241998291015625 0.019475250244140624
2 0.5831985473632812 0.46555103302001954 0.0314337158203125 0.023484268188476563
2 0.5916500854492187 0.4536057662963867 0.0261309814453125 0.022003021240234375
2 0.6590042114257812 0.40098846435546875 0.03015869140625 0.02330963134765625
2 0.6669815063476563 0.3866451644897461 0.027293701171875 0.022126998901367188
2 0.632872314453125 0.3835665893554687 0.030269775390625 0.024192123413085936
2 0.651080322265625 0.34305927276611325 0.030269775390625 0.02419227600097656
2 0.6835797119140625 0.35930904388427737 0.0359393310546875 0.02729057312011719
2 0.6208859252929687 0.40151817321777344 0.03248291015625 0.02562225341796875
2 0.6402191162109375 0.3716299057006836 0.0247540283203125 0.02106132507324219
2 0.6987518310546875 0.264627571105957 0.028232421875 0.014936447143554688
2 0.6147714233398438 0.19414873123168946 0.0304827880859375 0.02330841064453125
2 0.620777587890625 0.17776674270629883 0.0349224853515625 0.02621795654296875
2 0.636865234375 0.15241402626037598 0.0304827880859375 0.023308582305908203
2 0.6416122436523437 0.13771632194519043 0.031219482421875 0.02489551544189453
2 0.7641357421875 0.03290415287017822 0.027249755859375 0.022436418533325196
2 0.7885574340820313 0.2374504852294922 0.026287841796875 0.01783355712890625
2 0.29505859375 0.32793449878692627 0.030731201171875 0.023601207733154297
2 0.26614044189453123 0.2929154586791992 0.0266033935546875 0.021340179443359374
2 0.4175628662109375 0.26662502288818357 0.0303448486328125 0.02299999237060547
2 0.351790771484375 0.46935546875 0.02282470703125 0.03178657531738281
2 0.4083721923828125 0.36949153900146486 0.0275946044921875 0.021125106811523436
2 0.4146063232421875 0.3571933746337891 0.0275946044921875 0.02112579345703125
2 0.424921875 0.3413486099243164 0.027593994140625 0.02112556457519531
2 0.2241632080078125 0.7317825317382812 0.026026611328125 0.03375289916992188
2 0.341646728515625 0.7441442108154297 0.030753173828125 0.02438446044921875
2 0.32928131103515623 0.7762298583984375 0.030753173828125 0.02438446044921875
2 0.32359893798828127 0.7906014251708985 0.030753173828125 0.02438446044921875
2 0.31691436767578124 0.8079810333251953 0.030753173828125 0.02438446044921875
2 0.2533453369140625 0.9166548919677734 0.0307421875 0.024486541748046875
2 0.23128082275390624 0.9616731262207031 0.0327581787109375 0.026287841796875
2 0.2189453125 0.9842684936523437 0.0340118408203125 0.02611541748046875
2 0.6958145141601563 0.4927936935424805 0.031724853515625 0.026588058471679686
2 0.6893209838867187 0.5065922546386719 0.031724853515625 0.026588058471679686
2 0.7019024658203125 0.4769656372070312 0.031724853515625 0.026588058471679686
2 0.7319345092773437 0.42298828125 0.031724853515625 0.026588058471679686
2 0.7384283447265625 0.40837799072265624 0.031724853515625 0.026588134765625
2 0.619921875 0.46803726196289064 0.031724853515625 0.026588134765625
2 0.6118051147460938 0.4822415542602539 0.0317242431640625 0.02658821105957031
2 0.7477362060546875 0.3958144760131836 0.02956298828125 0.02492942810058594
2 0.7595321655273437 0.3702287292480469 0.031724853515625 0.026588058471679686
2 0.97544677734375 0.4576766204833984 0.0291912841796875 0.023097991943359375
2 0.7826705932617187 0.5952577590942383 0.0291912841796875 0.02309806823730469
2 0.6787689208984375 0.5199850463867187 0.031724853515625 0.026588134765625
2 0.9299917602539063 0.5481799697875976 0.0291912841796875 0.02309806823730469
2 0.9786932373046875 0.5899817276000977 0.0291912841796875 0.02309806823730469
2 0.9571835327148438 0.6301605224609375 0.0291912841796875 0.02309814453125
2 0.941761474609375 0.5189592361450195 0.0291912841796875 0.02309806823730469
2 0.9368911743164062 0.5347871780395508 0.0291912841796875 0.02309806823730469
2 0.8666799926757812 0.4434723663330078 0.0291912841796875 0.023097991943359375
2 0.5647085571289062 0.99676513671875 0.0300238037109375 0.023359375
2 0.569542236328125 0.9822992706298828 0.0325518798828125 0.0250299072265625
2 0.577569580078125 0.9693022918701172 0.03255126953125 0.0250299072265625
2 0.5842037963867187 0.9539515686035156 0.0300238037109375 0.023359375
2 0.5933786010742188 0.9421017456054688 0.0300238037109375 0.023359375
2 0.6157772827148438 0.8961556243896485 0.0287664794921875 0.023210601806640627
2 0.608896484375 0.9122107696533203 0.028765869140625 0.023210601806640627
2 0.6241873168945312 0.8823941802978515 0.0287664794921875 0.023210601806640627
2 0.6501812744140625 0.8353759002685547 0.0287664794921875 0.023210601806640627
2 0.6891720581054688 0.776507339477539 0.0287664794921875 0.023210601806640627
2 0.6819091796875 0.7902687835693359 0.0287664794921875 0.023210601806640627
2 0.659755859375 0.8172289276123047 0.0226141357421875 0.019791259765625
2 0.6341644287109375 0.8680815124511718 0.034041748046875 0.025930633544921877
2 0.7958230590820312 0.940880355834961 0.0287664794921875 0.023210601806640627
2 0.7851473999023437 0.9670233154296874 0.031298828125 0.01890899658203125
2 0.8030868530273437 0.9267368316650391 0.0287664794921875 0.023210601806640627
2 0.8160830688476562 0.9007425689697266 0.0287664794921875 0.023210601806640627
2 0.6747515869140625 0.7155276489257812 0.0217498779296875 0.026131439208984374
2 0.624293212890625 0.6872400665283203 0.021749267578125 0.02613128662109375
2 0.6132077026367188 0.6795948028564454 0.021749267578125 0.02613128662109375
2 0.6002105712890625 0.6719495391845703 0.021749267578125 0.02613128662109375
2 0.6357611083984375 0.6945029449462891 0.021749267578125 0.02613128662109375
2 0.5451931762695312 0.5792995834350586 0.0230377197265625 0.030294342041015623
2 0.39831512451171874 0.38577526092529296 0.0275946044921875 0.021125106811523436
2 0.506085205078125 0.34395298004150393 0.027593994140625 0.02112556457519531
2 0.5386373901367187 0.27841480255126955 0.027593994140625 0.02112556457519531
2 0.7781951904296875 0.33984664916992186 0.031724853515625 0.026588134765625
2 0.30787109375 0.43793663024902346 0.02282470703125 0.03178657531738281
2 0.26395263671875 0.4186798858642578 0.02282470703125 0.03178657531738281
2 0.22746612548828124 0.39976097106933595 0.02282470703125 0.03178657531738281
2 0.2563427734375 0.30744258880615233 0.0266033935546875 0.021340179443359374
2 0.30901519775390623 0.29765169143676756 0.031295166015625 0.024357261657714843
2 0.04294891357421875 0.3605861282348633 0.0303192138671875 0.023422622680664064
2 0.04822052001953125 0.3457577896118164 0.0262060546875 0.023109512329101564
2 0.2745553588867187 0.2783947372436523 0.0312945556640625 0.02435722351074219
2 0.30225799560546873 0.31454341888427734 0.0312945556640625 0.02435722351074219
2 0.3779336547851562 0.33751644134521486 0.0312945556640625 0.02435722351074219
2 0.40833892822265627 0.280084114074707 0.031295166015625 0.024357376098632814
2 0.4637445068359375 0.27467845916748046 0.0312945556640625 0.02435722351074219
2 0.4694879150390625 0.25981372833251953 0.031295166015625 0.024357376098632814
2 0.42556884765625 0.25474626541137696 0.031295166015625 0.024357261657714843
2 0.3025958251953125 0.220286865234375 0.031295166015625 0.024357261657714843
2 0.3441497802734375 0.24596240997314453 0.031295166015625 0.024357376098632814
2 0.3618685913085937 0.36458492279052734 0.0312945556640625 0.02435722351074219
2 0.3254913330078125 0.45387996673583986 0.028038330078125 0.036049423217773435
