2 0.44012500762939455 0.016687469482421877 0.024344024658203126 0.02337493896484375
2 0.46617733001708983 0.12019622802734375 0.02709625244140625 0.018323974609375
2 0.4699089813232422 0.1072314453125 0.027085113525390624 0.0182177734375
2 0.6618123626708985 0.28212554931640627 0.026071014404296874 0.0102496337890625
2 0.6181875610351563 0.28093719482421875 0.024728317260742188 0.0101251220703125
2 0.582562484741211 0.2821875 0.024728317260742188 0.0101251220703125
2 0.2100202751159668 0.2535595703125 0.022941970825195314 0.0111865234375
2 0.07473433971405029 0.40784393310546874 0.009647645950317384 0.022138671875
2 0.10563480377197265 0.4502099609375 0.02167226791381836 0.0096588134765625
2 0.10467282295227051 0.4628106689453125 0.02167228698730469 0.009659423828125
2 0.07117729187011719 0.49859588623046874 0.010050334930419923 0.0262841796875
2 0.10077461242675781 0.5398687744140624 0.02167226791381836 0.0096588134765625
2 0.10037191390991211 0.5681292724609375 0.02167226791381836 0.0096588134765625
2 0.06753316402435303 0.5944647216796874 0.010278806686401368 0.0249493408203125
2 0.09490708351135253 0.699161376953125 0.022154502868652344 0.010064697265625
2 0.06403802394866943 0.7490072631835938 0.010347681045532226 0.0253076171875
2 0.08773765563964844 0.8059841918945313 0.01977132797241211 0.011185302734375
2 0.08801732778549194 0.91840087890625 0.021716313362121584 0.0120245361328125
2 0.6768264770507812 0.6957901000976563 0.023653106689453127 0.0218304443359375
2 0.6102058792114258 0.684190673828125 0.02566162109375 0.011368408203125
2 0.6442059135437012 0.6681912231445313 0.025661964416503907 0.01136962890625
2 0.6398308944702148 0.584190673828125 0.02566154479980469 0.011368408203125
2 0.5433969497680664 0.5421649169921875 0.025889739990234376 0.0115362548828125
2 0.42193748474121096 0.4364373779296875 0.009875030517578124 0.02487548828125
2 0.4751250076293945 0.43418731689453127 0.010000839233398437 0.02387451171875
2 0.4453750228881836 0.36756317138671873 0.010000839233398437 0.0238751220703125
2 0.5153750610351563 0.3678131103515625 0.010000839233398437 0.0238751220703125
2 0.5563750457763672 0.37293731689453125 0.010000839233398437 0.02387451171875
2 0.8866249084472656 0.7492489624023437 0.011750030517578124 0.0256982421875
2 0.7397500610351563 0.666375732421875 0.02137725830078125 0.0107501220703125
2 0.7091251373291015 0.655875244140625 0.02137725830078125 0.0107501220703125
2 0.7390001678466797 0.6409375 0.022245635986328127 0.010875244140625
2 0.7367500305175781 0.625062255859375 0.021999969482421874 0.01112548828125
2 0.7384999084472657 0.6538131713867188 0.021999969482421874 0.01112548828125
2 0.7381629943847656 0.61313720703125 0.024375 0.011505126953125
2 0.7417501068115234 0.5980630493164063 0.022000274658203124 0.0111260986328125
2 0.7037501525878906 0.5839382934570313 0.022000274658203124 0.0111260986328125
2 0.7088124084472657 0.559749755859375 0.0247369384765625 0.0110003662109375
2 0.7370001220703125 0.571812744140625 0.022000274658203124 0.0111260986328125
2 0.7079374694824219 0.5304998779296874 0.0247369384765625 0.0110003662109375
2 0.807479248046875 0.5870535278320312 0.024326934814453124 0.0113128662109375
2 0.8070397186279297 0.5993881225585938 0.0243267822265625 0.0113128662109375
2 0.836820068359375 0.5994979858398437 0.024326934814453124 0.0113128662109375
2 0.8396772766113281 0.6284542846679687 0.024326934814453124 0.0113128662109375
2 0.8070948028564453 0.6425747680664062 0.024326934814453124 0.0113128662109375
2 0.8398970794677735 0.6429592895507813 0.024326934814453124 0.0113128662109375
2 0.9043749237060547 0.681407470703125 0.02504119873046875 0.01145751953125
2 0.9033860015869141 0.662423095703125 0.02504119873046875 0.011458740234375
2 0.934814453125 0.6659674072265624 0.02504119873046875 0.011458740234375
2 0.9320398712158203 0.6789898681640625 0.02504119873046875 0.0114581298828125
2 0.9401441192626954 0.6531658935546875 0.02504119873046875 0.011458740234375
2 0.9356533050537109 0.6383575439453125 0.024355926513671876 0.0110009765625
2 0.9030706787109375 0.6391543579101563 0.024355926513671876 0.0110003662109375
2 0.903867416381836 0.6255279541015625 0.024355926513671876 0.0110009765625
2 0.9348838806152344 0.6102529907226563 0.024355926513671876 0.0110003662109375
2 0.9419162750244141 0.6250616455078125 0.03285125732421875 0.0114166259765625
2 0.9035377502441406 0.581104736328125 0.024355926513671876 0.0110009765625
2 0.9956820678710937 0.577445068359375 0.0291143798828125 0.028890380859375
2 0.98 0.392625732421875 0.025250244140625 0.025250244140625
2 0.959164810180664 0.3690362548828125 0.025670318603515624 0.0258221435546875
2 0.724244384765625 0.2805615234375 0.026739044189453123 0.012376708984375
2 0.7853956604003907 0.27281646728515624 0.028958892822265624 0.0183673095703125
2 0.7586959838867188 0.1552642822265625 0.024642181396484376 0.02547119140625
2 0.7584461212158203 0.07538913726806641 0.024642486572265625 0.0254718017578125
