2 0.02680938720703125 0.050548553466796875 0.011883544921875 0.02334686279296875
2 0.7097525024414062 0.021978759765625 0.0255084228515625 0.01020782470703125
2 0.7073776245117187 0.039354705810546876 0.025509033203125 0.010208740234375
7 0.4164422607421875 0.06176162719726563 0.04319091796875 0.0645489501953125
2 0.680062255859375 0.186875 0.0248175048828125 0.01100006103515625
2 0.6787521362304687 0.20355606079101562 0.0237860107421875 0.0126373291015625
7 0.8344378662109375 0.46368759155273437 0.029124755859375 0.05157867431640625
7 0.78617919921875 0.4556488037109375 0.029112548828125 0.06201141357421875
2 0.629625244140625 0.7087498474121093 0.0095001220703125 0.027171630859375
2 0.5496249389648438 0.7451251220703125 0.0232501220703125 0.0104998779296875
2 0.5436264038085937 0.8151296997070312 0.02075439453125 0.0109906005859375
2 0.7516873168945313 0.7995626831054687 0.0271246337890625 0.01215972900390625
2 0.7826931762695313 0.903170166015625 0.0113861083984375 0.0221588134765625
7 0.384632568359375 0.9565725326538086 0.043955078125 0.058047637939453126
2 0.5354983520507812 0.9251980590820312 0.0344952392578125 0.016104736328125
2 0.579375 0.9725 0.010250244140625 0.0270001220703125
2 0.57875 0.9408749389648438 0.010250244140625 0.0270001220703125
2 0.6288751220703125 0.9510000610351562 0.010250244140625 0.0270001220703125
2 0.9093765258789063 0.8924748229980469 0.009752197265625 0.02355133056640625
2 0.9240628051757812 0.8919375610351562 0.0106280517578125 0.027874755859375
2 0.9471267700195313 0.8849746704101562 0.0097528076171875 0.02355133056640625
2 0.9867514038085937 0.8485633850097656 0.02375 0.0124066162109375
2 0.9392352294921875 0.6810728454589844 0.0207794189453125 0.01385406494140625
2 0.9399188232421875 0.6625575256347657 0.02583740234375 0.01263580322265625
2 0.9448306274414062 0.5465032958984375 0.0246600341796875 0.0122442626953125
2 0.98425048828125 0.4615003967285156 0.0095001220703125 0.02576690673828125
2 0.9483355712890625 0.4201860046386719 0.02692138671875 0.01362762451171875
2 0.952750244140625 0.1929376220703125 0.020999755859375 0.0103814697265625
2 0.9268472290039063 0.19393783569335937 0.0233050537109375 0.0103741455078125
2 0.939747314453125 0.1445001220703125 0.0217431640625 0.0104998779296875
