7 0.13915069580078124 0.9232615661621094 0.0674505615234375 0.06422760009765625
2 0.8490625 0.9788124084472656 0.025682373046875 0.01587493896484375
2 0.84730712890625 0.81332275390625 0.0233837890625 0.02739593505859375
2 0.8291876220703125 0.812750244140625 0.013631591796875 0.02725067138671875
2 0.815625 0.8134375 0.012750244140625 0.031875
2 0.7760089111328125 0.83996337890625 0.020767822265625 0.01417633056640625
2 0.74425048828125 0.8421249389648438 0.025750732421875 0.0318438720703125
2 0.730625 0.8171247863769531 0.025648193359375 0.030250244140625
2 0.7252508544921875 0.850562744140625 0.03319580078125 0.030374755859375
2 0.3283013916015625 0.36089607238769533 0.04285400390625 0.026792144775390624
2 0.3338336181640625 0.3787541961669922 0.029666748046875 0.021241302490234374
2 0.085889892578125 0.13037979125976562 0.0130303955078125 0.0267596435546875
2 0.2700799560546875 0.01591156005859375 0.031910400390625 0.03237457275390625
2 0.26131103515625 0.031937484741210935 0.029051513671875 0.028125
2 0.508836669921875 0.0417559814453125 0.01492431640625 0.03051177978515625
2 0.6257073974609375 0.039544906616210934 0.0333056640625 0.03365997314453125
