2 0.1279762077331543 0.16964284896850587 0.035575847625732425 0.023176841735839844
3 0.24695463180541993 0.18507755279541016 0.042369117736816404 0.02796234130859375
2 0.2226605987548828 0.23518827438354492 0.016196022033691405 0.029193649291992186
2 0.24436187744140625 0.23708057403564453 0.018197593688964845 0.040329513549804685
2 0.4926456832885742 0.14504034996032714 0.015372238159179687 0.030445117950439454
2 0.6024375534057618 0.14612500190734865 0.017125015258789063 0.03260305404663086
2 0.5573749160766601 0.1783125114440918 0.03400001525878906 0.01893077850341797
2 0.7261875915527344 0.15587499618530273 0.01412506103515625 0.030536689758300782
2 0.734371566772461 0.28575319290161133 0.03425704956054688 0.01825634002685547
2 0.8457368469238281 0.2739057731628418 0.028128509521484376 0.023811454772949218
2 0.35343753814697265 0.32493751525878906 0.019290008544921876 0.025125045776367188
2 0.3649374771118164 0.3303125 0.01928993225097656 0.025125045776367188
2 0.07443750381469727 0.47000003814697267 0.030875015258789062 0.017273025512695314
2 0.08418753623962402 0.5790625 0.02897857666015625 0.032874984741210936
2 0.14231249809265137 0.6003125 0.03458124160766601 0.026374969482421875
2 0.1388749885559082 0.6393750762939453 0.03353668212890625 0.033000030517578126
2 0.0354375147819519 0.7271876525878906 0.03286506175994873 0.03087493896484375
2 0.1384374713897705 0.7363125610351563 0.03068765640258789 0.027375030517578124
7 0.3353194808959961 0.6555554962158203 0.03944190979003906 0.05138885498046875
2 0.24374650955200194 0.8817733001708984 0.030379562377929686 0.027546539306640624
2 0.29977846145629883 0.9186310577392578 0.02769317626953125 0.029512176513671873
2 0.3292499923706055 0.958687515258789 0.02773628234863281 0.028874969482421874
2 0.34908260345458986 0.9801607513427735 0.03748481750488281 0.03717819213867188
7 0.7018453216552735 0.5119438934326171 0.0262890625 0.04531829833984375
2 0.47618755340576174 0.6821250152587891 0.016875 0.03399581909179687
2 0.42248069763183593 0.7749169158935547 0.02196136474609375 0.026916046142578125
2 0.6140212631225586 0.7708143615722656 0.012473297119140626 0.022128448486328126
2 0.4621875 0.9651250457763672 0.027737808227539063 0.01875
7 0.4181874847412109 0.9265000152587891 0.05567466735839844 0.05125
7 0.6120597839355468 0.9774409484863281 0.033274688720703126 0.04941543579101562
2 0.6646503448486328 0.775377426147461 0.016300506591796875 0.031495361328125
2 0.7846249389648438 0.9072500610351563 0.023957672119140624 0.03375
2 0.7923125457763672 0.9323125457763672 0.024875030517578126 0.030196990966796875
2 0.8613124847412109 0.9837500762939453 0.027766571044921876 0.03324996948242188
2 0.7842931365966797 0.9755132293701172 0.02483642578125 0.02102630615234375
2 0.7907499694824218 0.9901873016357422 0.028545074462890625 0.0223748779296875
7 0.9657548522949219 0.8180390930175782 0.02833831787109375 0.0533404541015625
2 0.8401250457763672 0.6855625915527344 0.015 0.03233154296875
