3 0.98908203125 0.18789566040039063 0.019393310546875 0.0125
2 0.978572998046875 0.17562744140625 0.016353759765625 0.00700408935546875
2 0.93388916015625 0.1712530517578125 0.0139404296875 0.00875640869140625
2 0.9931866455078125 0.14143753051757812 0.008126220703125 0.015625
2 0.9852496337890625 0.14050018310546875 0.00700439453125 0.01725006103515625
2 0.9766888427734375 0.14043746948242186 0.007874755859375 0.01799713134765625
2 0.9684375 0.1400624084472656 0.008876953125 0.016875
2 0.9458758544921875 0.12656265258789062 0.014534912109375 0.00837493896484375
2 0.9444097900390624 0.11662384033203126 0.01681884765625 0.007752685546875
2 0.94313232421875 0.10796096801757812 0.017269287109375 0.0075787353515625
2 0.9417498779296875 0.10037521362304687 0.017091064453125 0.00800018310546875
2 0.9424298095703125 0.0751324462890625 0.014609375 0.00673583984375
2 0.942562255859375 0.06699996948242187 0.014930419921875 0.0075
2 0.9426263427734375 0.04434478759765625 0.0160205078125 0.0070599365234375
2 0.98193603515625 0.008422088623046876 0.016129150390625 0.007406005859375
2 0.9825006103515626 0.04462478637695313 0.016116943359375 0.0075
2 0.9831243896484375 0.05268768310546875 0.017249755859375 0.00788299560546875
2 0.98354248046875 0.0606134033203125 0.01841552734375 0.00847686767578125
2 0.9830975341796875 0.0693121337890625 0.016192626953125 0.00862640380859375
2 0.983372802734375 0.0799652099609375 0.016768798828125 0.008179931640625
2 0.9836761474609375 0.08900619506835937 0.016849365234375 0.00748779296875
2 0.983875732421875 0.10868759155273437 0.0179443359375 0.008125
3 0.79578125 0.17932266235351563 0.026065673828125 0.011937255859375
2 0.8688909912109375 0.13535232543945314 0.008359375 0.0163323974609375
2 0.859246826171875 0.13470932006835937 0.006815185546875 0.0154156494140625
2 0.8218133544921875 0.09050033569335937 0.009381103515625 0.0175
2 0.8315643310546875 0.09129058837890625 0.009371337890625 0.02016845703125
2 0.8594415283203125 0.09224899291992188 0.008369140625 0.01575592041015625
2 0.8676251220703125 0.09036575317382813 0.006253662109375 0.01551910400390625
5 0.8344378662109375 0.07074966430664062 0.0219775390625 0.00875
5 0.860467529296875 0.07118545532226563 0.01593505859375 0.00812957763671875
5 0.8603741455078125 0.06168731689453125 0.0214990234375 0.00912506103515625
5 0.8597723388671875 0.0521893310546875 0.023294677734375 0.00837127685546875
5 0.860313720703125 0.04300018310546875 0.02145751953125 0.0075
5 0.8336688232421875 0.0525616455078125 0.01808837890625 0.00812591552734375
5 0.8354400634765625 0.04235183715820313 0.016119384765625 0.00779632568359375
5 0.8601251220703126 0.02675018310546875 0.01699951171875 0.00775787353515625
5 0.7828131103515625 0.054625244140625 0.01637451171875 0.00726593017578125
5 0.7816259765625 0.04625 0.015386962890625 0.00850006103515625
5 0.7818743896484375 0.03749984741210938 0.01699951171875 0.0070001220703125
5 0.7791357421875 0.029493408203125 0.010726318359375 0.00673736572265625
5 0.782125244140625 0.021062469482421874 0.016749267578125 0.0071319580078125
5 0.7791864013671875 0.012062530517578125 0.012125244140625 0.0073822021484375
5 0.6891973876953125 0.10123077392578125 0.00870361328125 0.01188507080078125
5 0.695384521484375 0.07576248168945313 0.020523681640625 0.00763702392578125
5 0.6684014892578125 0.09309585571289063 0.007850341796875 0.0116015625
5 0.6644732666015625 0.07969024658203125 0.00806640625 0.0108233642578125
5 0.6548638916015626 0.04859207153320313 0.0181298828125 0.00720123291015625
5 0.655662841796875 0.03966217041015625 0.014224853515625 0.00846405029296875
5 0.655660400390625 0.03129562377929687 0.012933349609375 0.006988525390625
5 0.6552545166015625 0.023168792724609377 0.014962158203125 0.007484130859375
5 0.6571661376953125 0.01433135986328125 0.01263427734375 0.0073248291015625
5 0.6570843505859375 0.006574859619140625 0.0119482421875 0.0077349853515625
5 0.4734075927734375 0.006369476318359375 0.020494384765625 0.0073248291015625
5 0.508759765625 0.005016021728515625 0.01955810546875 0.00812103271484375
5 0.5635345458984375 0.004617767333984375 0.022293701171875 0.00732666015625
5 0.56703857421875 0.01297760009765625 0.0216552734375 0.00716552734375
5 0.6044586181640625 0.01242034912109375 0.021019287109375 0.00668792724609375
5 0.474840087890625 0.023570098876953126 0.015926513671875 0.00827392578125
5 0.5089959716796875 0.022690887451171874 0.01831298828125 0.006846923828125
5 0.60796142578125 0.0215765380859375 0.020064697265625 0.006212158203125
5 0.5671240234375 0.022379608154296876 0.0215087890625 0.00813507080078125
5 0.4740484619140625 0.03324325561523438 0.019434814453125 0.00820587158203125
5 0.5071588134765626 0.0323126220703125 0.01690185546875 0.008941650390625
5 0.4738055419921875 0.04116241455078125 0.019586181640625 0.00716552734375
5 0.6037420654296874 0.03033447265625 0.019267578125 0.007484130859375
5 0.6023944091796875 0.04689483642578125 0.02134765625 0.00876434326171875
5 0.603583984375 0.05612701416015625 0.021494140625 0.007476806640625
5 0.569586181640625 0.05756378173828125 0.0226123046875 0.0078179931640625
5 0.5099871826171875 0.059308013916015624 0.01965576171875 0.0078167724609375
5 0.508758544921875 0.07571670532226563 0.022039794921875 0.00716552734375
5 0.5753082275390625 0.07977996826171875 0.01112548828125 0.01561065673828125
5 0.60394775390625 0.06456939697265625 0.021588134765625 0.00652984619140625
5 0.604140625 0.07404495239257812 0.02102783203125 0.0076434326171875
5 0.4802532958984375 0.07743576049804687 0.01146240234375 0.00901153564453125
5 0.4801739501953125 0.06711746215820312 0.0106689453125 0.00812103271484375
5 0.5019903564453125 0.09291397094726563 0.007802734375 0.0116241455078125
2 0.20912841796875 0.011052703857421875 0.01494873046875 0.00756317138671875
3 0.206187744140625 0.094193115234375 0.0087451171875 0.02026458740234375
3 0.215966796875 0.09589691162109375 0.00890625 0.0206744384765625
2 0.204202880859375 0.12094940185546875 0.00889892578125 0.01638946533203125
2 0.2284490966796875 0.12475738525390626 0.007486572265625 0.01670684814453125
2 0.23259033203125 0.16031402587890625 0.00651123046875 0.01655609130859375
2 0.2424407958984375 0.16079879760742188 0.00682861328125 0.0140283203125
2 0.250794677734375 0.16125946044921874 0.0069970703125 0.0127227783203125
2 0.2596221923828125 0.1598284912109375 0.006202392578125 0.01457427978515625
2 0.276636962890625 0.16038467407226562 0.0081103515625 0.01574432373046875
2 0.24991943359375 0.123409423828125 0.00803955078125 0.01685760498046875
2 0.2678106689453125 0.1225347900390625 0.006678466796875 0.01383575439453125
2 0.276717529296875 0.12317138671875 0.006363525390625 0.0147906494140625
2 0.2852325439453125 0.12183074951171875 0.0062158203125 0.01651763916015625
2 0.2939727783203125 0.12205780029296875 0.0081103515625 0.0160626220703125
2 0.302318115234375 0.12192947387695313 0.006368408203125 0.0161236572265625
2 0.31013671875 0.12160202026367188 0.00663330078125 0.0150006103515625
2 0.2853045654296875 0.16181198120117188 0.00795166015625 0.0154376220703125
2 0.318702392578125 0.16094161987304687 0.00795166015625 0.0166778564453125
2 0.345181884765625 0.158953857421875 0.00906494140625 0.0202911376953125
2 0.36069091796875 0.1570771789550781 0.010487060546875 0.02057891845703125
2 0.3698309326171875 0.15624984741210937 0.00779296875 0.0199237060546875
2 0.3786572265625 0.12221710205078125 0.0066796875 0.0143902587890625
2 0.361083984375 0.12229629516601563 0.008428955078125 0.015267333984375
2 0.344783935546875 0.1207855224609375 0.007315673828125 0.0138360595703125
2 0.336513671875 0.12030853271484375 0.0069970703125 0.01288177490234375
2 0.32705078125 0.12066787719726563 0.00779541015625 0.01487335205078125
2 0.3187457275390625 0.12134811401367188 0.009139404296875 0.01623291015625
2 0.01095733642578125 0.20796051025390624 0.0175970458984375 0.00626129150390625
2 0.1440625 0.1171875 0.0078857421875 0.0163751220703125
2 0.135562744140625 0.153985595703125 0.00687744140625 0.01747039794921875
2 0.1273211669921875 0.155711669921875 0.008358154296875 0.0174237060546875
2 0.11911026000976563 0.1556793212890625 0.00927947998046875 0.01789642333984375
2 0.11093994140625 0.15706573486328124 0.00787109375 0.01611968994140625
2 0.102562255859375 0.15662506103515625 0.007874755859375 0.017249755859375
2 0.09387542724609375 0.15637496948242188 0.0075079345703125 0.01649993896484375
2 0.08549774169921875 0.15581451416015624 0.0077545166015625 0.01562103271484375
2 0.076875 0.15618728637695312 0.008499755859375 0.0173748779296875
2 0.06774993896484376 0.15649993896484374 0.0092633056640625 0.018499755859375
2 0.059124755859375 0.1573126220703125 0.0077593994140625 0.0173748779296875
2 0.03425048828125 0.1580625915527344 0.00700439453125 0.01612518310546875
2 0.02569976806640625 0.15843902587890624 0.0066497802734375 0.01412261962890625
2 0.0177734375 0.15818695068359376 0.0089544677734375 0.014381103515625
2 0.00869171142578125 0.15897613525390625 0.0083819580078125 0.017547607421875
2 0.0936248779296875 0.10899978637695312 0.00675048828125 0.0195001220703125
2 0.08524627685546875 0.108983154296875 0.0092413330078125 0.0204656982421875
3 0.07649993896484375 0.11224990844726562 0.0077618408203125 0.0245001220703125
2 0.110499267578125 0.08856231689453126 0.0085003662109375 0.016873779296875
2 0.1023724365234375 0.08880661010742187 0.008504638671875 0.01638641357421875
2 0.0930621337890625 0.08881240844726562 0.0088751220703125 0.01676422119140625
2 0.08456329345703124 0.08850021362304687 0.00887451171875 0.01713592529296875
2 0.0765618896484375 0.0891876220703125 0.0086248779296875 0.01885284423828125
2 0.0672503662109375 0.09014846801757813 0.007501220703125 0.01745269775390625
2 0.05865936279296875 0.09106689453125 0.0069305419921875 0.015635986328125
2 0.06822113037109374 0.11018814086914062 0.0081927490234375 0.02012603759765625
2 0.05965667724609375 0.11031494140625 0.0088134765625 0.02137969970703125
2 0.04943695068359375 0.10887496948242187 0.0088751220703125 0.02011688232421875
2 0.03531280517578125 0.1111248779296875 0.0081390380859375 0.01774993896484375
2 0.02630279541015625 0.1101971435546875 0.0096453857421875 0.0191058349609375
2 0.02612518310546875 0.09083755493164063 0.0075 0.01842498779296875
2 0.01706329345703125 0.09050003051757813 0.0091253662109375 0.01887451171875
2 0.01649993896484375 0.10968734741210938 0.008499755859375 0.018739013671875
2 0.00781036376953125 0.09102752685546875 0.00762939453125 0.01730438232421875
2 0.00856231689453125 0.1132501220703125 0.0089208984375 0.0167498779296875
2 0.1341693115234375 0.03807876586914063 0.009161376953125 0.0195233154296875
2 0.1254852294921875 0.038677215576171875 0.00876220703125 0.01895660400390625
2 0.11756072998046875 0.039975128173828124 0.0098712158203125 0.02192626953125
2 0.1092462158203125 0.04067047119140625 0.0075115966796875 0.0165478515625
2 0.1010150146484375 0.04219970703125 0.0084814453125 0.0182147216796875
2 0.13709716796875 0.01188812255859375 0.00806396484375 0.01738037109375
2 0.1275030517578125 0.012375030517578125 0.008897705078125 0.01790191650390625
2 0.119295654296875 0.012301025390625 0.009185791015625 0.0185015869140625
2 0.11026123046875 0.01341766357421875 0.00806396484375 0.01738037109375
2 0.10219635009765625 0.013695831298828126 0.00807373046875 0.01710235595703125
2 0.09358428955078125 0.012069854736328125 0.0083282470703125 0.01729583740234375
2 0.09163818359375 0.04155517578125 0.0091595458984375 0.01894775390625
2 0.08368988037109375 0.041600494384765624 0.00737060546875 0.01829925537109375
2 0.07581298828125 0.04212493896484375 0.009375 0.01937255859375
2 0.06612548828125 0.040699920654296874 0.0090008544921875 0.01910003662109375
2 0.056937255859375 0.04131240844726562 0.0086334228515625 0.01787506103515625
2 0.04225494384765625 0.04239547729492187 0.008509521484375 0.01854095458984375
2 0.0333758544921875 0.04262481689453125 0.0095001220703125 0.01680145263671875
2 0.06250091552734376 0.012590789794921875 0.00949951171875 0.02093109130859375
2 0.0539410400390625 0.012987518310546875 0.0086175537109375 0.02077484130859375
2 0.0457501220703125 0.012687225341796875 0.0075 0.01762481689453125
2 0.015062255859375 0.009937286376953125 0.008375244140625 0.018375244140625
2 0.00712493896484375 0.01056243896484375 0.0082501220703125 0.018125
2 0.023997802734375 0.042216796875 0.00825439453125 0.0174334716796875
2 0.0160003662109375 0.042437591552734376 0.006500244140625 0.01548065185546875
2 0.008182373046875 0.04312713623046875 0.0088641357421875 0.01724609375
