0 0.8363493347167968 0.05730216979980469 0.03698822021484375 0.03640350341796875
0 0.20015823364257812 0.1905645751953125 0.02199005126953125 0.0251251220703125
0 0.3909906005859375 0.188489990234375 0.02071075439453125 0.023348388671875
0 0.24393295288085937 0.18884452819824218 0.0361541748046875 0.03462173461914062
0 0.31762542724609377 0.18923133850097656 0.021756591796875 0.023264007568359377
0 0.4631805419921875 0.273924560546875 0.021416015625 0.02394561767578125
0 0.6580712890625 0.18011268615722656 0.037652587890625 0.040570526123046874
0 0.7446392822265625 0.17916130065917968 0.03765228271484375 0.040570526123046874
0 0.8154307556152344 0.24206497192382812 0.05843994140625 0.0582537841796875
0 0.5987077331542969 0.28801559448242187 0.02969268798828125 0.03072509765625
0 0.5877676391601563 0.3959249114990234 0.0349224853515625 0.03400375366210937
0 0.6476617431640626 0.3918323516845703 0.023223876953125 0.0247100830078125
0 0.6845075988769531 0.39070098876953124 0.0222564697265625 0.02428558349609375
0 0.7320828247070312 0.39031463623046875 0.0215020751953125 0.0238916015625
0 0.7677972412109375 0.39297454833984374 0.023594970703125 0.029073333740234374
0 0.8038644409179687 0.3903092956542969 0.0222589111328125 0.024147796630859374
0 0.8394395446777344 0.3923066711425781 0.0211175537109375 0.02773193359375
0 0.7353453063964843 0.28540496826171874 0.03635345458984375 0.03929306030273438
0 0.7772830200195312 0.2860467529296875 0.03425018310546875 0.04049545288085937
0 0.9083111572265625 0.2854295349121094 0.04067657470703125 0.040713958740234375
0 0.642371826171875 0.82990478515625 0.02341583251953125 0.02598602294921875
0 0.9641207885742188 0.9268380737304688 0.0384234619140625 0.0496710205078125
0 0.6778330993652344 0.8296357727050782 0.02301910400390625 0.0263299560546875
0 0.7126582336425781 0.82979248046875 0.0231707763671875 0.02368438720703125
0 0.74739990234375 0.8288507080078125 0.02301910400390625 0.02632965087890625
0 0.7836959838867188 0.8282194519042969 0.02281280517578125 0.0230133056640625
0 0.6895278930664063 0.9225904846191406 0.0266424560546875 0.02636627197265625
0 0.7353413391113282 0.9225932312011719 0.02177490234375 0.02631744384765625
0 0.7804820251464843 0.922281494140625 0.02193023681640625 0.0263189697265625
0 0.828228759765625 0.9214932250976563 0.0216192626953125 0.02631561279296875
0 0.9196234130859375 0.9207080078125 0.0216192626953125 0.02631561279296875
