7 0.013699798583984376 0.1629026412963867 0.03208709716796875 0.037805404663085934
2 0.18956298828125 0.18212499618530273 0.026875 0.01881355285644531
2 0.25100006103515626 0.2355000114440918 0.015999755859375 0.03169803619384766
2 0.248250732421875 0.1993125534057617 0.01300048828125 0.02745033264160156
2 0.27418731689453124 0.2752499771118164 0.0271246337890625 0.01525115966796875
2 0.27605133056640624 0.3292113494873047 0.028250732421875 0.017374649047851562
2 0.27294647216796875 0.3449612808227539 0.0309619140625 0.019755783081054686
2 0.24889678955078126 0.37396945953369143 0.014576416015625 0.03153900146484375
2 0.180625 0.3455000305175781 0.0207501220703125 0.0130023193359375
2 0.275687255859375 0.4623750305175781 0.025625 0.014258193969726562
2 0.272001953125 0.47599407196044924 0.028753662109375 0.015238189697265625
2 0.2751248168945313 0.48874988555908205 0.025877685546875 0.013000030517578125
2 0.2753125 0.501875 0.0261248779296875 0.014499969482421875
2 0.2728131103515625 0.5355001068115235 0.0298748779296875 0.018265914916992188
2 0.18456298828125 0.5958750534057617 0.0263751220703125 0.015004653930664063
7 0.38102203369140625 0.37331581115722656 0.0279547119140625 0.030368270874023436
7 0.4039242553710938 0.5496308135986329 0.035848388671875 0.05273834228515625
2 0.2797491455078125 0.7228837585449219 0.0262481689453125 0.0142327880859375
2 0.268687744140625 0.7567500305175782 0.0263751220703125 0.014777069091796874
7 0.0554864501953125 0.9555934143066406 0.0482769775390625 0.05906341552734375
2 0.9379373168945313 0.8073750305175781 0.01870361328125 0.03125015258789063
2 0.7582479858398438 0.6125427627563477 0.027003173828125 0.016684188842773437
2 0.8972494506835937 0.5428748321533203 0.0192962646484375 0.03225021362304688
