7 0.323751220703125 0.010000762939453125 0.0415771484375 0.0272509765625
2 0.2522509765625 0.07281219482421875 0.031575927734375 0.0291253662109375
2 0.244356689453125 0.08418785095214844 0.03503662109375 0.03287551879882813
2 0.2348712158203125 0.0952859115600586 0.036007080078125 0.03507156372070312
2 0.08443695068359375 0.862437744140625 0.0229766845703125 0.0328753662109375
2 0.16009124755859375 0.939935302734375 0.0378167724609375 0.018870849609375
2 0.15925537109375 0.9537551879882813 0.0277410888671875 0.0147406005859375
2 0.19745361328125 0.8149346923828125 0.03059326171875 0.022880859375
2 0.2341864013671875 0.7269992065429688 0.037315673828125 0.03175048828125
2 0.2575 0.710625 0.031514892578125 0.0232501220703125
2 0.106265869140625 0.5244821166992187 0.0312823486328125 0.0325457763671875
2 0.081053466796875 0.5082766723632812 0.0323931884765625 0.0343988037109375
2 0.07065643310546875 0.49439971923828124 0.022310791015625 0.023951416015625
7 0.1894378662109375 0.45762451171875 0.057125244140625 0.0577197265625
7 0.12370391845703126 0.38367279052734377 0.056092529296875 0.055345458984375
7 0.06399658203125 0.3478201293945313 0.0459918212890625 0.04535888671875
2 0.3349993896484375 0.541500244140625 0.0298291015625 0.0322503662109375
2 0.4464520263671875 0.9473577880859375 0.0180126953125 0.0360345458984375
2 0.5850628662109375 0.5066873168945313 0.030880126953125 0.0276251220703125
7 0.885213623046875 0.46122222900390625 0.05942626953125 0.0720562744140625
2 0.937547607421875 0.329951171875 0.03341552734375 0.0391510009765625
2 0.9067498779296875 0.3104998779296875 0.02425048828125 0.0280999755859375
2 0.89532470703125 0.29993865966796873 0.02485107421875 0.0281268310546875
2 0.9570452880859375 0.11775726318359375 0.02140869140625 0.0332647705078125
2 0.9684564208984375 0.08580230712890625 0.021162109375 0.02714599609375
2 0.9335009765625 0.10025054931640626 0.030855712890625 0.0285003662109375
3 0.965352783203125 0.13950439453125 0.036207275390625 0.0645098876953125
7 0.343563232421875 0.1574371337890625 0.070404052734375 0.0658746337890625
