7 0.0554864501953125 0.14309341430664063 0.0482769775390625 0.05906341552734375
7 0.0351251220703125 0.21962501525878905 0.033299560546875 0.037250213623046875
2 0.175999755859375 0.2240625 0.0261669921875 0.01537506103515625
2 0.27420501708984374 0.23896072387695313 0.030089111328125 0.0198284912109375
2 0.187880859375 0.29352928161621095 0.0287384033203125 0.0341912841796875
2 0.15100921630859376 0.3136766052246094 0.03023193359375 0.01610260009765625
2 0.15179412841796874 0.33096023559570314 0.028837890625 0.017420501708984376
2 0.13162567138671874 0.39993751525878907 0.0385235595703125 0.03387527465820313
7 0.04067596435546875 0.3676983642578125 0.0436474609375 0.0641033935546875
7 0.09994110107421875 0.5143687438964843 0.053118896484375 0.0457373046875
7 0.3263751220703125 0.8092498779296875 0.0476226806640625 0.04975006103515625
2 0.9934902954101562 0.38877876281738283 0.0312298583984375 0.026942901611328125
2 0.9707907104492187 0.2468017578125 0.0160821533203125 0.0283978271484375
7 0.775115966796875 0.2836988067626953 0.0464215087890625 0.06637283325195313
