0 0.15022369384765624 0.082314453125 0.034825439453125 0.0398291015625
0 0.23064605712890626 0.10482025146484375 0.025096435546875 0.024927978515625
0 0.1426806640625 0.35921234130859375 0.047120361328125 0.0380523681640625
0 0.23470733642578126 0.29796188354492187 0.0272314453125 0.02307891845703125
0 0.0375457763671875 0.22136398315429687 0.0212860107421875 0.02596649169921875
0 0.21542877197265625 0.20669158935546875 0.0293621826171875 0.0349725341796875
0 0.25769989013671873 0.20937881469726563 0.03177001953125 0.03501434326171875
0 0.3279763793945312 0.10537948608398437 0.0254937744140625 0.02548004150390625
0 0.37270172119140627 0.10507278442382813 0.0269696044921875 0.02994598388671875
0 0.419775390625 0.1043170166015625 0.0233819580078125 0.02901763916015625
0 0.46351104736328125 0.1076153564453125 0.039554443359375 0.03897796630859375
0 0.507833251953125 0.10745849609375 0.03148193359375 0.03771942138671875
0 0.3409768676757812 0.212080078125 0.0236810302734375 0.0290765380859375
0 0.3815948486328125 0.21043167114257813 0.02038330078125 0.028177490234375
0 0.42106964111328127 0.20954086303710937 0.0201019287109375 0.02644927978515625
0 0.5550799560546875 0.1363702392578125 0.024061279296875 0.0282318115234375
0 0.6432052612304687 0.10789398193359374 0.0398681640625 0.03957305908203125
0 0.5859921264648438 0.20920059204101563 0.0221905517578125 0.0312017822265625
0 0.6672662353515625 0.2077337646484375 0.0209832763671875 0.0251800537109375
0 0.7273486328125 0.3564178466796875 0.027845458984375 0.02640625
0 0.7648690795898437 0.221800537109375 0.017965087890625 0.02637481689453125
0 0.7889749145507813 0.2209490966796875 0.0194305419921875 0.02642578125
0 0.8025482177734375 0.11318939208984374 0.0242437744140625 0.024276123046875
0 0.90594482421875 0.11549240112304687 0.0239691162109375 0.025643310546875
0 0.9313311767578125 0.11406845092773438 0.0188671875 0.0245098876953125
0 0.955277099609375 0.1128753662109375 0.0207012939453125 0.0212664794921875
0 0.8731976318359375 0.2230157470703125 0.018905029296875 0.0230267333984375
0 0.90680908203125 0.22137954711914062 0.01978759765625 0.02416717529296875
0 0.9332330322265625 0.221383056640625 0.02100830078125 0.023026123046875
0 0.98730224609375 0.22062835693359376 0.0230621337890625 0.0267962646484375
0 0.9346463012695313 0.2952384948730469 0.0270947265625 0.0218890380859375
0 0.9767330932617188 0.4449960327148437 0.0365802001953125 0.04073638916015625
0 0.7447598266601563 0.9940936279296875 0.016505126953125 0.013045654296875
0 0.74534912109375 0.978184814453125 0.0168060302734375 0.0143890380859375
0 0.746348876953125 0.9621426391601563 0.0130511474609375 0.013038330078125
0 0.81298583984375 0.9639532470703125 0.0229541015625 0.0196282958984375
0 0.8392340087890625 0.985870361328125 0.0210650634765625 0.0169000244140625
0 0.88268310546875 0.9858868408203125 0.0215960693359375 0.020384521484375
