0 0.023849334716796875 0.05730216979980469 0.03698822021484375 0.03640350341796875
0 0.026939544677734375 0.3923066711425781 0.0211175537109375 0.02773193359375
0 0.0958111572265625 0.2854295349121094 0.04067657470703125 0.040713958740234375
0 0.2019879150390625 0.284632568359375 0.0376593017578125 0.038236236572265624
0 0.2503421020507812 0.28388824462890627 0.038031005859375 0.04459518432617188
0 0.34079986572265625 0.17572830200195313 0.0190313720703125 0.0213848876953125
0 0.284462890625 0.14574172973632812 0.0249163818359375 0.028302001953125
0 0.46123260498046875 0.17713836669921876 0.0205523681640625 0.02515716552734375
0 0.388433837890625 0.17831390380859374 0.0410821533203125 0.04036041259765625
0 0.2988241577148438 0.2839630126953125 0.0390032958984375 0.046961669921875
0 0.343511962890625 0.28538818359375 0.036529541015625 0.03519775390625
0 0.4294140625 0.28424652099609377 0.0359588623046875 0.0374810791015625
0 0.47392120361328127 0.2853800201416016 0.0376373291015625 0.038395233154296875
0 0.5598233032226563 0.17563690185546876 0.023414306640625 0.02485137939453125
0 0.5793466186523437 0.22718826293945313 0.04521240234375 0.04206085205078125
0 0.5612808227539062 0.27967750549316406 0.017125244140625 0.0242962646484375
0 0.6523895263671875 0.2801762390136719 0.027125244140625 0.027057647705078125
0 0.6942825317382812 0.3170751190185547 0.0271368408203125 0.026446685791015626
0 0.69377197265625 0.3416178894042969 0.0252301025390625 0.025660552978515626
0 0.6953680419921875 0.3807448577880859 0.032764892578125 0.03285003662109375
0 0.5923846435546875 0.4383648681640625 0.0259381103515625 0.02425506591796875
0 0.5216696166992187 0.39279067993164063 0.0224554443359375 0.026038818359375
0 0.44978057861328125 0.3901242828369141 0.02434326171875 0.02491943359375
0 0.9627236938476562 0.894814453125 0.034825439453125 0.0398291015625
0 0.15162078857421876 0.9268380737304688 0.0384234619140625 0.0496710205078125
0 0.015728759765625 0.9214932250976563 0.0216192626953125 0.02631561279296875
0 0.1071234130859375 0.9207080078125 0.0216192626953125 0.02631561279296875
0 0.1989898681640625 0.9213359069824218 0.042874755859375 0.04169097900390625
0 0.2464910888671875 0.9220333862304687 0.0403204345703125 0.041600341796875
0 0.29075469970703127 0.9234832763671875 0.0411395263671875 0.0477679443359375
0 0.3364523315429688 0.9252105712890625 0.0411395263671875 0.0477679443359375
0 0.38513275146484377 0.9242681884765624 0.04114013671875 0.0477679443359375
0 0.430987548828125 0.9215985107421875 0.04114013671875 0.0477679443359375
0 0.47652099609375 0.9197767639160156 0.041568603515625 0.04282135009765625
0 0.4772296142578125 0.8251411437988281 0.019786376953125 0.02779510498046875
0 0.5127243041992188 0.8251426696777344 0.020885009765625 0.02541168212890625
0 0.570037841796875 0.9230526733398438 0.04334228515625 0.0445977783203125
0 0.616307373046875 0.9188130187988282 0.043026123046875 0.037554931640625
