2 0.6084622192382813 0.4360530090332031 0.0104742431640625 0.03278289794921875
2 0.5478640747070312 0.308306884765625 0.019779052734375 0.01093719482421875
2 0.30786041259765623 0.1357122802734375 0.0106439208984375 0.02465484619140625
2 0.35380462646484373 0.041509246826171874 0.0106439208984375 0.02465484619140625
2 0.3959283447265625 0.03546157836914063 0.01064453125 0.02465484619140625
2 0.4271343994140625 0.03664535522460938 0.0106439208984375 0.02465484619140625
2 0.4419647216796875 0.03728439331054687 0.0106439208984375 0.02465484619140625
2 0.5464373779296875 0.07087509155273437 0.02987548828125 0.01641387939453125
2 0.8393093872070313 0.050548553466796875 0.011883544921875 0.02334686279296875
2 0.7062506103515624 0.06456268310546875 0.014000244140625 0.02347564697265625
2 0.6216879272460938 0.08774993896484375 0.0111248779296875 0.0255267333984375
