2 0.3047808837890625 0.8762054443359375 0.0167816162109375 0.0277996826171875
2 0.2910101318359375 0.8733078002929687 0.016766357421875 0.0277972412109375
2 0.27653167724609373 0.8684622192382813 0.01587646484375 0.0246929931640625
2 0.2616790771484375 0.866767578125 0.0158758544921875 0.0246923828125
2 0.24788665771484375 0.8613397216796875 0.014466552734375 0.0192694091796875
2 0.04481201171875 0.7532498168945313 0.014488525390625 0.02550048828125
2 0.9734375 0.514749755859375 0.0234857177734375 0.0179998779296875
2 0.9593264770507812 0.604501953125 0.023653564453125 0.0152447509765625
2 0.9339590454101563 0.6758334350585937 0.02494384765625 0.016666259765625
2 0.8027804565429687 0.7595608520507813 0.0216668701171875 0.0158782958984375
2 0.961336669921875 0.7699188232421875 0.0274237060546875 0.01833740234375
2 0.90487548828125 0.8220001220703125 0.025396728515625 0.017750244140625
2 0.96607177734375 0.826173095703125 0.028819580078125 0.019403076171875
2 0.42146026611328125 0.8787570190429688 0.022330322265625 0.0197650146484375
2 0.450909423828125 0.9337652587890625 0.0286822509765625 0.017738037109375
2 0.4518121337890625 0.9491879272460938 0.0256402587890625 0.01487548828125
2 0.4577264404296875 0.9636221313476563 0.024798583984375 0.011756591796875
2 0.4562265014648437 0.9786221313476563 0.024798583984375 0.011756591796875
2 0.4556024169921875 0.9936895751953125 0.031295166015625 0.011378173828125
