7 0.28795318603515624 0.09064008831977845 0.0615936279296875 0.06550410747528077
7 0.7045318603515625 0.023931964635849 0.03850830078125 0.046994335651397705
2 0.487376708984375 0.1361071014404297 0.011083984375 0.031049346923828124
2 0.1250628662109375 0.4046250534057617 0.0198443603515625 0.00875
7 0.6361102294921875 0.41527442932128905 0.0546624755859375 0.06919097900390625
7 0.6279525756835938 0.4842188262939453 0.0597027587890625 0.036985855102539066
2 0.5385629272460938 0.48450000762939455 0.0226275634765625 0.011750030517578124
2 0.5060629272460937 0.4708749771118164 0.0226275634765625 0.011750030517578124
2 0.4315625 0.48499996185302735 0.009375 0.025342178344726563
2 0.39840240478515626 0.5281230545043946 0.02344482421875 0.012256088256835938
2 0.4325177001953125 0.4009194564819336 0.009375 0.02534210205078125
2 0.4072906494140625 0.5564292526245117 0.0249200439453125 0.015141830444335938
2 0.5406500244140625 0.6029980850219726 0.0246990966796875 0.010253524780273438
2 0.6974624633789063 0.5841908264160156 0.0550390625 0.0694793701171875
2 0.5246133422851562 0.7306202697753906 0.0277734375 0.01509918212890625
2 0.559588623046875 0.7442983245849609 0.0275738525390625 0.01515350341796875
2 0.41318756103515625 0.7845626068115235 0.0277178955078125 0.016624908447265625
7 0.2728759765625 0.8453509521484375 0.0479840087890625 0.06531265258789062
2 0.5684378051757812 0.9306877136230469 0.0331658935546875 0.02537506103515625
2 0.6010006713867188 0.9709999084472656 0.0221417236328125 0.024500274658203126
7 0.6272872924804688 0.8531234741210938 0.078026123046875 0.05149002075195312
7 0.7325180053710938 0.8150223541259766 0.0525555419921875 0.060907745361328126
2 0.7773135375976562 0.9420443725585937 0.0278741455078125 0.01716156005859375
2 0.8053131103515625 0.9341692352294921 0.0278741455078125 0.01716156005859375
2 0.8345632934570313 0.92554443359375 0.0278741455078125 0.01716156005859375
2 0.83025634765625 0.9785146331787109 0.033011474609375 0.021279449462890624
2 0.8592138671875 0.96868408203125 0.0291802978515625 0.0203607177734375
2 0.8326251220703125 0.6930624389648438 0.022249755859375 0.01087493896484375
2 0.9434622192382812 0.7096829986572266 0.024825439453125 0.011384124755859376
2 0.935687255859375 0.692437515258789 0.0316253662109375 0.0123779296875
2 0.9375628662109375 0.6279375076293945 0.0217523193359375 0.011124954223632813
2 0.8618124389648437 0.589749984741211 0.0098748779296875 0.02524993896484375
2 0.938944091796875 0.5431940078735351 0.0273876953125 0.012612228393554687
2 0.89893798828125 0.500625 0.0091259765625 0.0270001220703125
2 0.9313723754882812 0.4655908966064453 0.0192584228515625 0.011431884765625
2 0.9269387817382813 0.21312501907348633 0.0201251220703125 0.009517288208007813
2 0.8956906127929688 0.2584311294555664 0.00911865234375 0.0226123046875
2 0.894190673828125 0.23118114471435547 0.00911865234375 0.0226123046875
2 0.892750244140625 0.14306249618530273 0.008499755859375 0.02487499237060547
2 0.9293756103515625 0.08293753862380981 0.0225 0.010628561973571777
