2 0.1591229248046875 0.48837234497070314 0.017637939453125 0.01882659912109375
2 0.18940277099609376 0.5080886840820312 0.0158514404296875 0.0173223876953125
2 0.18450927734375 0.4478350830078125 0.0133966064453125 0.01527130126953125
5 0.2369781494140625 0.4561328125 0.010543212890625 0.0179840087890625
5 0.2485626220703125 0.4629998779296875 0.009375 0.0179998779296875
5 0.25931304931640625 0.46546981811523436 0.009373779296875 0.01793975830078125
2 0.920089111328125 0.2444940185546875 0.0160711669921875 0.00685516357421875
3 0.6464340209960937 0.199544677734375 0.0218133544921875 0.0091046142578125
3 0.6467791748046875 0.19002655029296875 0.0218133544921875 0.0091046142578125
3 0.6537307739257813 0.18115127563476563 0.0242913818359375 0.00719635009765625
3 0.6549691772460937 0.17090301513671874 0.0248406982421875 0.0091046142578125
3 0.6512088012695313 0.16142044067382813 0.0192242431640625 0.0068316650390625
3 0.653607177734375 0.15190078735351562 0.024840087890625 0.0091046142578125
3 0.6534506225585938 0.1405213928222656 0.0192236328125 0.0068316650390625
3 0.6536062622070312 0.13081329345703124 0.0192236328125 0.00683135986328125
3 0.654444580078125 0.12066192626953125 0.0247613525390625 0.0087744140625
3 0.6531927490234375 0.11067306518554687 0.0192236328125 0.00683135986328125
3 0.6548660278320313 0.10001678466796875 0.0192236328125 0.00683135986328125
3 0.6035665893554687 0.14245071411132812 0.0074298095703125 0.0201068115234375
3 0.5911517333984375 0.15956039428710939 0.0075 0.01851287841796875
3 0.5397311401367187 0.16528091430664063 0.009537353515625 0.0260394287109375
3 0.5192669677734375 0.16140243530273438 0.0083160400390625 0.01786590576171875
3 0.5082345581054688 0.164910888671875 0.008016357421875 0.02412384033203125
3 0.4983367919921875 0.16468719482421876 0.0080157470703125 0.02412384033203125
3 0.45871002197265626 0.168212890625 0.0084136962890625 0.02103179931640625
3 0.437923583984375 0.16914459228515624 0.00919189453125 0.02696319580078125
3 0.5929437255859376 0.20580413818359375 0.017640380859375 0.0068389892578125
3 0.5657244873046875 0.207037353515625 0.0193475341796875 0.00740753173828125
3 0.5343923950195313 0.2077001953125 0.01941650390625 0.0072088623046875
3 0.4364559936523438 0.20883880615234374 0.0218133544921875 0.00796661376953125
5 0.33769561767578127 0.14064682006835938 0.009984130859375 0.01253509521484375
5 0.3343023681640625 0.12444091796875 0.0091680908203125 0.01095703125
5 0.33244354248046876 0.108782958984375 0.008133544921875 0.01096771240234375
3 0.49720458984375 0.04830062866210937 0.0071588134765625 0.013416748046875
3 0.5062411499023437 0.04634902954101563 0.0064483642578125 0.01634490966796875
3 0.5167413330078126 0.0464508056640625 0.005611572265625 0.0162225341796875
3 0.5274343872070313 0.045963287353515625 0.0056109619140625 0.0162225341796875
3 0.5472140502929688 0.04743759155273437 0.0061004638671875 0.01303741455078125
5 0.770625 0.04324996948242187 0.00875 0.01225006103515625
5 0.7591250610351562 0.043125 0.00875 0.01225006103515625
5 0.748125 0.04300003051757813 0.00875 0.01225006103515625
5 0.7365625 0.04256256103515625 0.0098748779296875 0.0123748779296875
5 0.7369998168945312 0.027749786376953123 0.00824951171875 0.012249755859375
5 0.7488751220703125 0.028125 0.00875 0.01225006103515625
5 0.75937255859375 0.028494110107421877 0.0082550048828125 0.01223785400390625
5 0.7706246948242188 0.028499908447265625 0.00875 0.012249755859375
5 0.7711248779296875 0.013249969482421875 0.00875 0.01225006103515625
5 0.759312744140625 0.013125 0.007874755859375 0.01225006103515625
5 0.7481875610351563 0.013125152587890624 0.0078753662109375 0.0119146728515625
5 0.7367218017578125 0.012689971923828125 0.0083056640625 0.0118707275390625
5 0.09010498046875 0.42924072265625 0.01529022216796875 0.019268798828125
5 0.0820770263671875 0.42381500244140624 0.0150958251953125 0.0188702392578125
5 0.07370162963867187 0.4185646057128906 0.0150958251953125 0.0188702392578125
5 0.06445205688476563 0.4126898193359375 0.0150958251953125 0.0188702392578125
5 0.05745208740234375 0.40743988037109374 0.0150958251953125 0.0188702392578125
5 0.04064743041992187 0.3878480529785156 0.02195556640625 0.0264459228515625
2 0.10573837280273438 0.2877532958984375 0.01422637939453125 0.00599365234375
2 0.08593765258789063 0.2895002746582031 0.01298431396484375 0.00574981689453125
2 0.06828201293945313 0.28968460083007813 0.01356414794921875 0.00711944580078125
2 0.1738409423828125 0.4991058349609375 0.0158514404296875 0.0173223876953125
2 0.16587066650390625 0.4941717529296875 0.0158514404296875 0.0173223876953125
