2 0.033236846923828126 0.2739057731628418 0.028128509521484376 0.023811454772949218
2 0.048812484741210936 0.9837500762939453 0.027766571044921876 0.03324996948242188
2 0.3276251220703125 0.8785623931884765 0.0336083984375 0.0273748779296875
2 0.366812744140625 0.9339375305175781 0.027940673828125 0.034625091552734376
7 0.15325485229492186 0.8180390930175782 0.02833831787109375 0.0533404541015625
2 0.027625045776367187 0.6855625915527344 0.015 0.03233154296875
2 0.2114722442626953 0.6959424591064454 0.01780548095703125 0.03261505126953125
2 0.41600006103515624 0.6958126068115235 0.015 0.034744873046875
2 0.43157737731933593 0.6943180084228515 0.014345550537109375 0.029635772705078126
2 0.5408125305175782 0.7238750457763672 0.03837493896484375 0.02103485107421875
2 0.5890788269042969 0.7211286926269531 0.0293426513671875 0.01875732421875
2 0.5990625 0.6984999847412109 0.0163751220703125 0.029975128173828126
2 0.5932731628417969 0.039820651412010195 0.0152960205078125 0.03110870599746704
2 0.5685624694824218 0.12875001907348632 0.026875 0.015541954040527344
2 0.5679347229003906 0.14540275573730468 0.02788055419921875 0.017739391326904295
2 0.5643125915527344 0.20174999237060548 0.02787506103515625 0.01908294677734375
2 0.6996875 0.2803124809265137 0.0163751220703125 0.034798583984375
2 0.7138749694824219 0.28418750762939454 0.01449981689453125 0.0294970703125
2 0.7378959655761719 0.28631542205810545 0.0144586181640625 0.02388092041015625
2 0.7984373474121094 0.2840625 0.01462493896484375 0.032238311767578125
7 0.7266877746582031 0.16543746948242188 0.0748748779296875 0.06156009674072266
2 0.6450505065917969 0.36672889709472656 0.01810089111328125 0.02595794677734375
2 0.61538818359375 0.3891829681396484 0.01580108642578125 0.03088409423828125
2 0.6169998168945312 0.48012504577636717 0.015 0.03103851318359375
2 0.7808331298828125 0.36969730377197263 0.01408355712890625 0.02710540771484375
2 0.7661875915527344 0.3657500076293945 0.014375 0.026407012939453123
2 0.9269374084472656 0.3448124694824219 0.0348150634765625 0.020124969482421876
2 0.9805514526367187 0.036818351149559024 0.03229095458984375 0.024136810302734374
2 0.9823126220703124 0.05150004863739013 0.028690185546875 0.020250005722045897
2 0.9933570861816406 0.07545246958732604 0.03296417236328125 0.025345101356506347
7 0.9050450134277344 0.21587848663330078 0.0390899658203125 0.053992996215820314
7 0.7417193603515625 0.5108695983886719 0.0513116455078125 0.06126075744628906
7 0.8946113586425781 0.6156532287597656 0.07002716064453125 0.06394363403320312
2 0.8096875 0.7622501373291015 0.03859039306640625 0.02274993896484375
2 0.7273121643066406 0.8728540802001953 0.018369140625 0.037213592529296874
