7 0.392501220703125 0.010000762939453125 0.0415771484375 0.0272509765625
2 0.3210009765625 0.07281219482421875 0.031575927734375 0.0291253662109375
2 0.313106689453125 0.08418785095214844 0.03503662109375 0.03287551879882813
2 0.3036212158203125 0.0952859115600586 0.036007080078125 0.03507156372070312
7 0.0672265625 0.2580194091796875 0.0422021484375 0.0549615478515625
2 0.03025054931640625 0.4040005493164063 0.0270367431640625 0.02875
2 0.02125 0.3910003662109375 0.031148681640625 0.03375
2 0.008938674926757812 0.38268768310546875 0.02313018798828125 0.0363751220703125
2 0.15318695068359375 0.862437744140625 0.0229766845703125 0.0328753662109375
2 0.22884124755859375 0.939935302734375 0.0378167724609375 0.018870849609375
2 0.22800537109375 0.9537551879882813 0.0277410888671875 0.0147406005859375
2 0.26620361328125 0.8149346923828125 0.03059326171875 0.022880859375
2 0.3029364013671875 0.7269992065429688 0.037315673828125 0.03175048828125
2 0.32625 0.710625 0.031514892578125 0.0232501220703125
2 0.175015869140625 0.5244821166992187 0.0312823486328125 0.0325457763671875
2 0.149803466796875 0.5082766723632812 0.0323931884765625 0.0343988037109375
2 0.13940643310546874 0.49439971923828124 0.022310791015625 0.023951416015625
7 0.2581878662109375 0.45762451171875 0.057125244140625 0.0577197265625
7 0.19245391845703125 0.38367279052734377 0.056092529296875 0.055345458984375
7 0.13274658203125 0.3478201293945313 0.0459918212890625 0.04535888671875
2 0.4037493896484375 0.541500244140625 0.0298291015625 0.0322503662109375
2 0.5152020263671875 0.9473577880859375 0.0180126953125 0.0360345458984375
2 0.6538128662109375 0.5066873168945313 0.030880126953125 0.0276251220703125
7 0.953963623046875 0.46122222900390625 0.05942626953125 0.0720562744140625
2 0.9754998779296875 0.3104998779296875 0.02425048828125 0.0280999755859375
2 0.96407470703125 0.29993865966796873 0.02485107421875 0.0281268310546875
7 0.412313232421875 0.1574371337890625 0.070404052734375 0.0658746337890625
