2 0.021437530517578126 0.553125 0.02962493896484375 0.016517333984375
7 0.08268753051757813 0.39006240844726564 0.0251251220703125 0.04129119873046875
2 0.2560624694824219 0.039375 0.02337493896484375 0.02980743408203125
2 0.24664825439453125 0.3095309448242187 0.017296142578125 0.0338116455078125
2 0.23585525512695313 0.3329461669921875 0.02153900146484375 0.03189208984375
2 0.244161376953125 0.5417707824707031 0.0164276123046875 0.03154144287109375
3 0.27357040405273436 0.5809037780761719 0.01964080810546875 0.04369293212890625
2 0.24400787353515624 0.6342233276367187 0.01648468017578125 0.031802978515625
2 0.27375030517578125 0.6480625915527344 0.015533447265625 0.03012481689453125
2 0.25806167602539065 0.67994873046875 0.013126220703125 0.0291217041015625
2 0.2701249694824219 0.73625 0.01375 0.0275
2 0.25610244750976563 0.7736906433105468 0.0137945556640625 0.02913116455078125
3 0.811181640625 0.7475144958496094 0.0288629150390625 0.04322174072265625
3 0.8103147888183594 0.6529386901855468 0.0143707275390625 0.03437774658203125
2 0.5436756896972657 0.5803047180175781 0.01414825439453125 0.03035980224609375
2 0.5145625305175782 0.50875 0.01287506103515625 0.025
2 0.5445599365234375 0.50255126953125 0.01487884521484375 0.03014739990234375
2 0.5153125 0.2814373779296875 0.02798553466796875 0.016125030517578125
2 0.9547500610351562 0.2795624542236328 0.0357476806640625 0.0173748779296875
2 0.9858749389648438 0.27893753051757814 0.03125 0.01789642333984375
