0 0.9627236938476562 0.082314453125 0.034825439453125 0.0398291015625
0 0.15162078857421876 0.11433807373046875 0.0384234619140625 0.0496710205078125
0 0.015728759765625 0.10899322509765624 0.0216192626953125 0.02631561279296875
0 0.1071234130859375 0.1082080078125 0.0216192626953125 0.02631561279296875
0 0.1989898681640625 0.10883590698242188 0.042874755859375 0.04169097900390625
0 0.2464910888671875 0.10953338623046875 0.0403204345703125 0.041600341796875
0 0.29075469970703127 0.1109832763671875 0.0411395263671875 0.0477679443359375
0 0.3364523315429688 0.1127105712890625 0.0411395263671875 0.0477679443359375
0 0.38513275146484377 0.1117681884765625 0.04114013671875 0.0477679443359375
0 0.430987548828125 0.1090985107421875 0.04114013671875 0.0477679443359375
0 0.47652099609375 0.10727676391601562 0.041568603515625 0.04282135009765625
0 0.4772296142578125 0.01326934814453125 0.019786376953125 0.0265386962890625
0 0.5127243041992188 0.012658462524414063 0.020885009765625 0.0253485107421875
0 0.570037841796875 0.11055267333984375 0.04334228515625 0.0445977783203125
0 0.616307373046875 0.10631301879882812 0.043026123046875 0.037554931640625
0 0.4973809814453125 0.2316973876953125 0.02811279296875 0.03433319091796875
0 0.45452423095703126 0.23499282836914062 0.0358026123046875 0.03455322265625
0 0.41113800048828125 0.2361016845703125 0.0405169677734375 0.0389642333984375
0 0.2586557006835937 0.23507980346679688 0.0293634033203125 0.0315533447265625
0 0.32737152099609373 0.8729365539550781 0.0571148681640625 0.0571002197265625
0 0.5262890625 0.9287310791015625 0.044637451171875 0.0409375
0 0.9551806640625 0.35921234130859375 0.047120361328125 0.0380523681640625
0 0.8500457763671875 0.22136398315429687 0.0212860107421875 0.02596649169921875
