2 0.87183837890625 0.012982635498046876 0.00666015625 0.01597869873046875
2 0.97533447265625 0.1363189697265625 0.0073883056640625 0.01698333740234375
2 0.7658108520507813 0.0762921142578125 0.0100457763671875 0.0198388671875
2 0.6648287963867188 0.12867645263671876 0.0142974853515625 0.0061309814453125
2 0.5878436279296875 0.12190963745117188 0.017994384765625 0.00783447265625
2 0.524012451171875 0.14835098266601562 0.017359619140625 0.00742034912109375
2 0.5271273803710937 0.13953628540039062 0.0149774169921875 0.0066412353515625
2 0.5279620361328125 0.13118240356445313 0.015538330078125 0.00769134521484375
2 0.5470068359375 0.12307662963867187 0.015716552734375 0.00659271240234375
2 0.4673260498046875 0.14127059936523437 0.0165191650390625 0.007265625
2 0.466414794921875 0.12451919555664062 0.0155218505859375 0.00618133544921875
2 0.546634521484375 0.113323974609375 0.0146978759765625 0.00659759521484375
2 0.46723846435546873 0.098214111328125 0.0143829345703125 0.00631866455078125
2 0.5254019165039062 0.08839202880859375 0.0153631591796875 0.006728515625
2 0.5896981811523437 0.07843399047851562 0.014835205078125 0.0066070556640625
2 0.5460092163085938 0.07926071166992188 0.014271240234375 0.006588134765625
2 0.48441009521484374 0.07204696655273438 0.01574462890625 0.00645599365234375
2 0.5881393432617188 0.06985183715820313 0.0154803466796875 0.00701202392578125
2 0.6125613403320312 0.05384963989257813 0.0078460693359375 0.01621612548828125
2 0.48540924072265623 0.11462142944335937 0.0132489013671875 0.0067156982421875
2 0.586295166015625 0.009478912353515626 0.016546630859375 0.00769073486328125
2 0.5444769287109374 0.05343551635742187 0.013519287109375 0.00742645263671875
2 0.525040283203125 0.044095458984375 0.0166766357421875 0.00686431884765625
2 0.5280905151367188 0.03653823852539063 0.0135986328125 0.0063189697265625
2 0.5256182861328125 0.01895599365234375 0.01607177734375 0.0079681396484375
2 0.545286865234375 0.017913665771484375 0.0158489990234375 0.00698089599609375
2 0.4640673828125 0.046702117919921876 0.0154974365234375 0.006591796875
2 0.48450714111328125 0.037746429443359375 0.015498046875 0.0065911865234375
2 0.46483673095703126 0.028790130615234374 0.0154974365234375 0.0065911865234375
2 0.483902587890625 0.020108795166015624 0.0154974365234375 0.0065911865234375
2 0.4846994018554687 0.011152496337890625 0.0154974365234375 0.0065911865234375
2 0.46379241943359373 0.01071319580078125 0.0154974365234375 0.0065911865234375
2 0.42163238525390623 0.03893890380859375 0.016341552734375 0.00809722900390625
2 0.3635992431640625 0.0572802734375 0.0132012939453125 0.00714263916015625
2 0.426474609375 0.12616806030273436 0.013663330078125 0.00645660400390625
2 0.42685943603515625 0.11817352294921875 0.013663330078125 0.00645660400390625
2 0.42669464111328126 0.1093548583984375 0.013663330078125 0.00645660400390625
2 0.2549853515625 0.2505210876464844 0.0209820556640625 0.0088018798828125
2 0.107589111328125 0.2444940185546875 0.0160711669921875 0.00685516357421875
