2 0.09215789794921875 0.4510382080078125 0.0268023681640625 0.012705078125
2 0.144755859375 0.432391357421875 0.012867431640625 0.0246136474609375
2 0.13014190673828124 0.43152313232421874 0.0089971923828125 0.021595458984375
7 0.031090087890625 0.4171392822265625 0.034190673828125 0.0305535888671875
2 0.7826931762695313 0.040670166015625 0.0113861083984375 0.0221588134765625
7 0.384632568359375 0.09407253265380859 0.043955078125 0.058047637939453126
2 0.5354983520507812 0.06269805908203124 0.0344952392578125 0.016104736328125
2 0.579375 0.11 0.010250244140625 0.0270001220703125
2 0.57875 0.07837493896484375 0.010250244140625 0.0270001220703125
2 0.6288751220703125 0.08850006103515624 0.010250244140625 0.0270001220703125
2 0.8038192749023437 0.3315057373046875 0.0126129150390625 0.023739013671875
2 0.736268310546875 0.339840087890625 0.009964599609375 0.0201800537109375
2 0.6467919921875 0.3022125244140625 0.017415771484375 0.0269659423828125
2 0.6348745727539062 0.24512481689453125 0.01425048828125 0.0338836669921875
2 0.8578756713867187 0.4441873168945312 0.0242498779296875 0.0126348876953125
2 0.42236846923828125 0.42832672119140625 0.0265142822265625 0.01709716796875
2 0.3928118896484375 0.4169378662109375 0.017181396484375 0.026875
2 0.37816864013671875 0.4190020751953125 0.0159136962890625 0.02799560546875
2 0.3471875 0.4273748779296875 0.014625244140625 0.0263153076171875
2 0.29424835205078126 0.4507839965820313 0.022254638671875 0.01318115234375
2 0.22593719482421876 0.5445004272460937 0.023125 0.011282958984375
2 0.2913726806640625 0.6373025512695313 0.023125 0.011282958984375
2 0.2858721923828125 0.7258029174804688 0.023125 0.011282958984375
3 0.2625091552734375 0.6943621826171875 0.01407958984375 0.0357769775390625
3 0.2657977294921875 0.6573648071289062 0.014404296875 0.0312701416015625
2 0.21403045654296876 0.7578811645507812 0.024830322265625 0.0127191162109375
2 0.3083502197265625 0.913131103515625 0.024354248046875 0.021551513671875
2 0.3041094970703125 0.9265576171875 0.0243536376953125 0.021551513671875
2 0.584315185546875 0.5653622436523438 0.025194091796875 0.0111376953125
2 0.5647174072265625 0.7510952758789062 0.025089111328125 0.0109222412109375
2 0.9103466796875 0.8219473266601562 0.025543212890625 0.0125323486328125
2 0.9309378051757813 0.6446878051757813 0.025374755859375 0.02639404296875
2 0.9203134155273438 0.4456146240234375 0.0198724365234375 0.01097900390625
2 0.9956246948242188 0.3329766845703125 0.009998779296875 0.0260479736328125
2 0.9093765258789063 0.029974822998046876 0.009752197265625 0.02355133056640625
2 0.9240628051757812 0.02943756103515625 0.0106280517578125 0.027874755859375
2 0.9471267700195313 0.02247467041015625 0.0097528076171875 0.02355133056640625
