2 0.285982608795166 0.020357818603515626 0.022124824523925782 0.0241888427734375
2 0.29595270156860354 0.01395172119140625 0.022124824523925782 0.0241888427734375
3 0.3716300964355469 0.03996734619140625 0.03692955017089844 0.032894287109375
2 0.44012500762939455 0.06668746948242188 0.024344024658203126 0.02337493896484375
2 0.46617733001708983 0.17019622802734374 0.02709625244140625 0.018323974609375
2 0.4699089813232422 0.1572314453125 0.027085113525390624 0.0182177734375
2 0.6618123626708985 0.33212554931640625 0.026071014404296874 0.0102496337890625
2 0.6181875610351563 0.33093719482421874 0.024728317260742188 0.0101251220703125
2 0.582562484741211 0.3321875 0.024728317260742188 0.0101251220703125
2 0.2100202751159668 0.3035595703125 0.022941970825195314 0.0111865234375
2 0.07473433971405029 0.4578439331054687 0.009647645950317384 0.022138671875
2 0.10563480377197265 0.5002099609375 0.02167226791381836 0.0096588134765625
2 0.10467282295227051 0.5128106689453125 0.02167228698730469 0.009659423828125
2 0.07117729187011719 0.5485958862304687 0.010050334930419923 0.0262841796875
2 0.10077461242675781 0.5898687744140625 0.02167226791381836 0.0096588134765625
2 0.10037191390991211 0.6181292724609375 0.02167226791381836 0.0096588134765625
2 0.06753316402435303 0.6444647216796875 0.010278806686401368 0.0249493408203125
2 0.09490708351135253 0.749161376953125 0.022154502868652344 0.010064697265625
2 0.06403802394866943 0.7990072631835937 0.010347681045532226 0.0253076171875
2 0.08773765563964844 0.8559841918945312 0.01977132797241211 0.011185302734375
2 0.08801732778549194 0.96840087890625 0.021716313362121584 0.0120245361328125
2 0.6768264770507812 0.7457901000976562 0.023653106689453127 0.0218304443359375
2 0.6102058792114258 0.734190673828125 0.02566162109375 0.011368408203125
2 0.6442059135437012 0.7181912231445312 0.025661964416503907 0.01136962890625
2 0.6398308944702148 0.634190673828125 0.02566154479980469 0.011368408203125
2 0.5433969497680664 0.5921649169921875 0.025889739990234376 0.0115362548828125
2 0.42193748474121096 0.4864373779296875 0.009875030517578124 0.02487548828125
2 0.4751250076293945 0.48418731689453126 0.010000839233398437 0.02387451171875
2 0.4453750228881836 0.4175631713867187 0.010000839233398437 0.0238751220703125
2 0.5153750610351563 0.4178131103515625 0.010000839233398437 0.0238751220703125
2 0.5563750457763672 0.42293731689453123 0.010000839233398437 0.02387451171875
2 0.8866249084472656 0.7992489624023438 0.011750030517578124 0.0256982421875
2 0.7397500610351563 0.716375732421875 0.02137725830078125 0.0107501220703125
2 0.7091251373291015 0.705875244140625 0.02137725830078125 0.0107501220703125
2 0.7390001678466797 0.6909375 0.022245635986328127 0.010875244140625
2 0.7367500305175781 0.675062255859375 0.021999969482421874 0.01112548828125
2 0.7384999084472657 0.7038131713867187 0.021999969482421874 0.01112548828125
2 0.7381629943847656 0.66313720703125 0.024375 0.011505126953125
2 0.7417501068115234 0.6480630493164062 0.022000274658203124 0.0111260986328125
2 0.7037501525878906 0.6339382934570312 0.022000274658203124 0.0111260986328125
2 0.7088124084472657 0.609749755859375 0.0247369384765625 0.0110003662109375
2 0.7370001220703125 0.621812744140625 0.022000274658203124 0.0111260986328125
2 0.7079374694824219 0.5804998779296875 0.0247369384765625 0.0110003662109375
2 0.807479248046875 0.6370535278320313 0.024326934814453124 0.0113128662109375
2 0.8070397186279297 0.6493881225585938 0.0243267822265625 0.0113128662109375
2 0.836820068359375 0.6494979858398438 0.024326934814453124 0.0113128662109375
2 0.8396772766113281 0.6784542846679688 0.024326934814453124 0.0113128662109375
2 0.8070948028564453 0.6925747680664063 0.024326934814453124 0.0113128662109375
2 0.8398970794677735 0.6929592895507812 0.024326934814453124 0.0113128662109375
2 0.9043749237060547 0.731407470703125 0.02504119873046875 0.01145751953125
2 0.9033860015869141 0.712423095703125 0.02504119873046875 0.011458740234375
2 0.934814453125 0.7159674072265625 0.02504119873046875 0.011458740234375
2 0.9320398712158203 0.7289898681640625 0.02504119873046875 0.0114581298828125
2 0.9401441192626954 0.7031658935546875 0.02504119873046875 0.011458740234375
2 0.9356533050537109 0.6883575439453125 0.024355926513671876 0.0110009765625
2 0.9030706787109375 0.6891543579101562 0.024355926513671876 0.0110003662109375
2 0.903867416381836 0.6755279541015625 0.024355926513671876 0.0110009765625
2 0.9348838806152344 0.6602529907226562 0.024355926513671876 0.0110003662109375
2 0.9419162750244141 0.6750616455078124 0.03285125732421875 0.0114166259765625
2 0.9035377502441406 0.631104736328125 0.024355926513671876 0.0110009765625
2 0.9956820678710937 0.627445068359375 0.0291143798828125 0.028890380859375
2 0.98 0.442625732421875 0.025250244140625 0.025250244140625
2 0.959164810180664 0.4190362548828125 0.025670318603515624 0.0258221435546875
2 0.724244384765625 0.3305615234375 0.026739044189453123 0.012376708984375
2 0.7853956604003907 0.32281646728515623 0.028958892822265624 0.0183673095703125
2 0.7586959838867188 0.2052642822265625 0.024642181396484376 0.02547119140625
2 0.7584461212158203 0.12538913726806641 0.024642486572265625 0.0254718017578125
