6 0.8276316070556641 0.3551972961425781 0.020394744873046874 0.02236846923828125
6 0.8585526275634766 0.3551972961425781 0.020394744873046874 0.02236846923828125
6 0.8585526275634766 0.3551972961425781 0.020394744873046874 0.02236846923828125
6 0.8282894897460937 0.3841447448730469 0.020394744873046874 0.02236846923828125
6 0.8595394897460937 0.3848027038574219 0.020394744873046874 0.02236846923828125
6 0.8598683929443359 0.4150657653808594 0.020394744873046874 0.02236846923828125
6 0.8289473724365234 0.4150657653808594 0.020394744873046874 0.02236846923828125
6 0.8296052551269532 0.445 0.020394744873046874 0.0223681640625
6 0.8598683929443359 0.44598678588867186 0.020394744873046874 0.02236846923828125
6 0.9042763137817382 0.41407882690429687 0.020394668579101563 0.02236846923828125
6 0.9032894897460938 0.35322372436523436 0.020394744873046874 0.02236846923828125
6 0.9032894897460938 0.35322372436523436 0.020394744873046874 0.02236846923828125
6 0.9039473724365235 0.3848027038574219 0.020394744873046874 0.02236846923828125
6 0.9351973724365235 0.41407882690429687 0.020394744873046874 0.02236846923828125
6 0.934868392944336 0.38348678588867186 0.020394744873046874 0.02236846923828125
6 0.9345394897460938 0.3538816833496094 0.020394744873046874 0.02236846923828125
