2 0.021812564805150033 0.06662506103515625 0.03676863402128219 0.02774993896484375
2 0.10274993896484375 0.06956253051757813 0.03796834945678711 0.02962493896484375
2 0.06800427913665771 0.11944564819335937 0.02649155616760254 0.03550140380859375
4 0.026210978031158447 0.19156112670898437 0.019674668312072752 0.03920257568359375
2 0.19825000762939454 0.058499908447265624 0.027596817016601563 0.03475006103515625
2 0.22468748092651367 0.013531227111816407 0.03473907470703125 0.027375030517578124
2 0.3116249847412109 0.009734573364257813 0.02569190979003906 0.02287506103515625
2 0.01932276725769043 0.7001524353027344 0.029395551681518556 0.01755950927734375
2 0.10254420280456543 0.6933882141113281 0.016338443756103514 0.027275390625
2 0.02112508285790682 0.7872502136230469 0.038285351246595385 0.02350006103515625
2 0.16643753051757812 0.8106253051757812 0.015375022888183593 0.02757843017578125
2 0.4288126373291016 0.6235627746582031 0.035809478759765624 0.0423748779296875
2 0.5089285659790039 0.5884437561035156 0.014642868041992187 0.0303631591796875
2 0.5151995086669922 0.8214231872558594 0.01610137939453125 0.03415374755859375
2 0.558499984741211 0.8226878356933593 0.01375 0.0284844970703125
2 0.7011875152587891 0.8218756103515625 0.01462493896484375 0.02944732666015625
7 0.6824374389648438 0.6761248779296875 0.06787521362304688 0.0631988525390625
7 0.3883354568481445 0.9315962600708008 0.05407905578613281 0.03636795043945312
7 0.83735595703125 0.9239936828613281 0.058003387451171874 0.06266693115234374
7 0.15990334272384643 0.9668423461914063 0.03944375991821289 0.034066162109375
3 0.8742500305175781 0.60875 0.03350006103515625 0.0403436279296875
