2 0.02680938720703125 0.8630485534667969 0.011883544921875 0.02334686279296875
2 0.0678302001953125 0.21772560119628906 0.0228387451171875 0.01320068359375
7 0.2728759765625 0.0328509521484375 0.0479840087890625 0.06531265258789062
2 0.5684378051757812 0.11818771362304688 0.0331658935546875 0.02537506103515625
2 0.6010006713867188 0.15849990844726564 0.0221417236328125 0.024500274658203126
7 0.6272872924804688 0.04062347412109375 0.078026123046875 0.05149002075195312
2 0.7773135375976562 0.12954437255859375 0.0278741455078125 0.01716156005859375
2 0.8053131103515625 0.12166923522949219 0.0278741455078125 0.01716156005859375
2 0.8345632934570313 0.11304443359375 0.0278741455078125 0.01716156005859375
2 0.83025634765625 0.16601463317871093 0.033011474609375 0.021279449462890624
2 0.7962362670898437 0.21468246459960938 0.01729736328125 0.027841796875
2 0.7605160522460938 0.22780784606933593 0.0172979736328125 0.02784210205078125
2 0.5088644409179688 0.30527557373046876 0.0290216064453125 0.01870391845703125
2 0.5026144409179687 0.2882752990722656 0.0290216064453125 0.01870391845703125
2 0.3692208862304687 0.30244979858398435 0.0776763916015625 0.0685284423828125
2 0.5425177001953125 0.48414031982421873 0.0259649658203125 0.0129693603515625
7 0.42389678955078125 0.5482373046875 0.0231744384765625 0.04459564208984375
7 0.412254638671875 0.6521989440917969 0.05277099609375 0.06363922119140625
2 0.554937744140625 0.5895001220703125 0.029251708984375 0.02449981689453125
2 0.5610623168945312 0.7341250610351563 0.021627197265625 0.010999755859375
2 0.68768798828125 0.7903126525878906 0.020374755859375 0.02545318603515625
2 0.6903125 0.8155622863769532 0.018887939453125 0.02712493896484375
2 0.7097525024414062 0.834478759765625 0.0255084228515625 0.01020782470703125
2 0.7073776245117187 0.8518547058105469 0.025509033203125 0.010208740234375
7 0.4164422607421875 0.8742616271972656 0.04319091796875 0.0645489501953125
7 0.7998129272460938 0.7735162353515626 0.02541259765625 0.0514678955078125
2 0.939747314453125 0.9570001220703125 0.0217431640625 0.0104998779296875
2 0.9424978637695313 0.7693524169921875 0.0237548828125 0.0138189697265625
2 0.9979721069335937 0.5756365966796875 0.0138043212890625 0.02727294921875
2 0.9594842529296875 0.5176849365234375 0.0312188720703125 0.02387969970703125
7 0.869725341796875 0.34091064453125 0.065865478515625 0.05889144897460938
2 0.8592138671875 0.15618408203125 0.0291802978515625 0.0203607177734375
