3 0.03381317138671875 0.9738211059570312 0.04112396240234375 0.0498583984375
2 0.27624969482421874 0.8746246337890625 0.03045074462890625 0.03125
2 0.10704696655273438 0.7011669921875 0.0275933837890625 0.032664794921875
2 0.11550003051757812 0.20225006103515625 0.0273150634765625 0.0322503662109375
2 0.13567276000976564 0.178314208984375 0.02109588623046875 0.03062255859375
2 0.66274169921875 0.45948333740234376 0.03626678466796875 0.0304144287109375
2 0.682437744140625 0.4265625 0.03715087890625 0.030374755859375
2 0.6959121704101563 0.40344146728515623 0.0394500732421875 0.032117919921875
2 0.70199951171875 0.3888742065429687 0.03158905029296875 0.0272503662109375
2 0.9563751220703125 0.6981246948242188 0.016766357421875 0.0332501220703125
