2 0.0112335205078125 0.4441873168945312 0.0225006103515625 0.0126348876953125
2 0.0628466796875 0.8219473266601562 0.025543212890625 0.0125323486328125
2 0.239874267578125 0.8105368041992187 0.023837890625 0.01125244140625
2 0.417750244140625 0.7490005493164062 0.012000732421875 0.0308489990234375
2 0.402625732421875 0.7501254272460938 0.012000732421875 0.030848388671875
2 0.37637451171875 0.75175048828125 0.012000732421875 0.030848388671875
2 0.3436871337890625 0.7353750610351563 0.020208740234375 0.0304998779296875
2 0.5203753662109375 0.6625 0.02403076171875 0.0129998779296875
2 0.4755010986328125 0.6741253662109375 0.025635986328125 0.0129998779296875
2 0.4760003662109375 0.6590628051757812 0.02375 0.013133544921875
2 0.08343780517578125 0.6446878051757813 0.025374755859375 0.02639404296875
2 0.3658148193359375 0.544140625 0.022635498046875 0.00896728515625
2 0.4232501220703125 0.5439376831054688 0.021749267578125 0.0088800048828125
2 0.4255645751953125 0.45776611328125 0.022635498046875 0.0089678955078125
2 0.07281341552734374 0.4456146240234375 0.0198724365234375 0.01097900390625
2 0.14812469482421875 0.3329766845703125 0.009998779296875 0.0260479736328125
2 0.19866729736328126 0.33225738525390625 0.0104156494140625 0.0262359619140625
2 0.06187652587890625 0.029974822998046876 0.009752197265625 0.02355133056640625
2 0.07656280517578125 0.02943756103515625 0.0106280517578125 0.027874755859375
2 0.09962677001953125 0.02247467041015625 0.0097528076171875 0.02355133056640625
2 0.34943359375 0.024742584228515625 0.010384521484375 0.0262347412109375
2 0.545435791015625 0.8505368041992187 0.0113720703125 0.0274261474609375
2 0.690045166015625 0.021473388671875 0.025501708984375 0.01134185791015625
2 0.682215576171875 0.044062957763671876 0.029271240234375 0.011839599609375
2 0.687716064453125 0.070728759765625 0.02144287109375 0.0108087158203125
2 0.688046875 0.08153564453125 0.02144287109375 0.0108087158203125
2 0.68840087890625 0.12341064453125 0.01927490234375 0.0111767578125
2 0.68814208984375 0.13617645263671874 0.021199951171875 0.0112249755859375
2 0.7689849853515625 0.2155615234375 0.018304443359375 0.010921630859375
2 0.7636871337890625 0.2357318115234375 0.026634521484375 0.0127667236328125
2 0.7652960205078125 0.2484210205078125 0.025400390625 0.013460693359375
2 0.7469232177734375 0.3873541259765625 0.0197119140625 0.0246954345703125
2 0.809227294921875 0.803848876953125 0.034517822265625 0.0260040283203125
2 0.831187744140625 0.801278076171875 0.01212158203125 0.0282025146484375
