6 0.7927499389648438 0.15587499618530273 0.01824981689453125 0.02
6 0.7653749084472656 0.14050000190734863 0.01824981689453125 0.02
6 0.7476249694824219 0.12774998664855958 0.01824981689453125 0.02
6 0.7316876220703125 0.11381250381469726 0.0163751220703125 0.01662498474121094
6 0.7105624389648437 0.10506250381469727 0.0163751220703125 0.01662498474121094
6 0.6926873779296875 0.09493749618530273 0.0163751220703125 0.01662498474121094
6 0.7043124389648437 0.07668749809265137 0.0163751220703125 0.016625003814697267
6 0.7175625610351563 0.057687501907348636 0.0163751220703125 0.016625003814697267
6 0.6939373779296875 0.04856249809265137 0.0163751220703125 0.016625003814697267
6 0.6828125 0.06668749809265137 0.0163751220703125 0.016625003814697267
6 0.7336874389648438 0.06943750381469727 0.0163751220703125 0.016625003814697267
6 0.7218124389648437 0.08693750143051147 0.0163751220703125 0.01662498950958252
6 0.7431875610351563 0.0965625 0.0163751220703125 0.016625003814697267
6 0.7498126220703125 0.08068750143051147 0.0163751220703125 0.01662498950958252
6 0.7694999694824218 0.0915625 0.01875 0.019125003814697266
6 0.7578750610351562 0.11018750190734863 0.01875 0.019125003814697266
6 0.7764999389648437 0.12118749618530274 0.01875 0.019124984741210938
6 0.8028750610351563 0.13743749618530274 0.01875 0.019124984741210938
6 0.8192500305175782 0.1165625 0.01875 0.019125003814697266
6 0.7881875610351563 0.10412500381469726 0.0173748779296875 0.017249984741210936
