2 0.0186077880859375 0.4329826354980469 0.031715087890625 0.03153533935546875
2 0.0454376220703125 0.45043746948242186 0.033736572265625 0.0351251220703125
2 0.08050079345703125 0.48437545776367186 0.0285223388671875 0.03
2 0.0900628662109375 0.49425018310546875 0.029759521484375 0.03050018310546875
7 0.07040069580078125 0.11076156616210937 0.0674505615234375 0.06422760009765625
7 0.17949951171875 0.18962509155273438 0.062750244140625 0.03451324462890625
2 0.06724578857421876 0.30892425537109375 0.0297418212890625 0.03034820556640625
2 0.0771209716796875 0.3214239501953125 0.0297418212890625 0.03034820556640625
2 0.1776251220703125 0.3989372253417969 0.033955078125 0.03362518310546875
2 0.302249755859375 0.6960623168945312 0.03321044921875 0.03287506103515625
7 0.1215313720703125 0.7143443298339843 0.0683123779296875 0.06831268310546874
7 0.1724951171875 0.8234930419921875 0.069490966796875 0.06476348876953125
7 0.323751220703125 0.8626260375976562 0.0415771484375 0.0417498779296875
2 0.2522509765625 0.9290621948242187 0.031575927734375 0.0291253662109375
2 0.244356689453125 0.9404378509521485 0.03503662109375 0.03287551879882813
2 0.2348712158203125 0.9515359115600586 0.036007080078125 0.03507156372070312
2 0.9570452880859375 0.9740072631835938 0.02140869140625 0.0332647705078125
2 0.9684564208984375 0.9420523071289062 0.021162109375 0.02714599609375
2 0.9335009765625 0.9565005493164063 0.030855712890625 0.0285003662109375
2 0.4588665771484375 0.83932861328125 0.032232666015625 0.0331561279296875
2 0.4336883544921875 0.8128750610351563 0.036158447265625 0.0354998779296875
2 0.413125 0.8336256408691406 0.03147216796875 0.03024993896484375
7 0.92489013671875 0.8085374450683593 0.062550048828125 0.0741766357421875
7 0.648875732421875 0.66362548828125 0.054268798828125 0.05900054931640625
3 0.5519384765625 0.4887501525878906 0.02795654296875 0.0320001220703125
2 0.675374755859375 0.31581222534179687 0.030750732421875 0.01974395751953125
2 0.6742864990234375 0.33289947509765627 0.029677734375 0.02154876708984375
2 0.70715087890625 0.2946893310546875 0.016800537109375 0.03587127685546875
2 0.7103118896484375 0.25024993896484377 0.016624755859375 0.03345703125
3 0.6481884765625 0.2873751831054687 0.0533740234375 0.03559722900390625
2 0.7803125 0.16631240844726564 0.025682373046875 0.01587493896484375
2 0.7072589111328125 0.02746337890625 0.020767822265625 0.01417633056640625
2 0.67550048828125 0.02962493896484375 0.025750732421875 0.0318438720703125
2 0.6565008544921875 0.038062744140625 0.03319580078125 0.030374755859375
7 0.9173681640625 0.20639984130859376 0.041058349609375 0.06018585205078125
7 0.496033935546875 0.3101951599121094 0.0409326171875 0.0618902587890625
