2 0.19218292236328124 0.31322998046875 0.028398590087890627 0.012041015625
2 0.19505775451660157 0.2964794921875 0.026193695068359377 0.012041015625
2 0.2325579071044922 0.29797882080078125 0.026193695068359377 0.012041015625
2 0.24205780029296875 0.3133544921875 0.026193695068359377 0.012041015625
2 0.28730766296386717 0.30422943115234374 0.026193695068359377 0.012041015625
2 0.5381816101074218 0.8564996337890625 0.020872802734375 0.0214996337890625
2 0.44454803466796877 0.7562789916992188 0.02459625244140625 0.025057373046875
2 0.07412490844726563 0.7992489624023438 0.011750030517578124 0.0256982421875
2 0.024320068359375 0.6494979858398438 0.024326934814453124 0.0113128662109375
2 0.027177276611328124 0.6784542846679688 0.024326934814453124 0.0113128662109375
2 0.027397079467773436 0.6929592895507812 0.024326934814453124 0.0113128662109375
2 0.09187492370605468 0.731407470703125 0.02504119873046875 0.01145751953125
2 0.09088600158691407 0.712423095703125 0.02504119873046875 0.011458740234375
2 0.122314453125 0.7159674072265625 0.02504119873046875 0.011458740234375
2 0.11953987121582031 0.7289898681640625 0.02504119873046875 0.0114581298828125
2 0.1276441192626953 0.7031658935546875 0.02504119873046875 0.011458740234375
2 0.12315330505371094 0.6883575439453125 0.024355926513671876 0.0110009765625
2 0.0905706787109375 0.6891543579101562 0.024355926513671876 0.0110003662109375
2 0.09136741638183593 0.6755279541015625 0.024355926513671876 0.0110009765625
2 0.12238388061523438 0.6602529907226562 0.024355926513671876 0.0110003662109375
2 0.12941627502441405 0.6750616455078124 0.03285125732421875 0.0114166259765625
2 0.09103775024414062 0.631104736328125 0.024355926513671876 0.0110009765625
2 0.18318206787109376 0.627445068359375 0.0291143798828125 0.028890380859375
2 0.20300010681152345 0.7918746948242188 0.0238726806640625 0.0117498779296875
2 0.318812255859375 0.7753125 0.024875030517578126 0.0254150390625
2 0.3826995849609375 0.699945068359375 0.024596099853515626 0.025057373046875
2 0.21224990844726563 0.4466876220703125 0.02699951171875 0.026624755859375
2 0.19437507629394532 0.4696875 0.02699920654296875 0.026624755859375
2 0.1675 0.442625732421875 0.025250244140625 0.025250244140625
2 0.14666481018066407 0.4190362548828125 0.025670318603515624 0.0258221435546875
6 0.5856875610351563 0.1957501220703125 0.0126251220703125 0.014749755859375
6 0.605625 0.20100006103515625 0.01524993896484375 0.0170001220703125
6 0.5826873779296875 0.21437469482421875 0.010625 0.0145001220703125
6 0.6030000305175781 0.2179998779296875 0.01524993896484375 0.01699951171875
6 0.5978196716308594 0.09074172973632813 0.0151470947265625 0.017412109375
2 0.6584140014648437 0.5505413818359375 0.02567169189453125 0.0163336181640625
2 0.6696640014648437 0.5240420532226563 0.02567138671875 0.0163336181640625
2 0.6691641235351562 0.5097918701171875 0.0256719970703125 0.016334228515625
2 0.7254168701171875 0.49928253173828124 0.0146661376953125 0.0259344482421875
2 0.7401234436035157 0.5025790405273437 0.01500244140625 0.0254083251953125
2 0.7537055969238281 0.5073773193359375 0.01516143798828125 0.02525390625
2 0.7673750305175782 0.5150628662109376 0.02045684814453125 0.0238751220703125
2 0.7746878051757813 0.5242501831054688 0.02067962646484375 0.0247503662109375
2 0.7786875915527344 0.543375244140625 0.02482208251953125 0.0277496337890625
2 0.7586402893066406 0.6684030151367187 0.02049285888671875 0.0223931884765625
2 0.7687423706054688 0.680538330078125 0.0237579345703125 0.0218792724609375
2 0.7806243896484375 0.6918087768554687 0.02375732421875 0.021878662109375
2 0.7878741455078125 0.7034332275390625 0.02375823974609375 0.0218792724609375
2 0.8075894165039063 0.7249813842773437 0.0232696533203125 0.020537109375
2 0.8744375610351562 0.7091876220703125 0.028270263671875 0.02387451171875
2 0.8491874694824219 0.6709375 0.02827056884765625 0.0238751220703125
2 0.8413127136230468 0.6591876220703125 0.028270263671875 0.02387451171875
2 0.8356878662109375 0.64487548828125 0.0252935791015625 0.022750244140625
2 0.8241879272460938 0.6310006713867188 0.0252935791015625 0.022750244140625
2 0.839078369140625 0.773736572265625 0.02309326171875 0.021776123046875
2 0.8776954650878906 0.816053466796875 0.02510986328125 0.026893310546875
2 0.8893122863769531 0.8254998779296875 0.022484130859375 0.0245001220703125
2 0.9018122863769531 0.8333123779296875 0.02442291259765625 0.026875
2 0.9358517456054688 0.8632125854492188 0.023953857421875 0.0241748046875
2 0.6158883666992188 0.9379254150390625 0.025223388671875 0.0263507080078125
2 0.7060646057128906 0.9651312255859374 0.0251202392578125 0.025762939453125
