3 0.92078125 0.17932266235351563 0.026065673828125 0.011937255859375
2 0.9938909912109375 0.13535232543945314 0.008359375 0.0163323974609375
2 0.984246826171875 0.13470932006835937 0.006815185546875 0.0154156494140625
2 0.9468133544921875 0.09050033569335937 0.009381103515625 0.0175
2 0.9565643310546875 0.09129058837890625 0.009371337890625 0.02016845703125
2 0.9844415283203125 0.09224899291992188 0.008369140625 0.01575592041015625
2 0.9926251220703125 0.09036575317382813 0.006253662109375 0.01551910400390625
5 0.9594378662109375 0.07074966430664062 0.0219775390625 0.00875
5 0.985467529296875 0.07118545532226563 0.01593505859375 0.00812957763671875
5 0.9853741455078125 0.06168731689453125 0.0214990234375 0.00912506103515625
5 0.9847723388671875 0.0521893310546875 0.023294677734375 0.00837127685546875
5 0.985313720703125 0.04300018310546875 0.02145751953125 0.0075
5 0.9586688232421875 0.0525616455078125 0.01808837890625 0.00812591552734375
5 0.9604400634765625 0.04235183715820313 0.016119384765625 0.00779632568359375
5 0.9851251220703126 0.02675018310546875 0.01699951171875 0.00775787353515625
5 0.9078131103515625 0.054625244140625 0.01637451171875 0.00726593017578125
5 0.9066259765625 0.04625 0.015386962890625 0.00850006103515625
5 0.9068743896484375 0.03749984741210938 0.01699951171875 0.0070001220703125
5 0.9041357421875 0.029493408203125 0.010726318359375 0.00673736572265625
5 0.907125244140625 0.021062469482421874 0.016749267578125 0.0071319580078125
5 0.9041864013671875 0.012062530517578125 0.012125244140625 0.0073822021484375
5 0.8141973876953125 0.10123077392578125 0.00870361328125 0.01188507080078125
5 0.820384521484375 0.07576248168945313 0.020523681640625 0.00763702392578125
5 0.7934014892578125 0.09309585571289063 0.007850341796875 0.0116015625
5 0.7894732666015625 0.07969024658203125 0.00806640625 0.0108233642578125
5 0.7798638916015626 0.04859207153320313 0.0181298828125 0.00720123291015625
5 0.780662841796875 0.03966217041015625 0.014224853515625 0.00846405029296875
5 0.780660400390625 0.03129562377929687 0.012933349609375 0.006988525390625
5 0.7802545166015625 0.023168792724609377 0.014962158203125 0.007484130859375
5 0.7821661376953125 0.01433135986328125 0.01263427734375 0.0073248291015625
5 0.7820843505859375 0.006574859619140625 0.0119482421875 0.0077349853515625
5 0.5984075927734375 0.006369476318359375 0.020494384765625 0.0073248291015625
5 0.633759765625 0.005016021728515625 0.01955810546875 0.00812103271484375
5 0.6885345458984375 0.004617767333984375 0.022293701171875 0.00732666015625
5 0.69203857421875 0.01297760009765625 0.0216552734375 0.00716552734375
5 0.7294586181640625 0.01242034912109375 0.021019287109375 0.00668792724609375
5 0.599840087890625 0.023570098876953126 0.015926513671875 0.00827392578125
5 0.6339959716796875 0.022690887451171874 0.01831298828125 0.006846923828125
5 0.73296142578125 0.0215765380859375 0.020064697265625 0.006212158203125
5 0.6921240234375 0.022379608154296876 0.0215087890625 0.00813507080078125
5 0.5990484619140625 0.03324325561523438 0.019434814453125 0.00820587158203125
5 0.6321588134765626 0.0323126220703125 0.01690185546875 0.008941650390625
5 0.5988055419921875 0.04116241455078125 0.019586181640625 0.00716552734375
5 0.7287420654296874 0.03033447265625 0.019267578125 0.007484130859375
5 0.7273944091796875 0.04689483642578125 0.02134765625 0.00876434326171875
5 0.728583984375 0.05612701416015625 0.021494140625 0.007476806640625
5 0.694586181640625 0.05756378173828125 0.0226123046875 0.0078179931640625
5 0.6349871826171875 0.059308013916015624 0.01965576171875 0.0078167724609375
5 0.633758544921875 0.07571670532226563 0.022039794921875 0.00716552734375
5 0.7003082275390625 0.07977996826171875 0.01112548828125 0.01561065673828125
5 0.72894775390625 0.06456939697265625 0.021588134765625 0.00652984619140625
5 0.729140625 0.07404495239257812 0.02102783203125 0.0076434326171875
5 0.6052532958984375 0.07743576049804687 0.01146240234375 0.00901153564453125
5 0.6051739501953125 0.06711746215820312 0.0106689453125 0.00812103271484375
5 0.6269903564453125 0.09291397094726563 0.007802734375 0.0116241455078125
2 0.33412841796875 0.011052703857421875 0.01494873046875 0.00756317138671875
3 0.331187744140625 0.094193115234375 0.0087451171875 0.02026458740234375
3 0.340966796875 0.09589691162109375 0.00890625 0.0206744384765625
2 0.329202880859375 0.12094940185546875 0.00889892578125 0.01638946533203125
2 0.3534490966796875 0.12475738525390626 0.007486572265625 0.01670684814453125
2 0.35759033203125 0.16031402587890625 0.00651123046875 0.01655609130859375
2 0.3674407958984375 0.16079879760742188 0.00682861328125 0.0140283203125
2 0.375794677734375 0.16125946044921874 0.0069970703125 0.0127227783203125
2 0.3846221923828125 0.1598284912109375 0.006202392578125 0.01457427978515625
2 0.401636962890625 0.16038467407226562 0.0081103515625 0.01574432373046875
2 0.37491943359375 0.123409423828125 0.00803955078125 0.01685760498046875
2 0.3928106689453125 0.1225347900390625 0.006678466796875 0.01383575439453125
2 0.401717529296875 0.12317138671875 0.006363525390625 0.0147906494140625
2 0.4102325439453125 0.12183074951171875 0.0062158203125 0.01651763916015625
2 0.4189727783203125 0.12205780029296875 0.0081103515625 0.0160626220703125
2 0.427318115234375 0.12192947387695313 0.006368408203125 0.0161236572265625
2 0.43513671875 0.12160202026367188 0.00663330078125 0.0150006103515625
2 0.4103045654296875 0.16181198120117188 0.00795166015625 0.0154376220703125
2 0.443702392578125 0.16094161987304687 0.00795166015625 0.0166778564453125
2 0.470181884765625 0.158953857421875 0.00906494140625 0.0202911376953125
2 0.48569091796875 0.1570771789550781 0.010487060546875 0.02057891845703125
2 0.4948309326171875 0.15624984741210937 0.00779296875 0.0199237060546875
2 0.5036572265625 0.12221710205078125 0.0066796875 0.0143902587890625
2 0.486083984375 0.12229629516601563 0.008428955078125 0.015267333984375
2 0.469783935546875 0.1207855224609375 0.007315673828125 0.0138360595703125
2 0.461513671875 0.12030853271484375 0.0069970703125 0.01288177490234375
2 0.45205078125 0.12066787719726563 0.00779541015625 0.01487335205078125
2 0.4437457275390625 0.12134811401367188 0.009139404296875 0.01623291015625
2 0.13595733642578126 0.20796051025390624 0.0175970458984375 0.00626129150390625
2 0.2690625 0.1171875 0.0078857421875 0.0163751220703125
2 0.260562744140625 0.153985595703125 0.00687744140625 0.01747039794921875
2 0.2523211669921875 0.155711669921875 0.008358154296875 0.0174237060546875
2 0.24411026000976563 0.1556793212890625 0.00927947998046875 0.01789642333984375
2 0.23593994140625 0.15706573486328124 0.00787109375 0.01611968994140625
2 0.227562255859375 0.15662506103515625 0.007874755859375 0.017249755859375
2 0.21887542724609374 0.15637496948242188 0.0075079345703125 0.01649993896484375
2 0.21049774169921875 0.15581451416015624 0.0077545166015625 0.01562103271484375
2 0.201875 0.15618728637695312 0.008499755859375 0.0173748779296875
2 0.19274993896484374 0.15649993896484374 0.0092633056640625 0.018499755859375
2 0.184124755859375 0.1573126220703125 0.0077593994140625 0.0173748779296875
2 0.15925048828125 0.1580625915527344 0.00700439453125 0.01612518310546875
2 0.15069976806640625 0.15843902587890624 0.0066497802734375 0.01412261962890625
2 0.1427734375 0.15818695068359376 0.0089544677734375 0.014381103515625
2 0.13369171142578126 0.15897613525390625 0.0083819580078125 0.017547607421875
2 0.125250244140625 0.15943756103515624 0.006754150390625 0.01637481689453125
2 0.2186248779296875 0.10899978637695312 0.00675048828125 0.0195001220703125
2 0.21024627685546876 0.108983154296875 0.0092413330078125 0.0204656982421875
3 0.20149993896484375 0.11224990844726562 0.0077618408203125 0.0245001220703125
2 0.235499267578125 0.08856231689453126 0.0085003662109375 0.016873779296875
2 0.2273724365234375 0.08880661010742187 0.008504638671875 0.01638641357421875
2 0.2180621337890625 0.08881240844726562 0.0088751220703125 0.01676422119140625
2 0.20956329345703126 0.08850021362304687 0.00887451171875 0.01713592529296875
2 0.2015618896484375 0.0891876220703125 0.0086248779296875 0.01885284423828125
2 0.1922503662109375 0.09014846801757813 0.007501220703125 0.01745269775390625
2 0.18365936279296874 0.09106689453125 0.0069305419921875 0.015635986328125
2 0.19322113037109376 0.11018814086914062 0.0081927490234375 0.02012603759765625
2 0.18465667724609375 0.11031494140625 0.0088134765625 0.02137969970703125
2 0.17443695068359374 0.10887496948242187 0.0088751220703125 0.02011688232421875
2 0.16031280517578125 0.1111248779296875 0.0081390380859375 0.01774993896484375
2 0.15130279541015626 0.1101971435546875 0.0096453857421875 0.0191058349609375
2 0.15112518310546874 0.09083755493164063 0.0075 0.01842498779296875
2 0.14206329345703125 0.09050003051757813 0.0091253662109375 0.01887451171875
2 0.14149993896484375 0.10968734741210938 0.008499755859375 0.018739013671875
2 0.13281036376953126 0.09102752685546875 0.00762939453125 0.01730438232421875
2 0.13356231689453124 0.1132501220703125 0.0089208984375 0.0167498779296875
2 0.12505401611328126 0.09212509155273438 0.007642822265625 0.01775054931640625
2 0.124366455078125 0.11245651245117187 0.009017333984375 0.0178369140625
2 0.11631134033203125 0.09109451293945313 0.0088775634765625 0.01718902587890625
2 0.11687164306640625 0.1109844970703125 0.007008056640625 0.01603179931640625
2 0.10734130859375 0.0919476318359375 0.0095672607421875 0.01640869140625
2 0.1083697509765625 0.11056442260742187 0.009517822265625 0.0176287841796875
2 0.0981988525390625 0.09299026489257813 0.008353271484375 0.01723114013671875
2 0.0993121337890625 0.11240676879882812 0.0096240234375 0.01856353759765625
2 0.09056182861328126 0.11193771362304687 0.008936767578125 0.019375
2 0.0897479248046875 0.09203887939453125 0.0092523193359375 0.01842254638671875
2 0.11666259765625 0.15895126342773438 0.0078759765625 0.0180096435546875
2 0.108192138671875 0.15781768798828125 0.0091119384765625 0.01867645263671875
2 0.0986505126953125 0.15867523193359376 0.0086676025390625 0.01959228515625
2 0.09004791259765625 0.158951416015625 0.0101385498046875 0.022059326171875
2 0.0566937255859375 0.15633468627929686 0.00827880859375 0.0210467529296875
2 0.0312835693359375 0.15648330688476564 0.007603759765625 0.02001068115234375
2 0.01494110107421875 0.1594183349609375 0.007470703125 0.01692626953125
2 0.00668548583984375 0.15947891235351563 0.009307861328125 0.0206903076171875
2 0.02994476318359375 0.112049560546875 0.0073486328125 0.0181640625
2 0.02181182861328125 0.113060302734375 0.007353515625 0.02067779541015625
3 0.01367401123046875 0.11285980224609375 0.00893798828125 0.02347900390625
2 0.0039990234375 0.1124188232421875 0.0066778564453125 0.01725982666015625
2 0.2591693115234375 0.03807876586914063 0.009161376953125 0.0195233154296875
2 0.2504852294921875 0.038677215576171875 0.00876220703125 0.01895660400390625
2 0.24256072998046874 0.039975128173828124 0.0098712158203125 0.02192626953125
2 0.2342462158203125 0.04067047119140625 0.0075115966796875 0.0165478515625
2 0.2260150146484375 0.04219970703125 0.0084814453125 0.0182147216796875
2 0.26209716796875 0.01188812255859375 0.00806396484375 0.01738037109375
2 0.2525030517578125 0.012375030517578125 0.008897705078125 0.01790191650390625
2 0.244295654296875 0.012301025390625 0.009185791015625 0.0185015869140625
2 0.23526123046875 0.01341766357421875 0.00806396484375 0.01738037109375
2 0.22719635009765626 0.013695831298828126 0.00807373046875 0.01710235595703125
2 0.21858428955078124 0.012069854736328125 0.0083282470703125 0.01729583740234375
2 0.21663818359375 0.04155517578125 0.0091595458984375 0.01894775390625
2 0.20868988037109376 0.041600494384765624 0.00737060546875 0.01829925537109375
2 0.20081298828125 0.04212493896484375 0.009375 0.01937255859375
2 0.19112548828125 0.040699920654296874 0.0090008544921875 0.01910003662109375
2 0.181937255859375 0.04131240844726562 0.0086334228515625 0.01787506103515625
2 0.16725494384765624 0.04239547729492187 0.008509521484375 0.01854095458984375
2 0.1583758544921875 0.04262481689453125 0.0095001220703125 0.01680145263671875
2 0.18750091552734374 0.012590789794921875 0.00949951171875 0.02093109130859375
2 0.1789410400390625 0.012987518310546875 0.0086175537109375 0.02077484130859375
2 0.1707501220703125 0.012687225341796875 0.0075 0.01762481689453125
2 0.140062255859375 0.009937286376953125 0.008375244140625 0.018375244140625
2 0.13212493896484376 0.01056243896484375 0.0082501220703125 0.018125
2 0.12262481689453125 0.010499725341796875 0.0082501220703125 0.0156329345703125
2 0.1065631103515625 0.01268768310546875 0.007874755859375 0.0167205810546875
2 0.09831298828125 0.0140625 0.0078753662109375 0.01672119140625
2 0.148997802734375 0.042216796875 0.00825439453125 0.0174334716796875
2 0.1410003662109375 0.042437591552734376 0.006500244140625 0.01548065185546875
2 0.133182373046875 0.04312713623046875 0.0088641357421875 0.01724609375
2 0.123875732421875 0.04356277465820312 0.0085003662109375 0.01626434326171875
2 0.1154974365234375 0.04332687377929687 0.006494140625 0.01634613037109375
2 0.10712738037109375 0.04304351806640625 0.0095062255859375 0.0168365478515625
2 0.09837554931640625 0.04400009155273438 0.009530029296875 0.01625
2 0.08940032958984374 0.04306777954101562 0.0092010498046875 0.01811492919921875
