2 0.11443740844726563 0.3448124694824219 0.0348150634765625 0.020124969482421876
2 0.16805145263671875 0.036818351149559024 0.03229095458984375 0.024136810302734374
2 0.1698126220703125 0.05150004863739013 0.028690185546875 0.020250005722045897
2 0.18085708618164062 0.07545246958732604 0.03296417236328125 0.025345101356506347
7 0.18466873168945314 0.11324893951416015 0.060662841796875 0.051997928619384765
7 0.09254501342773437 0.21587848663330078 0.0390899658203125 0.053992996215820314
2 0.24175003051757812 0.41631256103515624 0.03292205810546875 0.017624969482421874
2 0.24062530517578126 0.43293754577636717 0.0322216796875 0.017625045776367188
2 0.32420150756835936 0.5045640563964844 0.013902587890625 0.030378189086914063
2 0.29040573120117186 0.5908325576782226 0.01818878173828125 0.030334930419921875
2 0.355562744140625 0.634437484741211 0.037493896484375 0.017624969482421874
7 0.08211135864257812 0.6156532287597656 0.07002716064453125 0.06394363403320312
2 0.26681243896484375 0.7783124542236328 0.03410491943359375 0.0288751220703125
2 0.2957496643066406 0.809749984741211 0.0242889404296875 0.033000030517578126
2 0.30981246948242186 0.8169373321533203 0.02412506103515625 0.029875030517578127
2 0.2560624694824219 0.851875 0.02337493896484375 0.02980743408203125
2 0.45012496948242187 0.8050624084472656 0.0129998779296875 0.026125030517578127
2 0.6464364624023438 0.8014922332763672 0.01337738037109375 0.02351531982421875
2 0.6305003356933594 0.8016876220703125 0.01375 0.0246868896484375
2 0.8239999389648438 0.803499984741211 0.0132501220703125 0.01875
2 0.8789376831054687 0.776875 0.03487518310546875 0.015762786865234375
2 0.8369374084472656 0.7396250152587891 0.03340911865234375 0.01774993896484375
2 0.7219375610351563 0.6854376983642578 0.0244610595703125 0.014875030517578125
2 0.635562744140625 0.6011250305175782 0.02737518310546875 0.01700653076171875
2 0.7145536804199218 0.5438138198852539 0.02739288330078125 0.01716331481933594
2 0.7389997863769531 0.5170000839233398 0.0277679443359375 0.017000045776367188
2 0.7150433349609375 0.4712863540649414 0.0313360595703125 0.03557228088378906
2 0.6473124694824218 0.4878749465942383 0.02843017578125 0.032750244140625
2 0.6037069702148438 0.46343902587890623 0.02883697509765625 0.017121963500976563
2 0.6025 0.4479999160766602 0.0342498779296875 0.016500015258789063
2 0.6217535400390625 0.399213981628418 0.0341351318359375 0.03307243347167969
2 0.6395323181152344 0.3884901428222656 0.02806488037109375 0.036270217895507814
7 0.49743865966796874 0.42283565521240235 0.0623590087890625 0.05161384582519531
7 0.44129974365234376 0.365049934387207 0.04109954833984375 0.056349868774414065
2 0.35612518310546876 0.4301874542236328 0.03030487060546875 0.02037498474121094
2 0.3100628662109375 0.34337501525878905 0.0400384521484375 0.03449996948242187
2 0.2574375915527344 0.22568748474121095 0.02411041259765625 0.03287502288818359
2 0.4551481628417969 0.16399360656738282 0.0322967529296875 0.03023761749267578
2 0.4309373474121094 0.18187498092651366 0.0326251220703125 0.03387374877929687
2 0.42218765258789065 0.19418739318847655 0.03508819580078125 0.035625
7 0.5645001220703125 0.2285199737548828 0.067276611328125 0.06871475219726562
7 0.6321046447753906 0.1801732611656189 0.0652752685546875 0.05453782081604004
2 0.33681243896484375 0.055125117897987366 0.03050048828125 0.03150007963180542
2 0.3482682800292969 0.06681739330291749 0.03178680419921875 0.033384542465209964
2 0.5968124389648437 0.05456250190734863 0.0226812744140625 0.027875003814697267
2 0.6229258728027344 0.0465367603302002 0.0253509521484375 0.03142663955688477
2 0.6550393676757813 0.03507690489292145 0.01882904052734375 0.03690387606620789
2 0.8237501525878906 0.024812498092651368 0.01350006103515625 0.027487893104553223
7 0.9371878051757813 0.2076249885559082 0.0411248779296875 0.03880847930908203
2 0.923375244140625 0.7161251068115234 0.0132501220703125 0.02858428955078125
2 0.9938119506835937 0.8015624237060547 0.0133746337890625 0.02115203857421875
2 0.9578128051757813 0.8003751373291016 0.0136248779296875 0.021473236083984375
