2 0.24374650955200194 0.06927330017089844 0.030379562377929686 0.027546539306640624
2 0.29977846145629883 0.10613105773925781 0.02769317626953125 0.029512176513671873
2 0.3292499923706055 0.14618751525878906 0.02773628234863281 0.028874969482421874
2 0.34908260345458986 0.16766075134277345 0.03748481750488281 0.03717819213867188
2 0.17343748092651368 0.2940624237060547 0.036875 0.0432696533203125
2 0.12737497329711914 0.47368741989135743 0.03515268325805664 0.026624832153320312
2 0.11343752861022949 0.5295623779296875 0.025505313873291014 0.03362518310546875
2 0.049047751426696776 0.5533819580078125 0.029331197738647462 0.03701324462890625
2 0.020175719112157823 0.6255990600585938 0.02585142195224762 0.032052001953125
7 0.21507352828979492 0.5926907348632813 0.07600143432617187 0.06263153076171875
2 0.34845558166503904 0.5385124206542968 0.028161163330078124 0.03202484130859375
2 0.24637508392333984 0.7474375915527344 0.023780364990234375 0.03237518310546875
2 0.2589860725402832 0.7400172424316406 0.02441944122314453 0.03378448486328125
2 0.021812564805150033 0.8791250610351562 0.03676863402128219 0.02774993896484375
2 0.10274993896484375 0.8820625305175781 0.03796834945678711 0.02962493896484375
2 0.06800427913665771 0.9319456481933593 0.02649155616760254 0.03550140380859375
2 0.19825000762939454 0.8709999084472656 0.027596817016601563 0.03475006103515625
2 0.22468748092651367 0.8258749389648438 0.03473907470703125 0.02800018310546875
2 0.3116249847412109 0.8198750305175782 0.02569190979003906 0.03100006103515625
7 0.550824966430664 0.677691650390625 0.06489982604980468 0.06978118896484375
2 0.4621875 0.15262504577636718 0.027737808227539063 0.01875
7 0.4181874847412109 0.11400001525878906 0.05567466735839844 0.05125
7 0.6120597839355468 0.16494094848632812 0.033274688720703126 0.04941543579101562
2 0.7846249389648438 0.09475006103515625 0.023957672119140624 0.03375
2 0.7923125457763672 0.11981254577636719 0.024875030517578126 0.030196990966796875
2 0.8613124847412109 0.1712500762939453 0.027766571044921876 0.03324996948242188
2 0.7842931365966797 0.1630132293701172 0.02483642578125 0.02102630615234375
2 0.7907499694824218 0.1776873016357422 0.028545074462890625 0.0223748779296875
2 0.81125 0.20737510681152344 0.031750030517578125 0.028500213623046874
2 0.8986669158935547 0.35052688598632814 0.0303485107421875 0.024301910400390626
2 0.9057857513427734 0.3659104919433594 0.03131622314453125 0.02753753662109375
2 0.9917507171630859 0.5089381408691406 0.030501556396484376 0.025626220703125
2 0.9621874237060547 0.6594999694824218 0.027104949951171874 0.0225
2 0.9493751525878906 0.6491252136230469 0.031241302490234376 0.02625
2 0.4378102493286133 0.30954124450683596 0.019370651245117186 0.027832489013671875
2 0.4698750305175781 0.3035623168945312 0.02862892150878906 0.03287490844726562
2 0.5121875 0.23556251525878907 0.031624984741210935 0.019375
7 0.40456260681152345 0.4654375648498535 0.054666366577148434 0.04762519836425781
