2 0.996624755859375 0.9698126220703125 0.0077593994140625 0.0173748779296875
2 0.97175048828125 0.9705625915527344 0.00700439453125 0.01612518310546875
2 0.9631997680664063 0.9709390258789062 0.0066497802734375 0.01412261962890625
2 0.9552734375 0.9706869506835938 0.0089544677734375 0.014381103515625
2 0.9461917114257813 0.9714761352539063 0.0083819580078125 0.017547607421875
2 0.937750244140625 0.9719375610351563 0.006754150390625 0.01637481689453125
2 0.9961593627929688 0.90356689453125 0.0069305419921875 0.015635986328125
2 0.9971566772460938 0.92281494140625 0.0088134765625 0.02137969970703125
2 0.9869369506835938 0.9213749694824219 0.0088751220703125 0.02011688232421875
2 0.9728128051757813 0.9236248779296875 0.0081390380859375 0.01774993896484375
2 0.9638027954101562 0.9226971435546875 0.0096453857421875 0.0191058349609375
2 0.9636251831054687 0.9033375549316406 0.0075 0.01842498779296875
2 0.9545632934570313 0.9030000305175782 0.0091253662109375 0.01887451171875
2 0.9539999389648437 0.9221873474121094 0.008499755859375 0.018739013671875
2 0.9453103637695313 0.9035275268554688 0.00762939453125 0.01730438232421875
2 0.9460623168945312 0.9257501220703125 0.0089208984375 0.0167498779296875
2 0.9375540161132813 0.9046250915527344 0.007642822265625 0.01775054931640625
2 0.936866455078125 0.9249565124511718 0.009017333984375 0.0178369140625
2 0.9288113403320313 0.9035945129394531 0.0088775634765625 0.01718902587890625
2 0.9293716430664063 0.9234844970703125 0.007008056640625 0.01603179931640625
2 0.91984130859375 0.9044476318359375 0.0095672607421875 0.01640869140625
2 0.9208697509765625 0.9230644226074218 0.009517822265625 0.0176287841796875
2 0.9106988525390625 0.9054902648925781 0.008353271484375 0.01723114013671875
2 0.9118121337890625 0.9249067687988282 0.0096240234375 0.01856353759765625
2 0.9030618286132812 0.9244377136230468 0.008936767578125 0.019375
2 0.9022479248046875 0.9045388793945313 0.0092523193359375 0.01842254638671875
2 0.92916259765625 0.9714512634277344 0.0078759765625 0.0180096435546875
2 0.920692138671875 0.9703176879882812 0.0091119384765625 0.01867645263671875
2 0.9111505126953126 0.9711752319335938 0.0086676025390625 0.01959228515625
2 0.9025479125976562 0.971451416015625 0.0101385498046875 0.022059326171875
2 0.8691937255859375 0.9688346862792969 0.00827880859375 0.0210467529296875
2 0.8437835693359375 0.9689833068847656 0.007603759765625 0.02001068115234375
2 0.8274411010742188 0.9719183349609375 0.007470703125 0.01692626953125
2 0.8191854858398437 0.9719789123535156 0.009307861328125 0.0206903076171875
2 0.8097616577148438 0.9707450866699219 0.009478759765625 0.0229998779296875
2 0.8006759643554687 0.9723870849609375 0.0081744384765625 0.018013916015625
2 0.8424447631835937 0.924549560546875 0.0073486328125 0.0181640625
2 0.8343118286132812 0.925560302734375 0.007353515625 0.02067779541015625
3 0.8261740112304687 0.9253598022460937 0.00893798828125 0.02347900390625
2 0.8164990234375 0.9249188232421875 0.0066778564453125 0.01725982666015625
2 0.8088314819335938 0.9273609924316406 0.008404541015625 0.0178759765625
2 0.800286865234375 0.9263922119140625 0.0083905029296875 0.01593841552734375
2 0.7917556762695312 0.9260270690917969 0.0084307861328125 0.0173431396484375
2 0.7769400024414063 0.9277874755859375 0.00945556640625 0.0187286376953125
2 0.767142333984375 0.9280281066894531 0.00853759765625 0.01974395751953125
2 0.757803955078125 0.9265609741210937 0.00853759765625 0.01812286376953125
2 0.7387274169921875 0.9266276550292969 0.0093505859375 0.01640869140625
2 0.7684768676757813 0.9733192443847656 0.008004150390625 0.0200860595703125
2 0.760272216796875 0.9743197631835937 0.00787109375 0.0176092529296875
2 0.75099853515625 0.9716018676757813 0.0082757568359375 0.01797576904296875
2 0.7341256713867188 0.9740263366699219 0.009471435546875 0.0156884765625
2 0.7173947143554688 0.9758525085449219 0.0095806884765625 0.01801300048828125
2 0.7001742553710938 0.9757203674316406 0.008271484375 0.0182501220703125
2 0.7428125 0.9752227783203125 0.008126220703125 0.01830474853515625
2 0.7257498168945312 0.976624755859375 0.00824951171875 0.01774993896484375
2 0.7087506103515625 0.9771250915527344 0.0097540283203125 0.0172503662109375
2 0.994437255859375 0.8538124084472656 0.0086334228515625 0.01787506103515625
2 0.9797549438476563 0.8548954772949219 0.008509521484375 0.01854095458984375
2 0.9708758544921875 0.8551248168945312 0.0095001220703125 0.01680145263671875
2 0.9914410400390625 0.8254875183105469 0.0086175537109375 0.02077484130859375
2 0.9832501220703125 0.8251872253417969 0.0075 0.01762481689453125
2 0.952562255859375 0.8224372863769531 0.008375244140625 0.018375244140625
2 0.9446249389648438 0.8230624389648438 0.0082501220703125 0.018125
2 0.9351248168945312 0.8229997253417969 0.0082501220703125 0.0156329345703125
2 0.9190631103515625 0.8251876831054688 0.007874755859375 0.0167205810546875
2 0.91081298828125 0.8265625 0.0078753662109375 0.01672119140625
2 0.961497802734375 0.854716796875 0.00825439453125 0.0174334716796875
2 0.9535003662109375 0.8549375915527344 0.006500244140625 0.01548065185546875
2 0.945682373046875 0.8556271362304687 0.0088641357421875 0.01724609375
2 0.936375732421875 0.8560627746582031 0.0085003662109375 0.01626434326171875
2 0.9279974365234375 0.8558268737792969 0.006494140625 0.01634613037109375
2 0.9196273803710937 0.8555435180664063 0.0095062255859375 0.0168365478515625
2 0.9108755493164062 0.8565000915527343 0.009530029296875 0.01625
2 0.9019003295898438 0.8555677795410156 0.0092010498046875 0.01811492919921875
2 0.9918722534179687 0.7824885559082031 0.0077557373046875 0.01847747802734375
2 0.9828768920898437 0.7822476196289062 0.0082464599609375 0.01674530029296875
2 0.9746878051757812 0.7828372192382812 0.0068743896484375 0.01717437744140625
2 0.9615069580078125 0.7829409790039062 0.00751220703125 0.0153680419921875
2 0.9529376220703125 0.7852497863769531 0.008375244140625 0.01833160400390625
2 0.9358746337890625 0.7845623779296875 0.0065277099609375 0.01612518310546875
2 0.9281881713867187 0.7848123168945312 0.0086334228515625 0.016875
2 0.9099374389648438 0.7846249389648438 0.0073748779296875 0.015999755859375
3 0.8817498779296875 0.7780000305175782 0.0245001220703125 0.02304962158203125
3 0.883773193359375 0.7495968627929688 0.02120361328125 0.021055908203125
3 0.8826089477539063 0.7097833251953125 0.0292816162109375 0.02693359375
3 0.885 0.694749755859375 0.0242498779296875 0.0232354736328125
3 0.88112548828125 0.6844378662109375 0.03 0.0287451171875
3 0.8794375610351562 0.6083750915527344 0.0196246337890625 0.01732757568359375
3 0.8797335815429688 0.59505859375 0.0175335693359375 0.0161322021484375
3 0.555003662109375 0.8502647399902343 0.008870849609375 0.0237359619140625
3 0.5459896850585938 0.844417724609375 0.010611572265625 0.0255126953125
3 0.5815625 0.844295654296875 0.0196173095703125 0.00916778564453125
3 0.6206399536132813 0.84254638671875 0.0184716796875 0.00886993408203125
3 0.6640243530273438 0.8300320434570313 0.0283251953125 0.024654541015625
3 0.6204888916015625 0.8290892028808594 0.019302978515625 0.00814910888671875
3 0.5816439819335938 0.8294596862792969 0.0184661865234375 0.00947265625
3 0.5819268798828126 0.8181173706054687 0.0191546630859375 0.008614501953125
3 0.5810537719726563 0.7868888854980469 0.0191546630859375 0.008614501953125
3 0.581490478515625 0.8069264221191407 0.0191552734375 0.008614501953125
3 0.581490478515625 0.7966168212890625 0.0191552734375 0.008614501953125
3 0.61986328125 0.7665162658691407 0.0191552734375 0.008614501953125
3 0.5809088134765625 0.77613525390625 0.0191546630859375 0.008614501953125
3 0.5811993408203125 0.7671200561523438 0.0191552734375 0.008614501953125
3 0.5809085083007812 0.7560758972167969 0.0191546630859375 0.008614501953125
3 0.6191363525390625 0.7863211059570312 0.0191546630859375 0.008614501953125
3 0.6194271850585937 0.7757060241699218 0.0191546630859375 0.008614501953125
3 0.6194268798828125 0.7960494995117188 0.0191546630859375 0.008614501953125
3 0.6195724487304688 0.8065116882324219 0.0191552734375 0.008614501953125
3 0.619718017578125 0.8178480529785156 0.0191552734375 0.008614501953125
3 0.66067138671875 0.809888916015625 0.0303741455078125 0.01046142578125
3 0.6635589599609375 0.7967684936523437 0.0237261962890625 0.0093017578125
3 0.6637057495117188 0.7751150512695313 0.0237255859375 0.0093011474609375
3 0.6635589599609375 0.7865968322753907 0.0237261962890625 0.0093017578125
3 0.6027175903320312 0.7120428466796875 0.0222283935546875 0.00853973388671875
2 0.5256112670898437 0.5309950256347656 0.0149884033203125 0.005675048828125
2 0.5256112670898437 0.5206777954101562 0.0149884033203125 0.005675048828125
2 0.5253201293945312 0.5014912414550782 0.0149884033203125 0.005675048828125
2 0.525174560546875 0.49320388793945313 0.0149884033203125 0.005675048828125
2 0.5247381591796875 0.4815769958496094 0.0149884033203125 0.005675048828125
2 0.47507659912109373 0.9577743530273437 0.0157012939453125 0.00732177734375
2 0.4302587890625 0.9303353881835937 0.0157012939453125 0.00732177734375
2 0.4302545166015625 0.9483993530273438 0.0157110595703125 0.0080792236328125
2 0.43018310546875 0.9401676940917969 0.01554931640625 0.00594512939453125
2 0.4308251953125 0.922103271484375 0.01622314453125 0.007012939453125
2 0.4308688354492187 0.9137956237792969 0.017530517578125 0.00716461181640625
2 0.4297573852539063 0.9053349304199219 0.0183551025390625 0.00762237548828125
2 0.4283953857421875 0.8970262145996094 0.01637939453125 0.007471923828125
2 0.42736236572265623 0.8881097412109376 0.0152276611328125 0.0067071533203125
2 0.4293310546875 0.8800909423828125 0.0155108642578125 0.00727447509765625
2 0.42956817626953125 0.8286251831054687 0.0158624267578125 0.00717010498046875
2 0.428470458984375 0.8454742431640625 0.015228271484375 0.0067071533203125
2 0.4290045166015625 0.8545111083984375 0.016900634765625 0.006785888671875
2 0.4279168701171875 0.8629298400878906 0.015228271484375 0.0067071533203125
2 0.4280548095703125 0.8714154052734375 0.0152276611328125 0.00670745849609375
2 0.42857147216796876 0.8192831420898438 0.0162664794921875 0.0083056640625
2 0.430875244140625 0.8104240417480468 0.01415771484375 0.0063665771484375
2 0.43092498779296873 0.7929820251464844 0.0152069091796875 0.0063677978515625
2 0.47521209716796875 0.7857127380371094 0.0145538330078125 0.00844085693359375
2 0.43085540771484376 0.7630812072753906 0.0160577392578125 0.00664459228515625
2 0.4289862060546875 0.7549833679199218 0.0142584228515625 0.00567718505859375
2 0.473214111328125 0.7513150024414063 0.01605712890625 0.006644287109375
2 0.4726675415039063 0.7363993835449218 0.0160577392578125 0.00664459228515625
2 0.472799072265625 0.7438400268554688 0.0160577392578125 0.006644287109375
2 0.42806396484375 0.7468576049804687 0.0149957275390625 0.00697723388671875
2 0.42913360595703126 0.7381697082519532 0.0145184326171875 0.00663421630859375
2 0.42822509765625 0.729443359375 0.0132891845703125 0.006097412109375
2 0.42591094970703125 0.720714111328125 0.0154278564453125 0.0077691650390625
2 0.4282266235351562 0.7041116333007813 0.014119873046875 0.00692657470703125
2 0.42705352783203127 0.6955357360839843 0.0120526123046875 0.006630859375
2 0.45764129638671874 0.6940058898925782 0.0073419189453125 0.016611328125
2 0.4577105712890625 0.6735879516601563 0.006644287109375 0.015919189453125
2 0.45716033935546874 0.6527192687988281 0.00746826171875 0.014190673828125
2 0.42614898681640623 0.6790557861328125 0.01522705078125 0.0063677978515625
2 0.42644683837890623 0.6709054565429687 0.0155462646484375 0.007718505859375
2 0.42663299560546875 0.6624446105957031 0.0135479736328125 0.00581390380859375
2 0.42739501953125 0.6546234130859375 0.011351318359375 0.006229248046875
2 0.47542877197265626 0.6059661865234375 0.0072027587890625 0.01550384521484375
2 0.1758489990234375 0.5322903442382813 0.008988037109375 0.0191412353515625
2 0.17551666259765625 0.551597900390625 0.008001708984375 0.01581207275390625
3 0.1258349609375 0.5389543151855469 0.0114898681640625 0.0334686279296875
2 0.194656982421875 0.5800596618652344 0.005992431640625 0.014287109375
2 0.107939453125 0.6028935241699219 0.013648681640625 0.0168292236328125
5 0.108516845703125 0.6598519897460937 0.008831787109375 0.02193389892578125
5 0.1096038818359375 0.7033953857421875 0.007989501953125 0.041112060546875
3 0.1383154296875 0.6802597045898438 0.0321234130859375 0.0108447265625
3 0.138565673828125 0.7133822631835938 0.033995361328125 0.0101531982421875
3 0.13873199462890626 0.7356855773925781 0.033995361328125 0.0101531982421875
3 0.13889434814453125 0.7246971130371094 0.0339959716796875 0.0101531982421875
3 0.1393939208984375 0.7460020446777343 0.033995361328125 0.0101531982421875
3 0.13889190673828125 0.7584822082519531 0.033995361328125 0.0101531982421875
3 0.13922119140625 0.7691313171386719 0.0339959716796875 0.0101531982421875
3 0.1395501708984375 0.7794473266601563 0.033995361328125 0.0101531982421875
3 0.13971343994140625 0.7897637939453125 0.033995361328125 0.0101531982421875
3 0.139876708984375 0.8020774841308593 0.033995361328125 0.0101531982421875
2 0.110362548828125 0.7625959777832031 0.01616455078125 0.01204254150390625
2 0.11126190185546875 0.7863162231445312 0.0166571044921875 0.0138787841796875
2 0.05933837890625 0.8254826354980469 0.00666015625 0.01597869873046875
2 0.21987457275390626 0.8030128479003906 0.0149444580078125 0.0059918212890625
2 0.21121826171875 0.8503657531738281 0.015146484375 0.0054925537109375
2 0.20930419921875 0.9082888793945313 0.015458984375 0.00682403564453125
2 0.203309326171875 0.917440185546875 0.015458984375 0.00682403564453125
2 0.16283447265625 0.9488189697265625 0.0073883056640625 0.01698333740234375
3 0.04650054931640625 0.4577500915527344 0.01658935546875 0.005999908447265625
3 0.04867523193359375 0.46988265991210937 0.0151007080078125 0.00598541259765625
3 0.0504998779296875 0.48068756103515625 0.01699951171875 0.005875244140625
0 0.1505841064453125 0.2152324676513672 0.042474365234375 0.05157669067382813
0 0.15151702880859375 0.14355224609375 0.04333740234375 0.051151885986328124
0 0.1535107421875 0.2872238922119141 0.039610595703125 0.05323867797851563
0 0.3208935546875 0.13542671203613282 0.051875 0.04094497680664062
5 0.244532470703125 0.2826972961425781 0.009005126953125 0.01243560791015625
5 0.2533963012695313 0.2604716491699219 0.009005126953125 0.01243560791015625
5 0.24474700927734375 0.26811752319335935 0.009005126953125 0.009005126953125
5 0.24510711669921875 0.2446783447265625 0.009005126953125 0.01243560791015625
5 0.2535418701171875 0.244322509765625 0.009005126953125 0.01243560791015625
5 0.27719970703125 0.2941380310058594 0.009005126953125 0.01243560791015625
5 0.2768438720703125 0.2796311950683594 0.009005126953125 0.01243560791015625
5 0.2750894165039062 0.24978691101074219 0.007083740234375 0.01052032470703125
5 0.28717041015625 0.2479302978515625 0.007083740234375 0.010520477294921875
5 0.2876373291015625 0.2621226501464844 0.009005126953125 0.01243560791015625
5 0.2872811889648437 0.2789193725585937 0.009005126953125 0.01243560791015625
5 0.28885498046875 0.2931431579589844 0.009005126953125 0.01243560791015625
5 0.299005126953125 0.2915008544921875 0.009005126953125 0.01243560791015625
5 0.2980059814453125 0.27656524658203124 0.009005126953125 0.01243560791015625
5 0.2969281005859375 0.2618719482421875 0.009359130859375 0.012808837890625
5 0.2972943115234375 0.24626495361328124 0.009005126953125 0.01243560791015625
5 0.3090008544921875 0.29256271362304687 0.009749755859375 0.01358612060546875
5 0.30825042724609375 0.27806243896484373 0.0097503662109375 0.013585968017578125
5 0.30787506103515627 0.26268753051757815 0.0097503662109375 0.013585968017578125
5 0.30737548828125 0.24693763732910157 0.009749755859375 0.01358612060546875
5 0.3178753662109375 0.24693740844726564 0.0097503662109375 0.013585968017578125
5 0.31825042724609376 0.2619374847412109 0.0097503662109375 0.013585968017578125
5 0.31887603759765626 0.27656280517578125 0.0097503662109375 0.01358612060546875
5 0.31937591552734373 0.2921875762939453 0.009749755859375 0.01358612060546875
5 0.3290008544921875 0.29181259155273437 0.009749755859375 0.01358612060546875
5 0.3291256713867188 0.2775624847412109 0.0097503662109375 0.013585968017578125
5 0.32875091552734376 0.26156265258789063 0.009749755859375 0.01358612060546875
5 0.33825103759765623 0.24781265258789062 0.0097503662109375 0.01358612060546875
5 0.33875 0.2624375915527344 0.009749755859375 0.013585968017578125
5 0.33925048828125 0.27743766784667967 0.009749755859375 0.01358612060546875
5 0.3391253662109375 0.29231254577636717 0.0097503662109375 0.013585968017578125
5 0.34837615966796875 0.29231269836425783 0.009749755859375 0.01358612060546875
5 0.3486264038085938 0.27768775939941404 0.009749755859375 0.01358612060546875
5 0.3482501220703125 0.26256256103515624 0.0097503662109375 0.013585968017578125
5 0.3480007934570313 0.24806266784667969 0.009749755859375 0.01358612060546875
5 0.3581256103515625 0.24693748474121094 0.009749755859375 0.013585968017578125
5 0.35875030517578127 0.26181251525878907 0.009749755859375 0.013585968017578125
5 0.3589999389648437 0.27668769836425783 0.009749755859375 0.01358612060546875
5 0.35887603759765624 0.2915626525878906 0.0097503662109375 0.01358612060546875
5 0.3691253662109375 0.2909376525878906 0.0097503662109375 0.01358612060546875
5 0.3687503051757812 0.2763125610351562 0.009749755859375 0.013585968017578125
5 0.3685009765625 0.26156265258789063 0.0097503662109375 0.01358612060546875
5 0.3681246948242187 0.24543746948242187 0.009749755859375 0.013585968017578125
5 0.37850006103515627 0.24743751525878907 0.0097503662109375 0.013585968017578125
5 0.37875091552734375 0.2615625762939453 0.009749755859375 0.01358612060546875
5 0.3788751220703125 0.2758126068115234 0.0097503662109375 0.013585968017578125
5 0.3792507934570313 0.29056266784667967 0.009749755859375 0.01358612060546875
5 0.38887481689453124 0.2906876373291016 0.0097503662109375 0.013585968017578125
5 0.3885003662109375 0.27618751525878904 0.0097503662109375 0.013585968017578125
5 0.38887542724609375 0.26081253051757813 0.0097503662109375 0.013585968017578125
5 0.3883758544921875 0.24581275939941405 0.009749755859375 0.01358612060546875
5 0.3981256103515625 0.24581245422363282 0.009749755859375 0.013585968017578125
5 0.3990008544921875 0.26056259155273437 0.009749755859375 0.01358612060546875
5 0.39912567138671873 0.27531280517578127 0.0097503662109375 0.01358612060546875
5 0.39925079345703124 0.2903125762939453 0.009749755859375 0.01358612060546875
5 0.4096261596679687 0.2903125762939453 0.009749755859375 0.01358612060546875
5 0.40956268310546873 0.2755626678466797 0.007880859375 0.012624969482421875
5 0.40906219482421874 0.26068763732910155 0.0078802490234375 0.012624969482421875
5 0.40731201171875 0.24518760681152343 0.007880859375 0.0126251220703125
5 0.4180633544921875 0.24506248474121095 0.0078814697265625 0.012624969482421875
5 0.41896270751953124 0.25987571716308594 0.0080767822265625 0.01275299072265625
5 0.4192120361328125 0.2746257781982422 0.0080767822265625 0.012752838134765625
5 0.4197122192382812 0.2900006103515625 0.0080767822265625 0.01275299072265625
5 0.42896209716796874 0.2901256561279297 0.0080767822265625 0.01275299072265625
5 0.4290869140625 0.27537559509277343 0.0080767822265625 0.01275299072265625
5 0.42846160888671875 0.2600006866455078 0.0080767822265625 0.01275299072265625
5 0.428087158203125 0.24550071716308594 0.0080767822265625 0.012752838134765625
5 0.43833709716796876 0.24550079345703124 0.0080767822265625 0.01275299072265625
5 0.437962646484375 0.26050079345703125 0.0080767822265625 0.012752838134765625
5 0.4388372802734375 0.2753757476806641 0.0080767822265625 0.01275299072265625
5 0.439212646484375 0.29050071716308595 0.0080767822265625 0.012752838134765625
5 0.4484613037109375 0.2887506866455078 0.0080767822265625 0.01275299072265625
5 0.4487115478515625 0.2735005950927734 0.0080767822265625 0.01275299072265625
5 0.44796173095703123 0.25887557983398435 0.0080767822265625 0.01275299072265625
5 0.4477117919921875 0.24412551879882813 0.0080767822265625 0.01275299072265625
5 0.45808624267578124 0.25875053405761717 0.0080767822265625 0.01275299072265625
5 0.45796142578125 0.2732506561279297 0.0080767822265625 0.01275299072265625
5 0.458336181640625 0.2885007476806641 0.0080767822265625 0.01275299072265625
5 0.46908660888671877 0.28850067138671875 0.0080767822265625 0.01275299072265625
5 0.46833709716796873 0.2740007781982422 0.0080767822265625 0.01275299072265625
5 0.4683367919921875 0.2593756103515625 0.0080767822265625 0.01275299072265625
5 0.47821197509765623 0.24412567138671876 0.0080767822265625 0.01275299072265625
5 0.4785870361328125 0.25825057983398436 0.0080767822265625 0.01275299072265625
5 0.47821197509765623 0.27362579345703125 0.0080767822265625 0.01275299072265625
5 0.47896148681640627 0.2887506103515625 0.0080767822265625 0.01275299072265625
5 0.4888372802734375 0.28862571716308594 0.0080767822265625 0.01275299072265625
5 0.4883367919921875 0.27362579345703125 0.0080767822265625 0.01275299072265625
5 0.48821197509765624 0.25812568664550783 0.0080767822265625 0.01275299072265625
5 0.488087158203125 0.24425086975097657 0.0080767822265625 0.012752838134765625
5 0.46074981689453126 0.20387489318847657 0.0129998779296875 0.00775115966796875
5 0.47493804931640626 0.20368743896484376 0.013125 0.0073785400390625
5 0.4903131103515625 0.2041876220703125 0.013125 0.007378387451171875
5 0.5053128051757813 0.20393753051757812 0.013125 0.007378387451171875
5 0.4561248779296875 0.15293746948242187 0.010999755859375 0.00787506103515625
5 0.47087554931640624 0.1531250762939453 0.0110003662109375 0.0082861328125
5 0.486500244140625 0.15331253051757812 0.010999755859375 0.00787506103515625
5 0.45710540771484376 0.12687667846679687 0.012291259765625 0.00850677490234375
5 0.45597869873046876 0.11325172424316406 0.0122906494140625 0.00850677490234375
5 0.471104736328125 0.11412673950195312 0.0122906494140625 0.008506622314453125
5 0.4718548583984375 0.12700164794921875 0.0122906494140625 0.00850677490234375
5 0.486854248046875 0.12712684631347657 0.0122906494140625 0.00850677490234375
5 0.4851043701171875 0.11500167846679688 0.0122906494140625 0.00850677490234375
5 0.5003543090820313 0.1148767852783203 0.0122906494140625 0.00850677490234375
5 0.5017294311523437 0.12762680053710937 0.0122906494140625 0.00850677490234375
2 0.5228750610351562 0.44100006103515627 0.019000244140625 0.008250579833984376
2 0.5227499389648438 0.4315000915527344 0.019000244140625 0.00825042724609375
2 0.52237548828125 0.4225000762939453 0.019000244140625 0.00825042724609375
2 0.5231253051757813 0.41274993896484374 0.019000244140625 0.00825042724609375
2 0.5215005493164062 0.3920001983642578 0.019000244140625 0.008250579833984376
5 0.560625 0.36524993896484376 0.0075 0.01100006103515625
5 0.5627499389648437 0.38050003051757814 0.0075 0.01100006103515625
5 0.57 0.3651249694824219 0.0075 0.01100006103515625
5 0.5820001220703125 0.36399993896484373 0.0075 0.01100006103515625
5 0.5921353149414063 0.36451385498046873 0.00822998046875 0.01347259521484375
5 0.5920611572265625 0.3802654266357422 0.0081292724609375 0.01346923828125
5 0.5822515869140625 0.37981826782226563 0.008751220703125 0.01286376953125
5 0.571376953125 0.38044334411621095 0.008751220703125 0.01286376953125
5 0.5634378051757812 0.39631248474121095 0.008375244140625 0.012545623779296876
5 0.5634378051757812 0.4109375 0.008375244140625 0.012545623779296876
5 0.571688232421875 0.39639633178710937 0.0081231689453125 0.0122076416015625
5 0.5723126220703125 0.4104375457763672 0.008126220703125 0.01187530517578125
5 0.5820974731445312 0.4103120422363281 0.0083056640625 0.011876068115234374
5 0.5926885986328125 0.4106464385986328 0.0081231689453125 0.012207794189453124
5 0.5920977783203125 0.3966900634765625 0.0080279541015625 0.011935272216796876
5 0.5816891479492188 0.39627120971679686 0.0081231689453125 0.0122076416015625
5 0.61361083984375 0.365 0.00888916015625 0.013055572509765625
5 0.615 0.3802777862548828 0.00888916015625 0.013055572509765625
5 0.6152777099609374 0.39486114501953123 0.00888916015625 0.013055419921875
5 0.615694580078125 0.41013885498046876 0.00888916015625 0.013055419921875
5 0.636805419921875 0.4052777862548828 0.00888916015625 0.013055572509765625
5 0.6963824462890625 0.408685302734375 0.009302978515625 0.013392181396484374
5 0.7054714965820312 0.40948776245117186 0.0088763427734375 0.0127685546875
5 0.7151486206054688 0.4094876861572266 0.010772705078125 0.012369384765625
5 0.7270785522460937 0.4080396270751953 0.00989013671875 0.013838348388671875
5 0.6957952880859375 0.3936994171142578 0.0081488037109375 0.013046417236328125
5 0.7052267456054687 0.3941094207763672 0.0081488037109375 0.013046112060546875
5 0.7149041748046875 0.3941094970703125 0.009219970703125 0.01306396484375
5 0.7150234985351562 0.378658447265625 0.009219970703125 0.01306396484375
5 0.7160162353515624 0.36146102905273436 0.009219970703125 0.01306396484375
5 0.7385482788085938 0.4080133819580078 0.00989013671875 0.01383819580078125
5 0.7373580932617188 0.3927075958251953 0.00989013671875 0.013838043212890625
5 0.7489730834960937 0.3920994567871094 0.00989013671875 0.013838043212890625
5 0.7504022216796875 0.40764389038085935 0.00989013671875 0.01383819580078125
5 0.7499398803710937 0.37720428466796874 0.00989013671875 0.013838043212890625
5 0.7494906616210938 0.36219444274902346 0.00785888671875 0.010622711181640624
5 0.777442626953125 0.40921844482421876 0.00989013671875 0.01383819580078125
5 0.7660797119140625 0.4077415466308594 0.0087310791015625 0.010913848876953125
5 0.7659078979492188 0.39229042053222657 0.0087310791015625 0.010913848876953125
5 0.76486328125 0.3592316436767578 0.0087310791015625 0.010913848876953125
5 0.7747323608398438 0.36313446044921877 0.0087310791015625 0.010913848876953125
5 0.776015625 0.37824211120605467 0.0087310791015625 0.010913848876953125
5 0.7766888427734375 0.3936217498779297 0.00989013671875 0.01383819580078125
5 0.7871798706054688 0.39406288146972657 0.00843994140625 0.012660064697265626
5 0.786280517578125 0.37977592468261717 0.00843994140625 0.012660064697265626
5 0.7983584594726563 0.39330909729003904 0.00843994140625 0.012660064697265626
5 0.7986233520507813 0.40798019409179687 0.00843994140625 0.012660064697265626
5 0.8096566772460938 0.4083905792236328 0.00843994140625 0.012660064697265626
5 0.8089028930664063 0.39366706848144534 0.00843994140625 0.012660064697265626
5 0.80916748046875 0.3783614349365234 0.00843994140625 0.012660064697265626
5 0.81918212890625 0.3780442047119141 0.00843994140625 0.012660064697265626
5 0.8303607177734375 0.37758148193359375 0.00843994140625 0.012660064697265626
5 0.8198574829101563 0.393416748046875 0.00843994140625 0.012660064697265626
5 0.819976806640625 0.40823341369628907 0.00843994140625 0.012660064697265626
5 0.8308642578125 0.4079161834716797 0.00843994140625 0.012660064697265626
5 0.8305471801757812 0.3927561187744141 0.00843994140625 0.012660064697265626
5 0.841871337890625 0.40786376953125 0.00843994140625 0.012660064697265626
5 0.8418450927734376 0.39386787414550783 0.00843994140625 0.012660064697265626
5 0.8182830810546875 0.36259315490722654 0.00843994140625 0.012660064697265626
5 0.7520004272460937 0.4702874755859375 0.009503173828125 0.01317474365234375
5 0.7631253051757813 0.46953765869140623 0.0095037841796875 0.01317474365234375
5 0.845625 0.45753753662109375 0.0095037841796875 0.013174591064453125
5 0.7843130493164062 0.4698751831054688 0.0091253662109375 0.01000030517578125
5 0.7943753051757813 0.46993743896484375 0.0085101318359375 0.0103753662109375
5 0.7950006103515626 0.45831268310546874 0.0085101318359375 0.010375213623046876
5 0.8247482299804687 0.4557293701171875 0.0067449951171875 0.009958648681640625
5 0.8373123168945312 0.46856250762939455 0.0066253662109375 0.009551010131835937
5 0.83643798828125 0.4580626678466797 0.0081475830078125 0.010124969482421874
5 0.8459292602539062 0.46865962982177733 0.0086083984375 0.010429763793945312
5 0.7510000610351563 0.4466874694824219 0.0125 0.0093756103515625
5 0.7669985961914062 0.44582801818847656 0.0120037841796875 0.00965606689453125
5 0.884844970703125 0.4136738586425781 0.0083135986328125 0.01277435302734375
5 0.88480224609375 0.44074623107910155 0.0089495849609375 0.012347259521484376
5 0.79591064453125 0.4448302459716797 0.01188232421875 0.009413604736328124
5 0.7256643676757812 0.28813873291015624 0.0093359375 0.013722076416015624
5 0.7253314208984375 0.2741386413574219 0.0093359375 0.013722076416015624
5 0.7268310546875 0.2603053283691406 0.0093359375 0.013722076416015624
5 0.7361642456054688 0.2603053283691406 0.0093359375 0.013722381591796874
5 0.7474981689453125 0.2598052978515625 0.0093359375 0.013722381591796874
5 0.7476638793945313 0.27430526733398436 0.0093359375 0.01372222900390625
5 0.7488311767578125 0.289638671875 0.0093359375 0.013722076416015624
5 0.7578314208984375 0.2598052978515625 0.0093359375 0.013722076416015624
5 0.7689971923828125 0.25897186279296874 0.0093359375 0.01372222900390625
5 0.7584982299804688 0.274638671875 0.0093359375 0.0137225341796875
5 0.7693313598632813 0.27347206115722655 0.0093359375 0.01372222900390625
5 0.7596646118164062 0.2893054962158203 0.0093359375 0.01372222900390625
5 0.7696646118164062 0.28797203063964844 0.0093359375 0.01372222900390625
5 0.7809133911132813 0.25869438171386716 0.009171142578125 0.01361114501953125
5 0.7928329467773437 0.25583328247070314 0.0076666259765625 0.013192138671875
5 0.7497509765625 0.3035001373291016 0.0104998779296875 0.0132244873046875
5 0.76058349609375 0.30275009155273436 0.00949951171875 0.01139678955078125
5 0.7713760375976563 0.3017429351806641 0.009915771484375 0.012181396484375
5 0.7817092895507812 0.30257606506347656 0.0099151611328125 0.012181243896484374
5 0.7804141235351563 0.27419471740722656 0.009171142578125 0.013610992431640625
5 0.8041668701171875 0.3011666870117187 0.00933349609375 0.011999969482421874
5 0.792833251953125 0.2859999847412109 0.00933349609375 0.011999969482421874
5 0.8666668701171875 0.31366668701171874 0.00933349609375 0.011999969482421874
5 0.79316650390625 0.27083328247070315 0.00933349609375 0.0120001220703125
5 0.8038339233398437 0.2871666717529297 0.00933349609375 0.01186981201171875
5 0.8028338623046875 0.27183334350585936 0.0093328857421875 0.01186981201171875
5 0.8035006713867188 0.25750022888183594 0.00933349609375 0.01187042236328125
5 0.5685653686523438 0.1522545623779297 0.0087518310546875 0.011986236572265625
5 0.5686361694335937 0.1384844970703125 0.008291015625 0.012699737548828124
5 0.5675665283203125 0.12328758239746093 0.0092755126953125 0.01255706787109375
5 0.564498291015625 0.10866172790527344 0.0114154052734375 0.013439483642578125
5 0.580269775390625 0.15276161193847657 0.0101397705078125 0.0141424560546875
5 0.5914047241210938 0.15400100708007813 0.01039794921875 0.0142010498046875
5 0.5800537109375 0.13881576538085938 0.009415283203125 0.011752471923828126
5 0.5916793823242188 0.1397400665283203 0.0094158935546875 0.01175262451171875
5 0.60287841796875 0.13324478149414062 0.0094158935546875 0.01175262451171875
5 0.5926730346679687 0.12489418029785156 0.009415283203125 0.01175262451171875
5 0.5797564697265625 0.12424919128417969 0.0094158935546875 0.01175262451171875
5 0.6029415893554687 0.11889556884765624 0.009415283203125 0.011752471923828126
5 0.5898263549804688 0.110159912109375 0.0126995849609375 0.014427337646484375
5 0.5764837646484375 0.10830497741699219 0.011986083984375 0.014626312255859374
5 0.7520169067382813 0.20874282836914063 0.009915771484375 0.01252166748046875
5 0.7508450317382812 0.19296516418457033 0.009915771484375 0.01252166748046875
5 0.7512466430664062 0.17878433227539062 0.0083197021484375 0.010982513427734375
5 0.75161865234375 0.16393531799316408 0.0102288818359375 0.012227630615234375
5 0.75782470703125 0.11996223449707032 0.010716552734375 0.014058837890625
5 0.7687924194335938 0.11973861694335937 0.010716552734375 0.014058685302734375
5 0.78034912109375 0.120352783203125 0.01043212890625 0.01289825439453125
5 0.7814529418945313 0.13492416381835937 0.0104327392578125 0.01289825439453125
5 0.7707965087890625 0.13526931762695313 0.01043212890625 0.01289825439453125
5 0.7597607421875 0.1354249572753906 0.01043212890625 0.01289825439453125
5 0.7602960205078125 0.15094467163085937 0.01043212890625 0.01289825439453125
5 0.7708837890625 0.1505311584472656 0.01043212890625 0.01289825439453125
5 0.7807131958007812 0.15049697875976562 0.0104327392578125 0.01289825439453125
5 0.9771670532226563 0.39409317016601564 0.011689453125 0.009830474853515625
5 0.991739501953125 0.3937811279296875 0.0124688720703125 0.0085723876953125
5 0.9970150756835937 0.29596183776855467 0.0093133544921875 0.01327178955078125
5 0.9854690551757812 0.29747703552246096 0.009373779296875 0.013214569091796875
5 0.9750665283203125 0.29804771423339843 0.0095166015625 0.01396392822265625
5 0.9960577392578125 0.2815811920166016 0.008914794921875 0.012890167236328125
5 0.9961727905273438 0.26681320190429686 0.0095166015625 0.01396392822265625
5 0.9932586669921875 0.2534904479980469 0.01013916015625 0.01316864013671875
5 0.974561767578125 0.2384253692626953 0.0080303955078125 0.011060943603515625
5 0.9736691284179687 0.25360137939453126 0.007908935546875 0.011839141845703125
5 0.9856100463867188 0.26872016906738283 0.0100030517578125 0.01249237060546875
5 0.9858538818359375 0.2831790161132812 0.0097735595703125 0.012088470458984375
5 0.9738925170898437 0.26911468505859376 0.0092633056640625 0.0143096923828125
5 0.988345947265625 0.20472862243652343 0.0083349609375 0.01252166748046875
5 0.9882839965820313 0.19056434631347657 0.0083343505859375 0.0125213623046875
5 0.9878729248046875 0.1751812744140625 0.0083343505859375 0.0125213623046875
5 0.9879849243164063 0.16066879272460938 0.0083343505859375 0.0125213623046875
5 0.9966262817382813 0.1590392303466797 0.0083343505859375 0.0125213623046875
5 0.9970858764648437 0.17394866943359374 0.0083343505859375 0.0125213623046875
5 0.9959097290039063 0.13040328979492188 0.0085382080078125 0.014984588623046875
5 0.9955551147460937 0.1143865203857422 0.0088897705078125 0.01359161376953125
5 0.9941683959960937 0.099669189453125 0.008546142578125 0.014101715087890624
5 0.9441159057617188 0.10489212036132813 0.0131048583984375 0.01061981201171875
5 0.9287948608398438 0.107242431640625 0.0130780029296875 0.009749298095703124
5 0.9141009521484375 0.10907363891601562 0.0113494873046875 0.00853729248046875
5 0.9009335327148438 0.10949600219726563 0.0121734619140625 0.00868560791015625
3 0.9742922973632813 0.049350738525390625 0.017293701171875 0.01130645751953125
