0 0.22255340576171875 0.6343973636627197 0.0193914794921875 0.021778106689453125
0 0.5791827392578125 0.7571107482910157 0.0296258544921875 0.0196820068359375
0 0.6441021728515625 0.7686295318603515 0.0274755859375 0.023843841552734377
0 0.023849334716796875 0.8698021697998047 0.03698822021484375 0.03640350341796875
0 0.8202865600585938 0.5472510147094727 0.0326995849609375 0.033003921508789065
0 0.34079986572265625 0.9882283020019531 0.0190313720703125 0.0213848876953125
0 0.284462890625 0.9582417297363282 0.0249163818359375 0.028302001953125
0 0.46123260498046875 0.9896383666992188 0.0205523681640625 0.02515716552734375
0 0.388433837890625 0.9908139038085938 0.0410821533203125 0.04036041259765625
0 0.5598233032226563 0.9881369018554688 0.023414306640625 0.02485137939453125
