2 0.20031219482421875 0.5320187377929687 0.010123291015625 0.022537384033203125
2 0.09206268310546875 0.24656248092651367 0.0173345947265625 0.028625144958496093
2 0.288125 0.15131250381469727 0.0194732666015625 0.026125221252441405
2 0.30206298828125 0.1582501220703125 0.0189080810546875 0.025500030517578126
2 0.14661407470703125 0.10415445327758789 0.016978759765625 0.024808692932128906
2 0.43023223876953126 0.12247212409973145 0.022911376953125 0.03311424255371094
2 0.40400634765625 0.22781845092773437 0.027794189453125 0.019590492248535155
2 0.3997369384765625 0.24137020111083984 0.0277947998046875 0.019590492248535155
2 0.3331353759765625 0.5621697616577148 0.0269805908203125 0.022660598754882813
2 0.37 0.63375 0.0212237548828125 0.0125
2 0.72955078125 0.5966445541381836 0.0328985595703125 0.020288772583007812
