0 0.22001556396484376 0.051552352905273435 0.0406884765625 0.0381793212890625
0 0.3901239013671875 0.051776580810546875 0.0435247802734375 0.03930099487304688
0 0.5240518188476563 0.05113937377929687 0.043167724609375 0.03816940307617187
0 0.6398641967773437 0.024090118408203125 0.0227191162109375 0.025257415771484375
0 0.09344482421875 0.9279924011230469 0.0239691162109375 0.025643310546875
0 0.1188311767578125 0.9265684509277343 0.0188671875 0.0245098876953125
0 0.142777099609375 0.9253753662109375 0.0207012939453125 0.0212664794921875
0 0.3980816650390625 0.885341796875 0.021282958984375 0.024580078125
0 0.603717041015625 0.872901611328125 0.020084228515625 0.0224822998046875
0 0.34722930908203126 0.9953581237792969 0.016497802734375 0.02281463623046875
0 0.41504608154296874 0.9948677062988281 0.01436767578125 0.0158282470703125
0 0.4738424682617188 0.9922189331054687 0.0284844970703125 0.03259552001953125
0 0.520565185546875 0.9920413208007812 0.0278619384765625 0.0302020263671875
0 0.5660012817382812 0.9902308654785156 0.0311761474609375 0.03263153076171875
0 0.610557861328125 0.9914678955078124 0.031419677734375 0.03458953857421875
0 0.6564651489257812 0.9875679016113281 0.0290679931640625 0.03526336669921875
