2 0.012432937622070312 0.96868408203125 0.02630401611328125 0.0203607177734375
2 0.181141357421875 0.9851156616210938 0.0130316162109375 0.024769287109375
7 0.2817413330078125 0.70421875 0.0567333984375 0.0333123779296875
2 0.09596221923828124 0.7096829986572266 0.024825439453125 0.011384124755859376
2 0.088187255859375 0.692437515258789 0.0316253662109375 0.0123779296875
2 0.0900628662109375 0.6279375076293945 0.0217523193359375 0.011124954223632813
2 0.01431243896484375 0.589749984741211 0.0098748779296875 0.02524993896484375
2 0.091444091796875 0.5431940078735351 0.0273876953125 0.012612228393554687
2 0.05143798828125 0.500625 0.0091259765625 0.0270001220703125
2 0.08387237548828125 0.4655908966064453 0.0192584228515625 0.011431884765625
2 0.409375 0.6264371871948242 0.023590087890625 0.025125045776367188
2 0.3966253662109375 0.614937515258789 0.023590087890625 0.025124969482421874
7 0.20887176513671876 0.5881691360473633 0.0288128662109375 0.05277153015136719
7 0.209970703125 0.512432975769043 0.02764404296875 0.0540057373046875
7 0.32055908203125 0.4786915969848633 0.059127197265625 0.06753547668457031
2 0.472349853515625 0.35014686584472654 0.029356689453125 0.015845565795898436
2 0.48914306640625 0.23340274810791015 0.01832763671875 0.02811168670654297
3 0.4418341064453125 0.21189208984375 0.0426171875 0.022076416015625
2 0.4672747802734375 0.151667537689209 0.01695068359375 0.02802135467529297
2 0.07943878173828126 0.21312501907348633 0.0201251220703125 0.009517288208007813
2 0.04819061279296875 0.2584311294555664 0.00911865234375 0.0226123046875
2 0.046690673828125 0.23118114471435547 0.00911865234375 0.0226123046875
2 0.045250244140625 0.14306249618530273 0.008499755859375 0.02487499237060547
2 0.0818756103515625 0.08293753862380981 0.0225 0.010628561973571777
2 0.507125244140625 0.1021251392364502 0.01714111328125 0.030500125885009766
2 0.8534906005859375 0.20515213012695313 0.02640625 0.011945419311523438
2 0.755650634765625 0.32138861656188966 0.01427978515625 0.03173494338989258
2 0.53824951171875 0.3589373779296875 0.018741455078125 0.02912528991699219
2 0.97706298828125 0.5479373931884766 0.01112548828125 0.020809783935546874
2 0.9223126220703125 0.7258750152587891 0.017874755859375 0.01003021240234375
2 0.8902496337890625 0.8165000915527344 0.010506591796875 0.028000335693359375
