2 0.9420901489257812 0.3691864013671875 0.00917999267578125 0.01591400146484375
2 0.9153672790527344 0.371522216796875 0.007142333984375 0.01552337646484375
2 0.8994033813476563 0.37216949462890625 0.0061199951171875 0.01331085205078125
2 0.8571755981445313 0.3717106628417969 0.00674896240234375 0.018206787109375
2 0.8799519348144531 0.3280149841308594 0.00728057861328125 0.01812896728515625
2 0.7974540710449218 0.37380050659179687 0.0061199951171875 0.01331085205078125
2 0.8540115356445312 0.3284608459472656 0.0061199951171875 0.01331085205078125
2 0.8201094055175782 0.3302473449707031 0.007269287109375 0.01698455810546875
2 0.7444941711425781 0.3731425476074219 0.00688079833984375 0.01862152099609375
2 0.731590576171875 0.3744673156738281 0.00688079833984375 0.01862152099609375
2 0.7225115966796875 0.3764044189453125 0.00688079833984375 0.01862152099609375
2 0.8029214477539063 0.32820648193359375 0.00726959228515625 0.01698455810546875
2 0.7941110229492188 0.32602676391601565 0.00719451904296875 0.01695526123046875
2 0.7846107482910156 0.3262664794921875 0.007269287109375 0.01698455810546875
2 0.7759840393066406 0.3273893737792969 0.0071319580078125 0.017803955078125
2 0.7766456604003906 0.30835556030273437 0.00683990478515625 0.017518310546875
2 0.8109181213378907 0.308623046875 0.00693572998046875 0.01596099853515625
2 0.8618931579589844 0.3062992858886719 0.00698486328125 0.0162213134765625
2 0.8955752563476562 0.30775390625 0.0061199951171875 0.0133111572265625
2 0.7447703552246093 0.2637419128417969 0.0069354248046875 0.01596099853515625
2 0.7742472839355469 0.2621604919433594 0.0069354248046875 0.015960693359375
2 0.782431640625 0.2627137756347656 0.0078118896484375 0.015576171875
2 0.7964558410644531 0.2603668212890625 0.0078118896484375 0.01557647705078125
2 0.8349592590332031 0.2587850952148438 0.0078118896484375 0.015576171875
2 0.8843257141113281 0.25949783325195314 0.0078118896484375 0.015576171875
2 0.8043147277832031 0.2581089782714844 0.00688507080078125 0.01425872802734375
0 0.9388119506835938 0.18830596923828125 0.0416522216796875 0.0323590087890625
0 0.8909454345703125 0.18950897216796875 0.04033538818359375 0.0330267333984375
0 0.8007266235351562 0.19385299682617188 0.03230560302734375 0.02524200439453125
0 0.7563917541503906 0.194302978515625 0.03452880859375 0.0240460205078125
0 0.6721173095703125 0.14199325561523438 0.0272564697265625 0.0365850830078125
3 0.7463972473144531 0.17424392700195312 0.02287506103515625 0.010252685546875
0 0.6630422973632812 0.02248565673828125 0.02716064453125 0.0347393798828125
