7 0.02822235107421875 0.18238174438476562 0.0359454345703125 0.04501373291015625
2 0.3426611328125 0.24875167846679688 0.028321533203125 0.038746337890625
2 0.3690625 0.24206253051757812 0.0226812744140625 0.0326251220703125
2 0.4066748046875 0.2743238830566406 0.0295989990234375 0.015147705078125
2 0.26843719482421874 0.30675018310546875 0.032706298828125 0.0232501220703125
2 0.2270623779296875 0.32125030517578124 0.0306689453125 0.0232501220703125
2 0.1916876220703125 0.3025624084472656 0.021268310546875 0.03087554931640625
2 0.17668731689453124 0.31068710327148436 0.0216064453125 0.028375244140625
2 0.1549371337890625 0.2898748779296875 0.02408935546875 0.03425018310546875
2 0.13238525390625 0.32097305297851564 0.0249798583984375 0.03869476318359375
2 0.1164373779296875 0.32931243896484375 0.0190789794921875 0.02862518310546875
2 0.12931304931640625 0.3546875 0.0379327392578125 0.0263751220703125
3 0.0763751220703125 0.37087509155273435 0.0653057861328125 0.0417498779296875
2 0.18943115234375 0.40331588745117186 0.0227679443359375 0.03038116455078125
2 0.145625 0.4247500610351562 0.0203314208984375 0.03075042724609375
2 0.19256256103515626 0.9442498779296875 0.0263751220703125 0.01425048828125
2 0.19156097412109374 0.9284242248535156 0.0336199951171875 0.01890960693359375
2 0.19344512939453126 0.9054463195800782 0.0281103515625 0.01664215087890625
2 0.08860137939453125 0.9137405395507813 0.0297991943359375 0.02151885986328125
2 0.08691986083984375 0.8412977600097656 0.030660400390625 0.01840484619140625
2 0.20544189453125 0.7538137817382813 0.03063232421875 0.0236224365234375
2 0.12131256103515625 0.7244996643066406 0.029375 0.0369342041015625
7 0.27411102294921874 0.583673095703125 0.0627777099609375 0.0613458251953125
2 0.3299420166015625 0.3563729858398437 0.0253662109375 0.03150421142578125
2 0.36585845947265627 0.3493894958496094 0.0164654541015625 0.028529052734375
2 0.40943756103515627 0.3392498779296875 0.0153753662109375 0.033804931640625
2 0.5304437255859376 0.25411453247070315 0.0138623046875 0.02947845458984375
7 0.4949603271484375 0.4917041015625 0.0558892822265625 0.05962646484375
2 0.65341552734375 0.463236083984375 0.0283306884765625 0.0299725341796875
2 0.33718719482421877 0.7310743713378907 0.0136236572265625 0.02839813232421875
2 0.37018768310546873 0.7628125 0.0333746337890625 0.01687530517578125
2 0.440631103515625 0.7595785522460937 0.0297625732421875 0.02040771484375
2 0.5072671508789063 0.7212127685546875 0.0242169189453125 0.03232574462890625
2 0.5637503051757813 0.7916874694824219 0.0306158447265625 0.01912506103515625
2 0.523062744140625 0.8603749084472656 0.0178753662109375 0.03025054931640625
2 0.5501876831054687 0.8873751831054687 0.02862548828125 0.0162579345703125
2 0.5499948120117187 0.9037750244140625 0.0300103759765625 0.01746490478515625
2 0.4854037475585937 0.9279255676269531 0.0170556640625 0.03010101318359375
2 0.45127105712890625 0.8801220703125 0.0332073974609375 0.017994384765625
2 0.44579559326171875 0.9273518753051758 0.0314093017578125 0.020547637939453123
2 0.4550054931640625 0.9449252319335938 0.0302392578125 0.0181732177734375
2 0.4504132080078125 0.9597348022460938 0.026923828125 0.0154693603515625
2 0.4838128662109375 0.9791253662109375 0.0153753662109375 0.0301104736328125
2 0.5211553955078125 0.9601333618164063 0.0154620361328125 0.032266845703125
2 0.8636248779296875 0.8026248168945312 0.027320556640625 0.03524993896484375
2 0.9191879272460938 0.7356251525878906 0.0313848876953125 0.0270001220703125
2 0.8650625610351562 0.7266876220703125 0.0300848388671875 0.02962554931640625
2 0.9810067749023438 0.63921630859375 0.0305120849609375 0.032681884765625
2 0.9306939697265625 0.6291343688964843 0.0293634033203125 0.02898162841796875
7 0.7774563598632812 0.6382830810546875 0.0375872802734375 0.0369342041015625
2 0.7948486328125 0.5028439331054687 0.0364471435546875 0.03606231689453125
2 0.81679931640625 0.523521728515625 0.030400390625 0.0311944580078125
2 0.788486328125 0.45250946044921875 0.032279052734375 0.03351806640625
2 0.719329833984375 0.3837750244140625 0.02415771484375 0.0322998046875
7 0.7560690307617187 0.2879010009765625 0.049862060546875 0.06317626953125
7 0.8456881713867187 0.3626875305175781 0.0473748779296875 0.0458087158203125
