2 0.978572998046875 0.98812744140625 0.016353759765625 0.00700408935546875
2 0.93388916015625 0.9837530517578125 0.0139404296875 0.00875640869140625
2 0.9931866455078125 0.9539375305175781 0.008126220703125 0.015625
2 0.9852496337890625 0.9530001831054687 0.00700439453125 0.01725006103515625
2 0.9766888427734375 0.9529374694824219 0.007874755859375 0.01799713134765625
2 0.9684375 0.9525624084472656 0.008876953125 0.016875
2 0.9458758544921875 0.9390626525878907 0.014534912109375 0.00837493896484375
2 0.9444097900390624 0.9291238403320312 0.01681884765625 0.007752685546875
2 0.94313232421875 0.9204609680175782 0.017269287109375 0.0075787353515625
2 0.9417498779296875 0.9128752136230469 0.017091064453125 0.00800018310546875
2 0.9424298095703125 0.8876324462890625 0.014609375 0.00673583984375
2 0.942562255859375 0.8794999694824219 0.014930419921875 0.0075
2 0.9426263427734375 0.8568447875976563 0.0160205078125 0.0070599365234375
2 0.940250244140625 0.7675627136230468 0.0206005859375 0.008375244140625
2 0.940238037109375 0.7232470703125 0.0187255859375 0.0077435302734375
2 0.9371881103515625 0.7136250305175781 0.01637451171875 0.00726593017578125
2 0.9388751220703125 0.6590626525878907 0.017877197265625 0.0086248779296875
2 0.9389459228515625 0.649736328125 0.01560791015625 0.00797271728515625
2 0.9391424560546875 0.6412481689453124 0.0187841796875 0.00775360107421875
2 0.9393414306640625 0.6326263427734375 0.018067626953125 0.00825225830078125
2 0.9521246337890625 0.6192498779296876 0.0077490234375 0.01649993896484375
2 0.9346246337890625 0.5506248474121094 0.01 0.01850006103515625
2 0.9496258544921875 0.5518124389648438 0.009761962890625 0.019375
2 0.959625244140625 0.5535000610351563 0.007803955078125 0.0170001220703125
2 0.9771240234375 0.551033935546875 0.008251953125 0.01768310546875
2 0.985562744140625 0.5498127746582031 0.007374267578125 0.01621002197265625
2 0.9449383544921875 0.5929661560058593 0.0076220703125 0.0164324951171875
2 0.9615008544921875 0.5931251525878907 0.0075 0.01487579345703125
2 0.97025146484375 0.5931875610351562 0.0075 0.0155877685546875
2 0.97893798828125 0.5946247863769532 0.00712890625 0.0160003662109375
2 0.961435546875 0.6177560424804688 0.008128662109375 0.01748809814453125
2 0.9703741455078125 0.6164653015136718 0.008004150390625 0.0176812744140625
2 0.98027099609375 0.6154995727539062 0.009302978515625 0.01975128173828125
2 0.9648260498046874 0.6443600463867187 0.016651611328125 0.0150299072265625
2 0.97826904296875 0.6508761596679687 0.017716064453125 0.00825225830078125
2 0.978187255859375 0.6604374694824219 0.018148193359375 0.0086248779296875
2 0.9784991455078125 0.6702503967285156 0.017091064453125 0.00800018310546875
2 0.97686767578125 0.6790554809570313 0.020263671875 0.00786163330078125
2 0.9796240234375 0.7134486389160156 0.016246337890625 0.0076470947265625
2 0.97987548828125 0.7218753051757812 0.01625 0.0072503662109375
2 0.9795001220703125 0.7469999694824219 0.0175 0.00600006103515625
2 0.9791412353515625 0.7641258239746094 0.015716552734375 0.00599853515625
2 0.9811871337890625 0.7945625305175781 0.015625 0.00663055419921875
2 0.98193603515625 0.8209220886230468 0.016129150390625 0.007406005859375
2 0.9825006103515626 0.8571247863769531 0.016116943359375 0.0075
2 0.9831243896484375 0.8651876831054688 0.017249755859375 0.00788299560546875
2 0.98354248046875 0.8731134033203125 0.01841552734375 0.00847686767578125
2 0.9830975341796875 0.8818121337890625 0.016192626953125 0.00862640380859375
2 0.983372802734375 0.8924652099609375 0.016768798828125 0.008179931640625
2 0.9836761474609375 0.9015061950683594 0.016849365234375 0.00748779296875
2 0.983875732421875 0.9211875915527343 0.0179443359375 0.008125
2 0.9951025390625 0.6523083877563477 0.009840087890625 0.00761749267578125
3 0.79578125 0.9918226623535156 0.026065673828125 0.011937255859375
2 0.8688909912109375 0.9478523254394531 0.008359375 0.0163323974609375
2 0.859246826171875 0.9472093200683593 0.006815185546875 0.0154156494140625
2 0.8218133544921875 0.9030003356933594 0.009381103515625 0.0175
2 0.8315643310546875 0.9037905883789062 0.009371337890625 0.02016845703125
2 0.8594415283203125 0.9047489929199218 0.008369140625 0.01575592041015625
2 0.8676251220703125 0.9028657531738281 0.006253662109375 0.01551910400390625
5 0.8344378662109375 0.8832496643066406 0.0219775390625 0.00875
5 0.860467529296875 0.8836854553222656 0.01593505859375 0.00812957763671875
5 0.8603741455078125 0.8741873168945312 0.0214990234375 0.00912506103515625
5 0.8597723388671875 0.8646893310546875 0.023294677734375 0.00837127685546875
5 0.860313720703125 0.8555001831054687 0.02145751953125 0.0075
5 0.8336688232421875 0.8650616455078125 0.01808837890625 0.00812591552734375
5 0.8354400634765625 0.8548518371582031 0.016119384765625 0.00779632568359375
5 0.8601251220703126 0.8392501831054687 0.01699951171875 0.00775787353515625
5 0.7828131103515625 0.867125244140625 0.01637451171875 0.00726593017578125
5 0.7816259765625 0.85875 0.015386962890625 0.00850006103515625
5 0.7818743896484375 0.8499998474121093 0.01699951171875 0.0070001220703125
5 0.7791357421875 0.841993408203125 0.010726318359375 0.00673736572265625
5 0.782125244140625 0.8335624694824219 0.016749267578125 0.0071319580078125
5 0.7791864013671875 0.8245625305175781 0.012125244140625 0.0073822021484375
5 0.781063232421875 0.8072500610351563 0.014375 0.0077532958984375
5 0.780841064453125 0.7911872863769531 0.0154296875 0.00687469482421875
5 0.7798114013671875 0.7821876525878906 0.014375 0.0076263427734375
5 0.856248779296875 0.7754997253417969 0.01550048828125 0.0075
5 0.856044921875 0.7641246032714843 0.020338134765625 0.007498779296875
5 0.8549383544921875 0.7521249389648438 0.019874267578125 0.00750091552734375
5 0.854437255859375 0.7293125915527344 0.0196240234375 0.0091259765625
5 0.7806878662109376 0.7591876220703125 0.0176513671875 0.009375
5 0.7803759765625 0.7500001525878907 0.017000732421875 0.007764892578125
5 0.77758544921875 0.7412509155273438 0.01182861328125 0.0075018310546875
5 0.77893798828125 0.7333126831054687 0.012874755859375 0.0071258544921875
5 0.780762939453125 0.7247512817382813 0.016474609375 0.0067523193359375
5 0.7801873779296875 0.7163749694824219 0.015875244140625 0.0075
5 0.78037353515625 0.7078730773925781 0.015997314453125 0.00799652099609375
5 0.7778753662109374 0.6996253967285156 0.013382568359375 0.0067498779296875
5 0.778685302734375 0.6911381530761719 0.014879150390625 0.00847381591796875
5 0.779228515625 0.6833091735839844 0.016708984375 0.00736846923828125
5 0.7810614013671875 0.5319793701171875 0.009119873046875 0.02195831298828125
5 0.8235284423828125 0.523248291015625 0.015943603515625 0.00875335693359375
5 0.8230621337890625 0.5135624694824219 0.0153759765625 0.0076251220703125
5 0.8223748779296876 0.5042498779296875 0.016500244140625 0.0082501220703125
5 0.8228131103515625 0.4850624084472656 0.00862548828125 0.01760284423828125
5 0.84337646484375 0.48481246948242185 0.017939453125 0.008125
5 0.84324951171875 0.49537506103515627 0.017344970703125 0.00675018310546875
5 0.8451568603515625 0.504251708984375 0.016314697265625 0.00800384521484375
5 0.8458709716796875 0.5138134765625 0.016739501953125 0.00787322998046875
5 0.8453753662109375 0.5231251525878906 0.017249755859375 0.009014892578125
5 0.84941650390625 0.6026838684082031 0.019227294921875 0.00862060546875
5 0.856925048828125 0.5564515686035156 0.021134033203125 0.0093182373046875
5 0.819661865234375 0.5826612854003906 0.008623046875 0.02030029296875
5 0.6891973876953125 0.9137307739257813 0.00870361328125 0.01188507080078125
5 0.695384521484375 0.8882624816894531 0.020523681640625 0.00763702392578125
5 0.6684014892578125 0.9055958557128906 0.007850341796875 0.0116015625
5 0.6644732666015625 0.8921902465820313 0.00806640625 0.0108233642578125
5 0.6548638916015626 0.8610920715332031 0.0181298828125 0.00720123291015625
5 0.655662841796875 0.8521621704101563 0.014224853515625 0.00846405029296875
5 0.655660400390625 0.8437956237792968 0.012933349609375 0.006988525390625
5 0.6552545166015625 0.8356687927246094 0.014962158203125 0.007484130859375
5 0.6571661376953125 0.8268313598632813 0.01263427734375 0.0073248291015625
5 0.6570843505859375 0.8190748596191406 0.0119482421875 0.0077349853515625
5 0.6565301513671875 0.8104301452636719 0.014034423828125 0.00764312744140625
5 0.6536285400390625 0.80286865234375 0.017900390625 0.007479248046875
5 0.6549365234375 0.7940286254882812 0.014013671875 0.00668792724609375
5 0.6550946044921875 0.7856686401367188 0.01292724609375 0.00716552734375
5 0.652786865234375 0.7546975708007813 0.018948974609375 0.006689453125
5 0.6518310546875 0.7455413818359375 0.016082763671875 0.00939483642578125
5 0.6557330322265625 0.7356687927246094 0.013177490234375 0.00812103271484375
5 0.6557391357421875 0.7271063232421875 0.012135009765625 0.00741180419921875
5 0.656363525390625 0.7190164184570312 0.0098828125 0.00862274169921875
5 0.65278564453125 0.7106683349609375 0.015240478515625 0.00716552734375
5 0.653582763671875 0.7027070617675781 0.01289794921875 0.00652862548828125
5 0.65453857421875 0.6940890502929687 0.011627197265625 0.00680877685546875
5 0.6515130615234375 0.6857464599609375 0.013533935546875 0.00700286865234375
5 0.65231201171875 0.6775764465332031 0.01226806640625 0.0077447509765625
5 0.6011944580078125 0.6699046325683594 0.021568603515625 0.00780242919921875
5 0.56457763671875 0.6634573364257812 0.0218017578125 0.00764678955078125
5 0.5065496826171875 0.6542158508300782 0.020660400390625 0.00796966552734375
5 0.472371826171875 0.647213134765625 0.010986328125 0.00923553466796875
5 0.4714959716796875 0.6560508728027343 0.0187890625 0.0081207275390625
5 0.50406005859375 0.6638534545898438 0.014630126953125 0.00652862548828125
5 0.47070068359375 0.6828822326660157 0.020382080078125 0.0092431640625
5 0.5036639404296875 0.6812101745605469 0.01573486328125 0.00652862548828125
5 0.565445556640625 0.6798567199707031 0.022293701171875 0.00732635498046875
5 0.5982489013671874 0.679617919921875 0.014796142578125 0.006846923828125
5 0.4716058349609375 0.6917976379394531 0.019644775390625 0.0076397705078125
5 0.5039813232421875 0.6906845092773437 0.014974365234375 0.0076434326171875
5 0.566082763671875 0.6894110107421875 0.019744873046875 0.0066961669921875
5 0.4718951416015625 0.7005572509765625 0.018948974609375 0.0073248291015625
5 0.4720001220703125 0.7093946838378906 0.019058837890625 0.00684814453125
5 0.5072198486328126 0.7089176940917968 0.0209130859375 0.00716644287109375
5 0.5656048583984375 0.6992851257324219 0.02197509765625 0.0076611328125
5 0.6016729736328125 0.6978507995605469 0.0196875 0.00636932373046875
5 0.600557861328125 0.7066084289550781 0.015445556640625 0.0076519775390625
5 0.6022808837890625 0.7155255126953125 0.019642333984375 0.00700714111328125
5 0.4724530029296875 0.7325633239746093 0.0200634765625 0.0076446533203125
5 0.50748291015625 0.7313081359863282 0.0194384765625 0.007606201171875
5 0.561944580078125 0.7308917236328125 0.02166748046875 0.00780242919921875
5 0.60188232421875 0.7300938415527344 0.01980224609375 0.00716888427734375
5 0.603343505859375 0.739251708984375 0.02197509765625 0.0070062255859375
5 0.5671185302734375 0.7397294616699219 0.01990478515625 0.00701873779296875
5 0.5094757080078125 0.7403665161132813 0.02149658203125 0.00732635498046875
5 0.467515869140625 0.7414013671875 0.021656494140625 0.006846923828125
5 0.4675958251953125 0.7507963562011719 0.022384033203125 0.00843963623046875
5 0.5097149658203125 0.749681396484375 0.020196533203125 0.00843963623046875
5 0.6032904052734375 0.7476153564453125 0.02208251953125 0.008128662109375
5 0.601966552734375 0.7564390563964843 0.0189013671875 0.0085784912109375
5 0.5620220947265625 0.7575616455078125 0.02245849609375 0.00796539306640625
5 0.50899658203125 0.7586782836914062 0.02117919921875 0.0070062255859375
5 0.474117431640625 0.759393310546875 0.015113525390625 0.00716278076171875
5 0.473472900390625 0.7687872314453125 0.017646484375 0.0074786376953125
5 0.508917236328125 0.767515869140625 0.02229248046875 0.007802734375
5 0.5637738037109375 0.7664013671875 0.019267578125 0.0078143310546875
5 0.6011151123046875 0.7752392578125 0.0168798828125 0.00891754150390625
5 0.608519287109375 0.78423583984375 0.021815185546875 0.00780975341796875
5 0.56289794921875 0.7838375854492188 0.02229248046875 0.0073248291015625
5 0.5083868408203125 0.7760374450683594 0.019852294921875 0.007001953125
5 0.474239501953125 0.7777879333496094 0.017586669921875 0.00796417236328125
5 0.47421630859375 0.7864653015136719 0.0171728515625 0.0084405517578125
5 0.4709393310546875 0.7960191345214844 0.01576416015625 0.00716552734375
5 0.509554443359375 0.794267578125 0.02229248046875 0.0090765380859375
5 0.60811279296875 0.7937069702148437 0.0229150390625 0.0073187255859375
5 0.60875732421875 0.8066877746582031 0.023248291015625 0.00812103271484375
5 0.5668511962890626 0.807720947265625 0.02255615234375 0.0076397705078125
5 0.5081768798828125 0.8083570861816406 0.02017578125 0.0073309326171875
5 0.4753106689453125 0.8093246459960938 0.01718017578125 0.00861724853515625
5 0.4734075927734375 0.8188694763183594 0.020494384765625 0.0073248291015625
5 0.508759765625 0.8175160217285157 0.01955810546875 0.00812103271484375
5 0.5635345458984375 0.8171177673339843 0.022293701171875 0.00732666015625
5 0.56703857421875 0.8254776000976562 0.0216552734375 0.00716552734375
5 0.6044586181640625 0.8249203491210938 0.021019287109375 0.00668792724609375
5 0.474840087890625 0.8360700988769532 0.015926513671875 0.00827392578125
5 0.5089959716796875 0.8351908874511719 0.01831298828125 0.006846923828125
5 0.60796142578125 0.8340765380859375 0.020064697265625 0.006212158203125
5 0.5671240234375 0.8348796081542968 0.0215087890625 0.00813507080078125
5 0.4740484619140625 0.8457432556152343 0.019434814453125 0.00820587158203125
5 0.5071588134765626 0.8448126220703125 0.01690185546875 0.008941650390625
5 0.4738055419921875 0.8536624145507813 0.019586181640625 0.00716552734375
5 0.6037420654296874 0.84283447265625 0.019267578125 0.007484130859375
5 0.6023944091796875 0.8593948364257813 0.02134765625 0.00876434326171875
5 0.603583984375 0.8686270141601562 0.021494140625 0.007476806640625
5 0.569586181640625 0.8700637817382812 0.0226123046875 0.0078179931640625
5 0.5099871826171875 0.8718080139160156 0.01965576171875 0.0078167724609375
5 0.508758544921875 0.8882167053222656 0.022039794921875 0.00716552734375
5 0.5753082275390625 0.8922799682617187 0.01112548828125 0.01561065673828125
5 0.60394775390625 0.8770693969726563 0.021588134765625 0.00652984619140625
5 0.604140625 0.8865449523925781 0.02102783203125 0.0076434326171875
5 0.4802532958984375 0.8899357604980469 0.01146240234375 0.00901153564453125
5 0.4801739501953125 0.8796174621582031 0.0106689453125 0.00812103271484375
5 0.5019903564453125 0.9054139709472656 0.007802734375 0.0116241455078125
5 0.4167718505859375 0.7685356140136719 0.010198974609375 0.00617340087890625
5 0.4175933837890625 0.7420449829101563 0.012105712890625 0.0068402099609375
5 0.41870361328125 0.7317955017089843 0.00749267578125 0.0114642333984375
5 0.4182440185546875 0.7095162963867188 0.007901611328125 0.01327545166015625
5 0.4758123779296875 0.6246876525878906 0.007874755859375 0.0126922607421875
5 0.464381103515625 0.6144029235839844 0.01251220703125 0.01344482421875
5 0.4555694580078125 0.4928138732910156 0.0107470703125 0.01487762451171875
5 0.2316314697265625 0.4068861389160156 0.04702880859375 0.0116094970703125
5 0.235926513671875 0.41777992248535156 0.046624755859375 0.01208648681640625
5 0.2605755615234375 0.4272425079345703 0.046072998046875 0.011291351318359375
3 0.264154052734375 0.43662521362304685 0.028050537109375 0.009700927734375
3 0.2647967529296875 0.44681114196777344 0.02927490234375 0.010988616943359375
3 0.2646441650390625 0.45674461364746094 0.029951171875 0.009862823486328125
3 0.2623272705078125 0.46829906463623044 0.02592529296875 0.010295181274414063
3 0.2691644287109375 0.4778150939941406 0.024119873046875 0.00811065673828125
3 0.211116943359375 0.4860847473144531 0.0236962890625 0.0106805419921875
3 0.2081134033203125 0.49642410278320315 0.018255615234375 0.007469482421875
3 0.20937744140625 0.5245277404785156 0.022403564453125 0.01042327880859375
3 0.213740234375 0.5391221618652344 0.02579833984375 0.0098602294921875
3 0.2696405029296875 0.504532470703125 0.023504638671875 0.00874664306640625
3 0.27051513671875 0.5134382629394532 0.02591064453125 0.0100189208984375
3 0.271151123046875 0.5233860778808593 0.025128173828125 0.0105126953125
3 0.2686480712890625 0.533072509765625 0.025845947265625 0.008575439453125
3 0.2701123046875 0.5523626708984375 0.022437744140625 0.00977874755859375
3 0.1862322998046875 0.6884634399414062 0.00826171875 0.018111572265625
3 0.188135986328125 0.7180343627929687 0.01017822265625 0.02544525146484375
3 0.1903570556640625 0.7693745422363282 0.00828125 0.02295562744140625
2 0.204556884765625 0.6979164123535156 0.01470703125 0.00715728759765625
2 0.204674072265625 0.7065835571289063 0.015584716796875 0.00572509765625
2 0.2074578857421875 0.7152511596679687 0.019879150390625 0.00811065673828125
2 0.20912841796875 0.8235527038574219 0.01494873046875 0.00756317138671875
3 0.206187744140625 0.906693115234375 0.0087451171875 0.02026458740234375
3 0.215966796875 0.9083969116210937 0.00890625 0.0206744384765625
2 0.204202880859375 0.9334494018554688 0.00889892578125 0.01638946533203125
2 0.2284490966796875 0.9372573852539062 0.007486572265625 0.01670684814453125
2 0.23259033203125 0.9728140258789062 0.00651123046875 0.01655609130859375
2 0.2424407958984375 0.9732987976074219 0.00682861328125 0.0140283203125
2 0.250794677734375 0.9737594604492188 0.0069970703125 0.0127227783203125
2 0.2596221923828125 0.9723284912109375 0.006202392578125 0.01457427978515625
2 0.276636962890625 0.9728846740722656 0.0081103515625 0.01574432373046875
2 0.24991943359375 0.935909423828125 0.00803955078125 0.01685760498046875
2 0.2678106689453125 0.9350347900390625 0.006678466796875 0.01383575439453125
2 0.276717529296875 0.93567138671875 0.006363525390625 0.0147906494140625
2 0.2852325439453125 0.9343307495117188 0.0062158203125 0.01651763916015625
2 0.2939727783203125 0.9345578002929688 0.0081103515625 0.0160626220703125
2 0.302318115234375 0.9344294738769531 0.006368408203125 0.0161236572265625
2 0.31013671875 0.9341020202636718 0.00663330078125 0.0150006103515625
2 0.2853045654296875 0.9743119812011719 0.00795166015625 0.0154376220703125
2 0.318702392578125 0.9734416198730469 0.00795166015625 0.0166778564453125
2 0.345181884765625 0.971453857421875 0.00906494140625 0.0202911376953125
2 0.36069091796875 0.9695771789550781 0.010487060546875 0.02057891845703125
2 0.3698309326171875 0.9687498474121093 0.00779296875 0.0199237060546875
2 0.3786572265625 0.9347171020507813 0.0066796875 0.0143902587890625
2 0.361083984375 0.9347962951660156 0.008428955078125 0.015267333984375
2 0.344783935546875 0.9332855224609375 0.007315673828125 0.0138360595703125
2 0.336513671875 0.9328085327148438 0.0069970703125 0.01288177490234375
2 0.32705078125 0.9331678771972656 0.00779541015625 0.01487335205078125
2 0.3187457275390625 0.9338481140136718 0.009139404296875 0.01623291015625
2 0.1440625 0.9296875 0.0078857421875 0.0163751220703125
2 0.135562744140625 0.966485595703125 0.00687744140625 0.01747039794921875
2 0.1273211669921875 0.968211669921875 0.008358154296875 0.0174237060546875
2 0.11911026000976563 0.9681793212890625 0.00927947998046875 0.01789642333984375
2 0.11093994140625 0.9695657348632812 0.00787109375 0.01611968994140625
2 0.102562255859375 0.9691250610351563 0.007874755859375 0.017249755859375
2 0.09387542724609375 0.9688749694824219 0.0075079345703125 0.01649993896484375
2 0.08549774169921875 0.9683145141601562 0.0077545166015625 0.01562103271484375
2 0.076875 0.9686872863769531 0.008499755859375 0.0173748779296875
2 0.06774993896484376 0.9689999389648437 0.0092633056640625 0.018499755859375
2 0.059124755859375 0.9698126220703125 0.0077593994140625 0.0173748779296875
2 0.03425048828125 0.9705625915527344 0.00700439453125 0.01612518310546875
2 0.02569976806640625 0.9709390258789062 0.0066497802734375 0.01412261962890625
2 0.0177734375 0.9706869506835938 0.0089544677734375 0.014381103515625
2 0.00869171142578125 0.9714761352539063 0.0083819580078125 0.017547607421875
2 0.0936248779296875 0.9214997863769532 0.00675048828125 0.0195001220703125
2 0.08524627685546875 0.921483154296875 0.0092413330078125 0.0204656982421875
3 0.07649993896484375 0.9247499084472657 0.0077618408203125 0.0245001220703125
2 0.110499267578125 0.9010623168945312 0.0085003662109375 0.016873779296875
2 0.1023724365234375 0.9013066101074219 0.008504638671875 0.01638641357421875
2 0.0930621337890625 0.9013124084472657 0.0088751220703125 0.01676422119140625
2 0.08456329345703124 0.9010002136230468 0.00887451171875 0.01713592529296875
2 0.0765618896484375 0.9016876220703125 0.0086248779296875 0.01885284423828125
2 0.0672503662109375 0.9026484680175781 0.007501220703125 0.01745269775390625
2 0.05865936279296875 0.90356689453125 0.0069305419921875 0.015635986328125
2 0.06822113037109374 0.9226881408691406 0.0081927490234375 0.02012603759765625
2 0.05965667724609375 0.92281494140625 0.0088134765625 0.02137969970703125
2 0.04943695068359375 0.9213749694824219 0.0088751220703125 0.02011688232421875
2 0.03531280517578125 0.9236248779296875 0.0081390380859375 0.01774993896484375
2 0.02630279541015625 0.9226971435546875 0.0096453857421875 0.0191058349609375
2 0.02612518310546875 0.9033375549316406 0.0075 0.01842498779296875
2 0.01706329345703125 0.9030000305175782 0.0091253662109375 0.01887451171875
2 0.01649993896484375 0.9221873474121094 0.008499755859375 0.018739013671875
2 0.00781036376953125 0.9035275268554688 0.00762939453125 0.01730438232421875
2 0.00856231689453125 0.9257501220703125 0.0089208984375 0.0167498779296875
2 0.1341693115234375 0.8505787658691406 0.009161376953125 0.0195233154296875
2 0.1254852294921875 0.8511772155761719 0.00876220703125 0.01895660400390625
2 0.11756072998046875 0.8524751281738281 0.0098712158203125 0.02192626953125
2 0.1092462158203125 0.8531704711914062 0.0075115966796875 0.0165478515625
2 0.1010150146484375 0.85469970703125 0.0084814453125 0.0182147216796875
2 0.13709716796875 0.8243881225585937 0.00806396484375 0.01738037109375
2 0.1275030517578125 0.8248750305175782 0.008897705078125 0.01790191650390625
2 0.119295654296875 0.824801025390625 0.009185791015625 0.0185015869140625
2 0.11026123046875 0.8259176635742187 0.00806396484375 0.01738037109375
2 0.10219635009765625 0.8261958312988281 0.00807373046875 0.01710235595703125
2 0.09358428955078125 0.8245698547363282 0.0083282470703125 0.01729583740234375
2 0.09163818359375 0.85405517578125 0.0091595458984375 0.01894775390625
2 0.08368988037109375 0.8541004943847657 0.00737060546875 0.01829925537109375
2 0.07581298828125 0.8546249389648437 0.009375 0.01937255859375
2 0.06612548828125 0.8531999206542968 0.0090008544921875 0.01910003662109375
2 0.056937255859375 0.8538124084472656 0.0086334228515625 0.01787506103515625
2 0.04225494384765625 0.8548954772949219 0.008509521484375 0.01854095458984375
2 0.0333758544921875 0.8551248168945312 0.0095001220703125 0.01680145263671875
2 0.06250091552734376 0.8250907897949219 0.00949951171875 0.02093109130859375
2 0.0539410400390625 0.8254875183105469 0.0086175537109375 0.02077484130859375
2 0.0457501220703125 0.8251872253417969 0.0075 0.01762481689453125
2 0.015062255859375 0.8224372863769531 0.008375244140625 0.018375244140625
2 0.00712493896484375 0.8230624389648438 0.0082501220703125 0.018125
2 0.023997802734375 0.854716796875 0.00825439453125 0.0174334716796875
2 0.0160003662109375 0.8549375915527344 0.006500244140625 0.01548065185546875
2 0.008182373046875 0.8556271362304687 0.0088641357421875 0.01724609375
2 0.1359375 0.78 0.007125244140625 0.0170001220703125
2 0.1279388427734375 0.7799736022949219 0.006378173828125 0.01480377197265625
2 0.1198876953125 0.779873046875 0.00772705078125 0.0137542724609375
2 0.11075897216796875 0.782686767578125 0.0089813232421875 0.01712615966796875
2 0.101937255859375 0.7821249389648437 0.009124755859375 0.0175
2 0.09287567138671875 0.7820626831054688 0.0077783203125 0.01912506103515625
2 0.08006683349609375 0.7818374633789062 0.0081329345703125 0.01592529296875
2 0.07162506103515626 0.7811872863769531 0.0079998779296875 0.0161248779296875
2 0.0625 0.7823124694824218 0.007750244140625 0.0176251220703125
2 0.05437225341796875 0.7824885559082031 0.0077557373046875 0.01847747802734375
2 0.04537689208984375 0.7822476196289062 0.0082464599609375 0.01674530029296875
2 0.03718780517578125 0.7828372192382812 0.0068743896484375 0.01717437744140625
2 0.0240069580078125 0.7829409790039062 0.00751220703125 0.0153680419921875
2 0.0154376220703125 0.7852497863769531 0.008375244140625 0.01833160400390625
3 0.11530914306640624 0.7102485656738281 0.0233123779296875 0.01103240966796875
2 0.1062158203125 0.6305915832519531 0.0165423583984375 0.00831146240234375
3 0.1135125732421875 0.58282958984375 0.0335546875 0.0089178466796875
3 0.120186767578125 0.5454971313476562 0.03299560546875 0.0098272705078125
3 0.1258245849609375 0.5331730651855469 0.031573486328125 0.0100274658203125
5 0.03966705322265625 0.39409317016601564 0.011689453125 0.009830474853515625
5 0.054239501953125 0.3937811279296875 0.0124688720703125 0.0085723876953125
5 0.06827056884765625 0.39364013671875 0.010904541015625 0.009225311279296875
5 0.083309326171875 0.39367477416992186 0.012005615234375 0.008785552978515625
5 0.1006060791015625 0.39389595031738284 0.0113726806640625 0.007866058349609375
5 0.11463531494140625 0.39370323181152345 0.0110662841796875 0.008728179931640625
5 0.1305328369140625 0.39292404174804685 0.011689453125 0.009045257568359374
5 0.10762176513671876 0.35201080322265627 0.01262451171875 0.0110943603515625
5 0.1232861328125 0.35115341186523436 0.014027099609375 0.010658416748046875
5 0.1108160400390625 0.3378273010253906 0.011612548828125 0.0095074462890625
5 0.12561775207519532 0.3382887268066406 0.01161346435546875 0.0095074462890625
5 0.13707275390625 0.349510498046875 0.01262451171875 0.0110943603515625
5 0.1495355224609375 0.358856201171875 0.01262451171875 0.01109466552734375
5 0.150618896484375 0.3487189483642578 0.01262451171875 0.0110943603515625
5 0.1401959228515625 0.3380610656738281 0.01185302734375 0.00966339111328125
5 0.154771728515625 0.33765937805175783 0.010284423828125 0.008908843994140625
5 0.152275390625 0.2644171142578125 0.01091064453125 0.01137786865234375
5 0.11535545349121094 0.2964893341064453 0.00951629638671875 0.014533233642578126
5 0.10307403564453126 0.2972608184814453 0.008619384765625 0.012474212646484375
5 0.10191650390625 0.2830503845214844 0.0086163330078125 0.01302642822265625
5 0.1015936279296875 0.2681969451904297 0.0087451171875 0.012447662353515625
5 0.101466064453125 0.25450103759765624 0.0084991455078125 0.01260284423828125
5 0.05951507568359375 0.29596183776855467 0.0093133544921875 0.01327178955078125
5 0.04796905517578125 0.29747703552246096 0.009373779296875 0.013214569091796875
5 0.0375665283203125 0.29804771423339843 0.0095166015625 0.01396392822265625
5 0.0585577392578125 0.2815811920166016 0.008914794921875 0.012890167236328125
5 0.05867279052734375 0.26681320190429686 0.0095166015625 0.01396392822265625
5 0.0557586669921875 0.2534904479980469 0.01013916015625 0.01316864013671875
5 0.037061767578125 0.2384253692626953 0.0080303955078125 0.011060943603515625
5 0.03616912841796875 0.25360137939453126 0.007908935546875 0.011839141845703125
5 0.04811004638671875 0.26872016906738283 0.0100030517578125 0.01249237060546875
5 0.0483538818359375 0.2831790161132812 0.0097735595703125 0.012088470458984375
5 0.03639251708984375 0.26911468505859376 0.0092633056640625 0.0143096923828125
5 0.050845947265625 0.20472862243652343 0.0083349609375 0.01252166748046875
5 0.05078399658203125 0.19056434631347657 0.0083343505859375 0.0125213623046875
5 0.0503729248046875 0.1751812744140625 0.0083343505859375 0.0125213623046875
5 0.05048492431640625 0.16066879272460938 0.0083343505859375 0.0125213623046875
5 0.05912628173828125 0.1590392303466797 0.0083343505859375 0.0125213623046875
5 0.05958587646484375 0.17394866943359374 0.0083343505859375 0.0125213623046875
5 0.06109039306640625 0.18938056945800782 0.0083343505859375 0.0125213623046875
5 0.06102783203125 0.20411582946777343 0.0083343505859375 0.0125213623046875
5 0.074195556640625 0.20823158264160158 0.0083349609375 0.012521514892578125
5 0.07430755615234375 0.1928485107421875 0.0083349609375 0.012521514892578125
5 0.071458740234375 0.177813720703125 0.0083349609375 0.01252166748046875
5 0.06930694580078126 0.16243064880371094 0.0083349609375 0.012521514892578125
5 0.05840972900390625 0.13040328979492188 0.0085382080078125 0.014984588623046875
5 0.05805511474609375 0.1143865203857422 0.0088897705078125 0.01359161376953125
5 0.05666839599609375 0.099669189453125 0.008546142578125 0.014101715087890624
5 0.11380058288574219 0.12726608276367188 0.01311676025390625 0.01178680419921875
5 0.00661590576171875 0.10489212036132813 0.0131048583984375 0.01061981201171875
3 0.03679229736328125 0.049350738525390625 0.017293701171875 0.01130645751953125
3 0.069638671875 0.036995010375976564 0.021588134765625 0.01491943359375
5 0.122757568359375 0.04386154174804688 0.015428466796875 0.012299652099609376
5 0.1358270263671875 0.03857986450195312 0.015296630859375 0.0127557373046875
5 0.15110595703125 0.03348747253417969 0.01431640625 0.01273834228515625
5 0.16546630859375 0.030402450561523436 0.013892822265625 0.0125
5 0.2941583251953125 0.29505813598632813 0.00692138671875 0.012181549072265626
5 0.2937347412109375 0.2825914001464844 0.00692138671875 0.01218170166015625
5 0.3306866455078125 0.29254989624023436 0.00692138671875 0.01218170166015625
5 0.29413330078125 0.2684552001953125 0.00692138671875 0.01218170166015625
5 0.2938482666015625 0.25446563720703125 0.00692138671875 0.01218170166015625
5 0.29517578125 0.24092254638671876 0.007022705078125 0.011967010498046875
5 0.29756103515625 0.22695343017578126 0.008424072265625 0.01246124267578125
5 0.4009039306640625 0.28358695983886717 0.00649658203125 0.008944854736328126
5 0.4057476806640625 0.3712374877929687 0.012015380859375 0.00974365234375
5 0.4056121826171875 0.3806591033935547 0.01218505859375 0.008871917724609374
5 0.1972119140625 0.12569358825683594 0.008463134765625 0.012000579833984375
5 0.23182373046875 0.13304527282714843 0.008050537109375 0.0115185546875
5 0.1963787841796875 0.11466415405273438 0.008463134765625 0.01038177490234375
5 0.19610107421875 0.10370414733886718 0.007630615234375 0.011098785400390625
5 0.194783935546875 0.09087127685546875 0.00693603515625 0.01123748779296875
5 0.195550537109375 0.07894355773925782 0.0073583984375 0.010953216552734376
5 0.2040069580078125 0.07999740600585938 0.00929931640625 0.01051055908203125
5 0.232930908203125 0.12083389282226563 0.00804931640625 0.011517791748046876
5 0.23292724609375 0.10973213195800781 0.008050537109375 0.0115185546875
5 0.233062744140625 0.09835319519042969 0.008050537109375 0.0115185546875
5 0.2330615234375 0.0872515869140625 0.00804931640625 0.011517791748046876
5 0.5723431396484375 0.008148574829101562 0.0085986328125 0.012769622802734375
5 0.5802691650390625 0.008646697998046874 0.0085986328125 0.012769317626953125
5 0.5900225830078125 0.008623046875 0.0085986328125 0.012769622802734375
5 0.600035400390625 0.009121017456054687 0.0085986328125 0.012769622802734375
5 0.610048828125 0.00883697509765625 0.0085986328125 0.0127691650390625
5 0.6201922607421875 0.008683013916015624 0.008599853515625 0.012770538330078124
5 0.5876873779296875 0.06124977111816406 0.0129248046875 0.015500946044921875
5 0.58456298828125 0.07587509155273438 0.011295166015625 0.013250885009765625
5 0.5831866455078125 0.09124992370605468 0.011695556640625 0.014250030517578125
5 0.5809991455078125 0.10743743896484376 0.0100146484375 0.014625091552734375
5 0.575687255859375 0.06868743896484375 0.012667236328125 0.015125579833984375
5 0.561568603515625 0.06696807861328125 0.010361328125 0.013563690185546875
5 0.5610675048828125 0.08159278869628907 0.010362548828125 0.013564300537109376
5 0.550318603515625 0.08109298706054688 0.010361328125 0.0135638427734375
5 0.5388177490234375 0.07996772766113282 0.010362548828125 0.013564300537109376
5 0.5290625 0.09493751525878906 0.00987548828125 0.0130682373046875
5 0.5391876220703125 0.0953125 0.009874267578125 0.0130682373046875
5 0.5488128662109375 0.09631263732910156 0.009874267578125 0.0130682373046875
5 0.5603131103515625 0.09656257629394531 0.00987548828125 0.0130682373046875
5 0.5295623779296875 0.10931236267089844 0.00987548828125 0.013067474365234375
5 0.53918701171875 0.11006263732910156 0.009874267578125 0.0130682373046875
5 0.548687744140625 0.11056259155273437 0.009874267578125 0.0130682373046875
5 0.5589373779296875 0.11106231689453125 0.00987548828125 0.013067474365234375
5 0.572125244140625 0.0834375 0.012447509765625 0.01412506103515625
5 0.571187744140625 0.09887519836425782 0.012421875 0.01500030517578125
5 0.5696875 0.11225654602050782 0.01012451171875 0.01123687744140625
5 0.5296209716796875 0.21417564392089844 0.012362060546875 0.008369598388671875
5 0.529068603515625 0.22513771057128906 0.011015625 0.007343902587890625
5 0.528343505859375 0.2369396209716797 0.011856689453125 0.00986297607421875
5 0.529505615234375 0.24660499572753905 0.014427490234375 0.0100030517578125
5 0.552330322265625 0.21377143859863282 0.010113525390625 0.008044586181640626
5 0.5517388916015625 0.2248358917236328 0.011983642578125 0.009477996826171875
5 0.5500653076171875 0.23618080139160155 0.0141455078125 0.00943145751953125
5 0.54490478515625 0.24739913940429686 0.013260498046875 0.010863037109375
5 0.573515625 0.2127448272705078 0.01177978515625 0.0079559326171875
5 0.57252197265625 0.22299560546875 0.011959228515625 0.008261871337890626
5 0.5349285888671875 0.25750579833984377 0.01062255859375 0.008738555908203126
2 0.6350341796875 0.242354736328125 0.006707763671875 0.01452606201171875
5 0.5000006103515625 0.31250007629394533 0.008895263671875 0.012027435302734375
5 0.49993408203125 0.32875709533691405 0.008895263671875 0.012027435302734375
5 0.500076904296875 0.34315162658691406 0.008173828125 0.010617218017578124
5 0.50040771484375 0.3575347137451172 0.008814697265625 0.011769256591796874
5 0.5100775146484375 0.358184814453125 0.0088134765625 0.011768798828125
5 0.509320068359375 0.34336769104003906 0.008172607421875 0.011197509765625
5 0.5087396240234375 0.3288286590576172 0.008590087890625 0.0126116943359375
5 0.5093951416015625 0.31330467224121095 0.008895263671875 0.012027435302734375
5 0.5170623779296875 0.3138116455078125 0.008896484375 0.012027740478515625
5 0.5258734130859375 0.3133161163330078 0.008895263671875 0.012027435302734375
5 0.51861083984375 0.3293458557128906 0.009168701171875 0.012986602783203125
5 0.5279949951171875 0.32899368286132813 0.009168701171875 0.012986602783203125
5 0.517257080078125 0.34345489501953125 0.009169921875 0.01298797607421875
5 0.52721435546875 0.34367568969726564 0.009168701171875 0.01298675537109375
5 0.51802978515625 0.3575462341308594 0.008814697265625 0.011769256591796874
5 0.5274139404296875 0.35790985107421874 0.008814697265625 0.011769256591796874
5 0.8618060302734375 0.41609199523925783 0.01110107421875 0.01875396728515625
2 0.9179052734375 0.36488189697265627 0.00898681640625 0.017754058837890625
2 0.9284881591796875 0.3650169372558594 0.00764404296875 0.01640411376953125
2 0.9558575439453125 0.36479423522949217 0.00712890625 0.011342315673828126
2 0.97396728515625 0.36639251708984377 0.007147216796875 0.0132220458984375
2 0.9657366943359375 0.3659061431884766 0.007147216796875 0.0132220458984375
2 0.9820001220703125 0.3662158203125 0.007147216796875 0.0132220458984375
2 0.989722900390625 0.3660392761230469 0.007147216796875 0.0132220458984375
3 0.9032330322265625 0.2025775146484375 0.03553955078125 0.00934326171875
3 0.90654296875 0.18079315185546874 0.03553955078125 0.00934326171875
5 0.771790771484375 0.24947822570800782 0.012689208984375 0.00965545654296875
5 0.78533935546875 0.25050117492675783 0.012689208984375 0.00965545654296875
5 0.7996710205078125 0.2515240478515625 0.01268798828125 0.009655609130859374
5 0.814913330078125 0.2519572448730469 0.012135009765625 0.008618316650390624
5 0.8309637451171875 0.2503913116455078 0.010689697265625 0.007567901611328125
5 0.84375 0.24562858581542968 0.0134521484375 0.012135009765625
5 0.7710858154296875 0.23443603515625 0.00843017578125 0.011378173828125
5 0.77108642578125 0.22243598937988282 0.00843017578125 0.011378173828125
5 0.7852117919921875 0.23656089782714843 0.00843017578125 0.011378173828125
5 0.7853369140625 0.2234357452392578 0.00843017578125 0.011378173828125
5 0.79921142578125 0.23631111145019532 0.00843017578125 0.011378173828125
5 0.79946044921875 0.22443588256835936 0.008428955078125 0.011378173828125
5 0.8277105712890624 0.2341858673095703 0.00843017578125 0.011378326416015626
5 0.8125860595703125 0.23581100463867188 0.008428955078125 0.011378173828125
5 0.81446044921875 0.2243109130859375 0.008428955078125 0.011378173828125
5 0.8187506103515625 0.21306259155273438 0.01246826171875 0.008874969482421875
5 0.8022515869140625 0.2130628204345703 0.01246826171875 0.008874969482421875
5 0.8176251220703125 0.2035626983642578 0.01246826171875 0.008874969482421875
5 0.802125244140625 0.20343772888183595 0.01246826171875 0.008874969482421875
5 0.80212646484375 0.19418777465820314 0.01246826171875 0.0088751220703125
5 0.78487548828125 0.17706268310546874 0.01246826171875 0.0088751220703125
5 0.78768798828125 0.21231254577636718 0.0100048828125 0.008375091552734375
5 0.77331298828125 0.21243751525878907 0.0100048828125 0.008375091552734375
5 0.77168701171875 0.20318756103515626 0.0100048828125 0.008375091552734375
5 0.7714385986328125 0.19431251525878906 0.0100048828125 0.008375091552734375
5 0.7865631103515625 0.1946875762939453 0.0100048828125 0.00837493896484375
5 0.786175537109375 0.2040643310546875 0.0101513671875 0.0076287841796875
5 0.815 0.1876874542236328 0.010960693359375 0.00787506103515625
5 0.814312744140625 0.17886650085449218 0.010625 0.00701690673828125
5 0.8011932373046875 0.185875244140625 0.010614013671875 0.007000274658203125
5 0.798939208984375 0.17799209594726562 0.010626220703125 0.0070159912109375
5 0.7859442138671875 0.18612518310546874 0.010614013671875 0.00700042724609375
5 0.7709429931640625 0.18612533569335937 0.010614013671875 0.00700042724609375
5 0.77043701171875 0.17886642456054688 0.010625 0.00701690673828125
5 0.7699981689453125 0.14378395080566406 0.011002197265625 0.009701995849609376
5 0.7851226806640625 0.14453392028808593 0.011002197265625 0.009701995849609376
5 0.7996240234375 0.14515853881835938 0.011002197265625 0.0097027587890625
5 0.81499755859375 0.14378379821777343 0.011002197265625 0.009701995849609376
5 0.8154986572265625 0.13428398132324218 0.011002197265625 0.009701995849609376
5 0.8006231689453125 0.1346587371826172 0.011002197265625 0.009701995849609376
5 0.7858740234375 0.13453346252441406 0.011002197265625 0.0097027587890625
5 0.77099853515625 0.13403358459472656 0.011002197265625 0.0097027587890625
5 0.77018798828125 0.12496620178222656 0.010372314453125 0.006817474365234375
5 0.7843157958984375 0.12457191467285156 0.010164794921875 0.00685638427734375
5 0.799312744140625 0.1246875 0.009375 0.00587493896484375
5 0.7703350830078125 0.1170050048828125 0.0106689453125 0.0074896240234375
5 0.7853741455078125 0.11731239318847657 0.01074951171875 0.00662506103515625
5 0.7996246337890625 0.10931236267089844 0.01074951171875 0.00662506103515625
5 0.7852496337890625 0.10906242370605469 0.01074951171875 0.00662506103515625
5 0.7705841064453125 0.10850517272949219 0.010667724609375 0.007489776611328125
5 0.7839581298828125 0.100255126953125 0.0106689453125 0.0074896240234375
5 0.800709228515625 0.09988014221191406 0.0106689453125 0.007489776611328125
5 0.8008343505859375 0.09038009643554687 0.0106689453125 0.0074896240234375
5 0.800438232421875 0.080926513671875 0.010125732421875 0.007353057861328125
5 0.7854376220703125 0.08167648315429688 0.010125732421875 0.007353057861328125
5 0.7856878662109374 0.09142646789550782 0.010125732421875 0.007353057861328125
5 0.7720635986328125 0.08142616271972657 0.010125732421875 0.007352142333984375
5 0.7699371337890625 0.09917671203613282 0.010125732421875 0.007353057861328125
5 0.77034912109375 0.09086708068847656 0.01230224609375 0.008734130859375
1 0.8966546630859376 0.08621894836425781 0.0413818359375 0.0064544677734375
1 0.8863128662109375 0.03962074279785156 0.03714599609375 0.006393890380859375
2 0.875096435546875 0.029123611450195312 0.018555908203125 0.00850311279296875
3 0.1549761962890625 0.009502353668212891 0.04705810546875 0.021159896850585936
