2 0.510999755859375 0.4207498168945312 0.0258612060546875 0.0132501220703125
2 0.273062744140625 0.42787506103515627 0.02175048828125 0.0110003662109375
2 0.06193756103515625 0.7091876220703125 0.028270263671875 0.02387451171875
2 0.036687469482421874 0.6709375 0.02827056884765625 0.0238751220703125
2 0.028812713623046875 0.6591876220703125 0.028270263671875 0.02387451171875
2 0.0231878662109375 0.64487548828125 0.0252935791015625 0.022750244140625
2 0.011927642822265626 0.6310006713867188 0.024334716796875 0.022750244140625
2 0.026578369140625 0.773736572265625 0.02309326171875 0.021776123046875
2 0.06519546508789062 0.816053466796875 0.02510986328125 0.026893310546875
2 0.07681228637695313 0.8254998779296875 0.022484130859375 0.0245001220703125
2 0.08931228637695313 0.8333123779296875 0.02442291259765625 0.026875
2 0.12335174560546874 0.8632125854492188 0.023953857421875 0.0241748046875
2 0.2359375 0.981812744140625 0.024892578125 0.0251251220703125
2 0.23106231689453124 0.968187255859375 0.024892578125 0.0251251220703125
2 0.3382502746582031 0.9848751831054687 0.02408721923828125 0.02425048828125
2 0.327874755859375 0.9732498168945313 0.0240869140625 0.0242498779296875
2 0.31781280517578125 0.9624374389648438 0.02733489990234375 0.0233746337890625
2 0.2261248779296875 0.8331878662109375 0.0229705810546875 0.023125
2 0.23856201171875 0.7248129272460937 0.02472900390625 0.0261260986328125
2 0.26275039672851563 0.705 0.02641571044921875 0.027750244140625
2 0.3236878967285156 0.7421881103515625 0.02721435546875 0.027874755859375
2 0.335062255859375 0.7336880493164063 0.0256158447265625 0.027125244140625
2 0.2841877746582031 0.6820004272460938 0.02139190673828125 0.02375
2 0.2976875305175781 0.6734375 0.0223687744140625 0.026875
2 0.309688720703125 0.6667977905273438 0.02112213134765625 0.025595703125
2 0.4568316650390625 0.744578857421875 0.0154132080078125 0.0276568603515625
2 0.44300003051757814 0.7431875610351563 0.01417388916015625 0.0261248779296875
2 0.42850006103515625 0.7391873168945312 0.0141741943359375 0.0261248779296875
2 0.41524978637695314 0.7363125610351563 0.0141741943359375 0.0261248779296875
2 0.3983750915527344 0.7345620727539063 0.0141741943359375 0.0261248779296875
2 0.43325027465820315 0.6676873779296875 0.01417388916015625 0.02612548828125
2 0.4190000915527344 0.6651873779296875 0.0141741943359375 0.0261248779296875
2 0.4051246643066406 0.660687255859375 0.01417388916015625 0.0261248779296875
2 0.38856292724609376 0.6604379272460937 0.015242919921875 0.028125
2 0.85731201171875 0.7532498168945313 0.014488525390625 0.02550048828125
2 0.6582080078125 0.7118804931640625 0.01458465576171875 0.0269891357421875
