2 0.1438751220703125 0.7418746948242188 0.016766357421875 0.0332501220703125
2 0.514124755859375 0.007381439208984375 0.0345001220703125 0.01602569580078125
2 0.5138125610351563 0.027812652587890625 0.0271246337890625 0.01617156982421875
2 0.5824368286132813 0.0291949462890625 0.0158758544921875 0.0356097412109375
7 0.4071063232421875 0.05073822021484375 0.036448974609375 0.057274169921875
3 0.6010626220703125 0.12500030517578126 0.0426251220703125 0.0271746826171875
2 0.5438079833984375 0.12077285766601563 0.01638427734375 0.03170440673828125
2 0.6095001220703125 0.14768768310546876 0.0370001220703125 0.020146484375
2 0.6076858520507813 0.18082000732421874 0.03212890625 0.0176239013671875
2 0.5114373779296875 0.144625244140625 0.0263751220703125 0.0152752685546875
2 0.5130624389648437 0.158062744140625 0.0351251220703125 0.0159002685546875
3 0.5133477783203125 0.17357940673828126 0.0394464111328125 0.0225909423828125
2 0.5154696655273437 0.19105560302734376 0.03006103515625 0.0164166259765625
2 0.5064376831054688 0.2036871337890625 0.0248748779296875 0.01447509765625
2 0.5095379638671875 0.21855316162109376 0.0296734619140625 0.0206451416015625
2 0.5438156127929688 0.251053466796875 0.018631591796875 0.029393310546875
7 0.40024993896484373 0.292125244140625 0.0254998779296875 0.024000244140625
2 0.510625 0.35968719482421874 0.03679443359375 0.019375
2 0.5163748168945312 0.5453753662109375 0.0314996337890625 0.02098876953125
2 0.5040496826171875 0.58074951171875 0.0326513671875 0.019510498046875
2 0.50418701171875 0.5984640502929688 0.029127197265625 0.0163421630859375
2 0.6026254272460938 0.6835635375976562 0.025 0.016138916015625
2 0.5664517211914063 0.8327230834960937 0.0158465576171875 0.0278668212890625
2 0.5034515380859375 0.9116851806640625 0.028348388671875 0.0216302490234375
2 0.503348388671875 0.9292349243164062 0.0388385009765625 0.0227801513671875
7 0.81668212890625 0.9444970703125 0.0625433349609375 0.054044189453125
2 0.8223919677734375 0.820411376953125 0.0302154541015625 0.0294268798828125
2 0.8748123168945312 0.6959881591796875 0.026124267578125 0.0332745361328125
2 0.8771881103515625 0.6505517578125 0.0283746337890625 0.020146484375
2 0.889278564453125 0.5395748901367188 0.0276922607421875 0.0178485107421875
2 0.8897500610351563 0.509749755859375 0.032750244140625 0.0215484619140625
2 0.7805068969726563 0.355308837890625 0.0167626953125 0.03538330078125
2 0.7595623779296875 0.35318756103515625 0.0163873291015625 0.036875
2 0.9011013793945313 0.10124053955078124 0.0297991943359375 0.02151885986328125
2 0.8994198608398437 0.028797760009765624 0.030660400390625 0.01840484619140625
