2 0.01149993896484375 0.803499984741211 0.0132501220703125 0.01875
2 0.06643768310546876 0.776875 0.03487518310546875 0.015762786865234375
2 0.024437408447265625 0.7396250152587891 0.03340911865234375 0.01774993896484375
2 0.011250152587890624 0.024812498092651368 0.01350006103515625 0.027487893104553223
2 0.2507501220703125 0.029687500298023223 0.014000244140625 0.024023483991622924
2 0.2659375 0.029625000953674315 0.0136248779296875 0.021999998092651366
7 0.12468780517578125 0.2076249885559082 0.0411248779296875 0.03880847930908203
2 0.251766357421875 0.3218926668167114 0.0243023681640625 0.03278549194335938
2 0.235859375 0.3574102020263672 0.028968505859375 0.03057037353515625
2 0.2242498779296875 0.48537502288818357 0.032052001953125 0.01875
2 0.2508782958984375 0.5151109313964843 0.0147552490234375 0.0329718017578125
2 0.2288623046875 0.541069221496582 0.0275262451171875 0.016111679077148437
2 0.33125 0.4358750152587891 0.027249755859375 0.01524993896484375
2 0.2894375610351563 0.5673125839233398 0.0128753662109375 0.026237411499023436
2 0.28793792724609374 0.6709375 0.0141253662109375 0.02972747802734375
2 0.110875244140625 0.7161251068115234 0.0132501220703125 0.02858428955078125
2 0.19906280517578126 0.7408086395263672 0.032396240234375 0.020117340087890626
2 0.19824981689453125 0.801431884765625 0.0120013427734375 0.021145172119140625
2 0.18131195068359374 0.8015624237060547 0.0133746337890625 0.02115203857421875
2 0.14531280517578124 0.8003751373291016 0.0136248779296875 0.021473236083984375
2 0.3191253662109375 0.8038124847412109 0.0132550048828125 0.022375030517578123
2 0.3320623779296875 0.7994999694824219 0.0136248779296875 0.0278717041015625
7 0.46072662353515625 0.8846297454833985 0.063453369140625 0.06923995971679688
2 0.6810629272460937 0.9018751525878906 0.036417236328125 0.019250030517578124
2 0.6469717407226563 0.8424256896972656 0.0180572509765625 0.039149017333984376
2 0.6101251220703126 0.8488125610351562 0.014749755859375 0.02587493896484375
2 0.582921142578125 0.8730621337890625 0.026407470703125 0.017129364013671874
2 0.6916876220703125 0.7645624542236328 0.02817626953125 0.0163751220703125
2 0.7239373779296875 0.7361875915527344 0.0148748779296875 0.030113372802734375
2 0.52425048828125 0.7316875457763672 0.015999755859375 0.034373321533203126
2 0.385875244140625 0.7128125 0.0157501220703125 0.03124053955078125
2 0.6114999389648438 0.5149999237060547 0.035 0.023767242431640623
2 0.6718893432617188 0.5425497436523438 0.0222772216796875 0.040150604248046874
2 0.6764373779296875 0.5111874389648438 0.0201251220703125 0.029533538818359375
2 0.7135598754882813 0.48131237030029295 0.028880615234375 0.018385162353515627
2 0.7195001220703126 0.4620624923706055 0.028499755859375 0.02037498474121094
2 0.6928726196289062 0.4366782760620117 0.02425537109375 0.030143661499023436
2 0.6186697387695312 0.4085030364990234 0.02083984375 0.03181427001953125
2 0.5846456909179687 0.35803306579589844 0.0399591064453125 0.033433837890625
2 0.6454995727539062 0.3158752059936523 0.02857177734375 0.040000076293945315
2 0.6220004272460937 0.32343765258789064 0.0269671630859375 0.03262496948242188
7 0.486805419921875 0.37896507263183593 0.04525634765625 0.06046592712402344
7 0.8211062622070312 0.1629026412963867 0.046961669921875 0.037805404663085934
2 0.7473126220703125 0.03756250619888306 0.01262451171875 0.023537087440490722
2 0.5779373168945312 0.030312531590461732 0.015875244140625 0.024257576465606688
2 0.5636920166015625 0.033232901096344 0.0141339111328125 0.02321577548980713
2 0.43418731689453127 0.032812501788139346 0.014375 0.02714160680770874
2 0.4184329223632812 0.041235742568969724 0.0161334228515625 0.03506536483764648
2 0.39502685546875 0.03531299114227295 0.014053955078125 0.02362423896789551
2 0.993125 0.3455000305175781 0.0207501220703125 0.0130023193359375
7 0.8679864501953125 0.9555934143066406 0.0482769775390625 0.05906341552734375
