7 0.1724951171875 0.01634021759033203 0.069490966796875 0.04337478637695313
7 0.323751220703125 0.05012603759765625 0.0415771484375 0.0417498779296875
2 0.2522509765625 0.11656219482421876 0.031575927734375 0.0291253662109375
2 0.244356689453125 0.12793785095214844 0.03503662109375 0.03287551879882813
2 0.2348712158203125 0.1390359115600586 0.036007080078125 0.03507156372070312
2 0.08443695068359375 0.906187744140625 0.0229766845703125 0.0328753662109375
2 0.16009124755859375 0.983685302734375 0.0378167724609375 0.018870849609375
2 0.19745361328125 0.8586846923828125 0.03059326171875 0.022880859375
2 0.2341864013671875 0.7707492065429687 0.037315673828125 0.03175048828125
2 0.2575 0.754375 0.031514892578125 0.0232501220703125
2 0.106265869140625 0.5682321166992188 0.0312823486328125 0.0325457763671875
2 0.081053466796875 0.5520266723632813 0.0323931884765625 0.0343988037109375
2 0.07065643310546875 0.5381497192382813 0.022310791015625 0.023951416015625
7 0.1894378662109375 0.50137451171875 0.057125244140625 0.0577197265625
7 0.12370391845703126 0.4274227905273438 0.056092529296875 0.055345458984375
7 0.06399658203125 0.39157012939453123 0.0459918212890625 0.04535888671875
2 0.3349993896484375 0.585250244140625 0.0298291015625 0.0322503662109375
2 0.4464520263671875 0.9911077880859375 0.0180126953125 0.0360345458984375
2 0.5850628662109375 0.5504373168945312 0.030880126953125 0.0276251220703125
7 0.885213623046875 0.5049722290039063 0.05942626953125 0.0720562744140625
2 0.937547607421875 0.373701171875 0.03341552734375 0.0391510009765625
2 0.9067498779296875 0.3542498779296875 0.02425048828125 0.0280999755859375
2 0.89532470703125 0.34368865966796874 0.02485107421875 0.0281268310546875
2 0.9570452880859375 0.16150726318359376 0.02140869140625 0.0332647705078125
2 0.9684564208984375 0.12955230712890625 0.021162109375 0.02714599609375
2 0.9335009765625 0.14400054931640624 0.030855712890625 0.0285003662109375
3 0.965352783203125 0.18325439453125 0.036207275390625 0.0645098876953125
7 0.343563232421875 0.2011871337890625 0.070404052734375 0.0658746337890625
2 0.4588665771484375 0.02682861328125 0.032232666015625 0.0331561279296875
2 0.413125 0.021125640869140625 0.03147216796875 0.03024993896484375
