2 0.9883489990234375 0.5322903442382813 0.008988037109375 0.0191412353515625
2 0.9880166625976563 0.551597900390625 0.008001708984375 0.01581207275390625
3 0.9383349609375 0.5389543151855469 0.0114898681640625 0.0334686279296875
2 0.920439453125 0.6028935241699219 0.013648681640625 0.0168292236328125
5 0.921016845703125 0.6598519897460937 0.008831787109375 0.02193389892578125
5 0.9221038818359375 0.7033953857421875 0.007989501953125 0.041112060546875
3 0.9508154296875 0.6802597045898438 0.0321234130859375 0.0108447265625
3 0.951065673828125 0.7133822631835938 0.033995361328125 0.0101531982421875
3 0.9512319946289063 0.7356855773925781 0.033995361328125 0.0101531982421875
3 0.9513943481445313 0.7246971130371094 0.0339959716796875 0.0101531982421875
3 0.9518939208984375 0.7460020446777343 0.033995361328125 0.0101531982421875
3 0.9513919067382812 0.7584822082519531 0.033995361328125 0.0101531982421875
3 0.95172119140625 0.7691313171386719 0.0339959716796875 0.0101531982421875
3 0.9520501708984375 0.7794473266601563 0.033995361328125 0.0101531982421875
3 0.9522134399414063 0.7897637939453125 0.033995361328125 0.0101531982421875
3 0.952376708984375 0.8020774841308593 0.033995361328125 0.0101531982421875
2 0.922862548828125 0.7625959777832031 0.01616455078125 0.01204254150390625
2 0.9237619018554688 0.7863162231445312 0.0166571044921875 0.0138787841796875
2 0.87183837890625 0.8254826354980469 0.00666015625 0.01597869873046875
2 0.97533447265625 0.9488189697265625 0.0073883056640625 0.01698333740234375
2 0.7658108520507813 0.8887921142578125 0.0100457763671875 0.0198388671875
2 0.6648287963867188 0.9411764526367188 0.0142974853515625 0.0061309814453125
2 0.6311282348632813 0.5342117309570312 0.00899658203125 0.01899505615234375
2 0.5878436279296875 0.9344096374511719 0.017994384765625 0.00783447265625
2 0.524012451171875 0.9608509826660157 0.017359619140625 0.00742034912109375
2 0.5271273803710937 0.9520362854003906 0.0149774169921875 0.0066412353515625
2 0.5279620361328125 0.9436824035644531 0.015538330078125 0.00769134521484375
2 0.5470068359375 0.9355766296386718 0.015716552734375 0.00659271240234375
2 0.4673260498046875 0.9537705993652343 0.0165191650390625 0.007265625
2 0.466414794921875 0.9370191955566406 0.0155218505859375 0.00618133544921875
2 0.546634521484375 0.925823974609375 0.0146978759765625 0.00659759521484375
2 0.46723846435546873 0.910714111328125 0.0143829345703125 0.00631866455078125
2 0.5254019165039062 0.9008920288085938 0.0153631591796875 0.006728515625
2 0.5896981811523437 0.8909339904785156 0.014835205078125 0.0066070556640625
2 0.5460092163085938 0.8917607116699219 0.014271240234375 0.006588134765625
2 0.48441009521484374 0.8845469665527343 0.01574462890625 0.00645599365234375
2 0.5881393432617188 0.8823518371582031 0.0154803466796875 0.00701202392578125
2 0.6125613403320312 0.8663496398925781 0.0078460693359375 0.01621612548828125
2 0.48540924072265623 0.9271214294433594 0.0132489013671875 0.0067156982421875
2 0.586295166015625 0.8219789123535156 0.016546630859375 0.00769073486328125
2 0.5444769287109374 0.8659355163574218 0.013519287109375 0.00742645263671875
2 0.525040283203125 0.856595458984375 0.0166766357421875 0.00686431884765625
2 0.5280905151367188 0.8490382385253906 0.0135986328125 0.0063189697265625
2 0.5256182861328125 0.8314559936523438 0.01607177734375 0.0079681396484375
2 0.545286865234375 0.8304136657714843 0.0158489990234375 0.00698089599609375
2 0.4640673828125 0.8592021179199218 0.0154974365234375 0.006591796875
2 0.48450714111328125 0.8502464294433594 0.015498046875 0.0065911865234375
2 0.46483673095703126 0.8412901306152344 0.0154974365234375 0.0065911865234375
2 0.483902587890625 0.8326087951660156 0.0154974365234375 0.0065911865234375
2 0.4846994018554687 0.8236524963378906 0.0154974365234375 0.0065911865234375
2 0.46379241943359373 0.8232131958007812 0.0154974365234375 0.0065911865234375
2 0.42163238525390623 0.8514389038085938 0.016341552734375 0.00809722900390625
2 0.3635992431640625 0.8697802734375 0.0132012939453125 0.00714263916015625
2 0.426474609375 0.9386680603027344 0.013663330078125 0.00645660400390625
2 0.42685943603515625 0.9306735229492188 0.013663330078125 0.00645660400390625
2 0.42669464111328126 0.9218548583984375 0.013663330078125 0.00645660400390625
5 0.4167898559570313 0.7537236022949219 0.0269952392578125 0.0109515380859375
3 0.41625213623046875 0.7267082214355469 0.0258465576171875 0.00949188232421875
3 0.4228973388671875 0.6916618347167969 0.028621826171875 0.0103680419921875
3 0.4231719970703125 0.6801080322265625 0.028621826171875 0.0103680419921875
3 0.4230084228515625 0.66767822265625 0.028621826171875 0.0103680419921875
3 0.4231365966796875 0.6549562072753906 0.028621826171875 0.0103680419921875
5 0.37113037109375 0.7010078430175781 0.0091998291015625 0.041337890625
5 0.3616268920898438 0.70066162109375 0.00947998046875 0.04238616943359375
3 0.42209716796875 0.6295297241210938 0.028621826171875 0.0103680419921875
3 0.4209112548828125 0.6181221008300781 0.028621826171875 0.0103680419921875
3 0.422061767578125 0.5922576904296875 0.028621826171875 0.0103680419921875
3 0.3622348022460937 0.6136216735839843 0.0361248779296875 0.0119976806640625
3 0.3604937744140625 0.5912908935546874 0.0288330078125 0.01022186279296875
0 0.14783172607421874 0.4899310302734375 0.017720947265625 0.03442596435546875
0 0.145968017578125 0.5310919189453125 0.03369384765625 0.04484466552734375
0 0.092059326171875 0.5250839233398438 0.0478192138671875 0.034820556640625
2 0.22711456298828125 0.7677529907226562 0.0154791259765625 0.0069940185546875
2 0.23460174560546876 0.7536320495605469 0.02095458984375 0.0089862060546875
3 0.8590005493164062 0.4577500915527344 0.01658935546875 0.005999908447265625
3 0.8611752319335938 0.46988265991210937 0.0151007080078125 0.00598541259765625
3 0.8629998779296875 0.48068756103515625 0.01699951171875 0.005875244140625
0 0.9630841064453125 0.2152324676513672 0.042474365234375 0.05157669067382813
0 0.9640170288085937 0.14355224609375 0.04333740234375 0.051151885986328124
0 0.9660107421875 0.2872238922119141 0.039610595703125 0.05323867797851563
