7 0.025892391204833984 0.11149368286132813 0.053857650756835934 0.06266693115234374
7 0.05340423583984375 0.18816009521484375 0.057558746337890626 0.0516802978515625
7 0.15178688049316405 0.270203857421875 0.04442642211914063 0.0544073486328125
7 0.20798233032226562 0.3827032470703125 0.05804534912109375 0.03927490234375
2 0.05043792724609375 0.37562835693359375 0.03379913330078125 0.021256103515625
2 0.062312469482421876 0.3909375 0.02645050048828125 0.016624755859375
2 0.03606285095214844 0.9936181640625 0.014375457763671875 0.0279864501953125
2 0.019544677734375 0.89869384765625 0.016160736083984373 0.0363885498046875
2 0.16556243896484374 0.9898748779296875 0.015124969482421875 0.0280169677734375
2 0.1906248474121094 0.7528125 0.03382080078125 0.0273748779296875
2 0.1439373779296875 0.6754376220703125 0.03321136474609375 0.0246246337890625
2 0.44522575378417967 0.9820489501953125 0.03045135498046875 0.0251531982421875
2 0.4680241584777832 0.9929119873046875 0.0305487060546875 0.0234259033203125
2 0.24358474731445312 0.6546218872070313 0.03291915893554687 0.0254925537109375
2 0.21268753051757813 0.59625 0.029900665283203124 0.023499755859375
2 0.5514634704589844 0.6394842529296875 0.03218353271484375 0.0353375244140625
3 0.56853759765625 0.60655517578125 0.03179534912109375 0.0392779541015625
2 0.40324996948242187 0.01675018310546875 0.0132501220703125 0.02672088623046875
2 0.9195469665527344 0.7449169921875 0.0275933837890625 0.032664794921875
2 0.7068125915527343 0.347874755859375 0.0282843017578125 0.0352496337890625
2 0.9280000305175782 0.24600006103515626 0.0273150634765625 0.0322503662109375
2 0.9481727600097656 0.222064208984375 0.02109588623046875 0.03062255859375
