5 0.0503729248046875 0.9876812744140625 0.0083343505859375 0.0125213623046875
5 0.05048492431640625 0.9731687927246093 0.0083343505859375 0.0125213623046875
5 0.05912628173828125 0.9715392303466797 0.0083343505859375 0.0125213623046875
5 0.05958587646484375 0.9864486694335938 0.0083343505859375 0.0125213623046875
5 0.071458740234375 0.990313720703125 0.0083349609375 0.01252166748046875
5 0.06930694580078126 0.9749306488037109 0.0083349609375 0.012521514892578125
5 0.05840972900390625 0.9429032897949219 0.0085382080078125 0.014984588623046875
5 0.05805511474609375 0.9268865203857422 0.0088897705078125 0.01359161376953125
5 0.05666839599609375 0.912169189453125 0.008546142578125 0.014101715087890624
5 0.11380058288574219 0.9397660827636719 0.01311676025390625 0.01178680419921875
5 0.00661590576171875 0.9173921203613281 0.0131048583984375 0.01061981201171875
3 0.03679229736328125 0.8618507385253906 0.017293701171875 0.01130645751953125
3 0.069638671875 0.8494950103759765 0.021588134765625 0.01491943359375
5 0.122757568359375 0.8563615417480469 0.015428466796875 0.012299652099609376
5 0.1358270263671875 0.8510798645019532 0.015296630859375 0.0127557373046875
5 0.15110595703125 0.8459874725341797 0.01431640625 0.01273834228515625
5 0.16546630859375 0.8429024505615235 0.013892822265625 0.0125
5 0.1972119140625 0.938193588256836 0.008463134765625 0.012000579833984375
5 0.23182373046875 0.9455452728271484 0.008050537109375 0.0115185546875
5 0.1963787841796875 0.9271641540527343 0.008463134765625 0.01038177490234375
5 0.19610107421875 0.9162041473388672 0.007630615234375 0.011098785400390625
5 0.194783935546875 0.9033712768554687 0.00693603515625 0.01123748779296875
5 0.195550537109375 0.8914435577392578 0.0073583984375 0.010953216552734376
5 0.2040069580078125 0.8924974060058594 0.00929931640625 0.01051055908203125
5 0.232930908203125 0.9333338928222656 0.00804931640625 0.011517791748046876
5 0.23292724609375 0.9222321319580078 0.008050537109375 0.0115185546875
5 0.233062744140625 0.9108531951904297 0.008050537109375 0.0115185546875
5 0.2330615234375 0.8997515869140625 0.00804931640625 0.011517791748046876
5 0.22869873046875 0.8066441345214844 0.014212646484375 0.0120697021484375
5 0.243148193359375 0.802025146484375 0.0142138671875 0.012069549560546875
5 0.2561138916015625 0.7959237670898438 0.014212646484375 0.0120697021484375
5 0.2699273681640625 0.7913053894042968 0.014212646484375 0.0120697021484375
2 0.5642083740234375 0.7168821716308593 0.01665283203125 0.0074053955078125
2 0.6020831298828125 0.7153940582275391 0.0328759765625 0.01201446533203125
3 0.6818115234375 0.7146017456054687 0.025758056640625 0.009490814208984375
5 0.5723431396484375 0.8206485748291016 0.0085986328125 0.012769622802734375
5 0.5802691650390625 0.8211466979980468 0.0085986328125 0.012769317626953125
5 0.5900225830078125 0.821123046875 0.0085986328125 0.012769622802734375
5 0.600035400390625 0.8216210174560546 0.0085986328125 0.012769622802734375
5 0.610048828125 0.8213369750976562 0.0085986328125 0.0127691650390625
5 0.6201922607421875 0.8211830139160157 0.008599853515625 0.012770538330078124
5 0.6205242919921875 0.8061073303222657 0.00841064453125 0.012652740478515626
5 0.6109857177734375 0.806083984375 0.00841064453125 0.012652740478515626
5 0.60092529296875 0.8067120361328125 0.00841064453125 0.01265289306640625
5 0.591517333984375 0.8062977600097656 0.00841064453125 0.012652740478515626
5 0.5821087646484375 0.8053617858886719 0.00841064453125 0.012652740478515626
5 0.5723101806640625 0.8055989074707032 0.00841064453125 0.012652740478515626
5 0.5818011474609375 0.7912377166748047 0.00841064453125 0.012652740478515626
5 0.5915533447265625 0.7910839080810547 0.00841064453125 0.012652740478515626
5 0.6003936767578125 0.7915816497802735 0.00841064453125 0.012652740478515626
5 0.6109283447265625 0.7911671447753906 0.00841064453125 0.012652740478515626
5 0.6213323974609375 0.7906224822998047 0.00841064453125 0.012652740478515626
5 0.622091064453125 0.7753487396240234 0.00841064453125 0.012652740478515626
5 0.6107275390625 0.7762376403808594 0.00841064453125 0.012652740478515626
5 0.5994940185546875 0.7768658447265625 0.00841064453125 0.012652740478515626
5 0.5543719482421875 0.788051986694336 0.00841064453125 0.012652740478515626
5 0.5543487548828125 0.7730390930175781 0.00841064453125 0.01265289306640625
5 0.5545855712890625 0.7580260467529297 0.00841064453125 0.012652740478515626
5 0.5636871337890625 0.7812038421630859 0.00841064453125 0.012652740478515626
5 0.5637933349609375 0.7667122650146484 0.00841064453125 0.01265289306640625
5 0.5869512939453125 0.7706773376464844 0.0122265625 0.014972076416015626
5 0.5762518310546875 0.7720933532714844 0.01126708984375 0.01394744873046875
5 0.570980224609375 0.7575437164306641 0.013671875 0.015182952880859375
5 0.5876873779296875 0.8737497711181641 0.0129248046875 0.015500946044921875
5 0.58456298828125 0.8883750915527344 0.011295166015625 0.013250885009765625
5 0.5831866455078125 0.9037499237060547 0.011695556640625 0.014250030517578125
5 0.5809991455078125 0.9199374389648437 0.0100146484375 0.014625091552734375
5 0.575687255859375 0.8811874389648438 0.012667236328125 0.015125579833984375
5 0.561568603515625 0.8794680786132812 0.010361328125 0.013563690185546875
5 0.5610675048828125 0.894092788696289 0.010362548828125 0.013564300537109376
5 0.550318603515625 0.8935929870605469 0.010361328125 0.0135638427734375
5 0.5388177490234375 0.8924677276611328 0.010362548828125 0.013564300537109376
5 0.5290625 0.907437515258789 0.00987548828125 0.0130682373046875
5 0.5391876220703125 0.9078125 0.009874267578125 0.0130682373046875
5 0.5488128662109375 0.9088126373291016 0.009874267578125 0.0130682373046875
5 0.5603131103515625 0.9090625762939453 0.00987548828125 0.0130682373046875
5 0.5295623779296875 0.9218123626708984 0.00987548828125 0.013067474365234375
5 0.53918701171875 0.9225626373291016 0.009874267578125 0.0130682373046875
5 0.548687744140625 0.9230625915527344 0.009874267578125 0.0130682373046875
5 0.5589373779296875 0.9235623168945313 0.00987548828125 0.013067474365234375
5 0.572125244140625 0.8959375 0.012447509765625 0.01412506103515625
5 0.571187744140625 0.9113751983642578 0.012421875 0.01500030517578125
5 0.5696875 0.9247565460205078 0.01012451171875 0.01123687744140625
3 0.90654296875 0.9932931518554687 0.03553955078125 0.00934326171875
5 0.78487548828125 0.9895626831054688 0.01246826171875 0.0088751220703125
5 0.814312744140625 0.9913665008544922 0.010625 0.00701690673828125
5 0.8011932373046875 0.998375244140625 0.010614013671875 0.007000274658203125
5 0.798939208984375 0.9904920959472656 0.010626220703125 0.0070159912109375
5 0.7859442138671875 0.9986251831054688 0.010614013671875 0.00700042724609375
5 0.7709429931640625 0.9986253356933594 0.010614013671875 0.00700042724609375
5 0.77043701171875 0.9913664245605469 0.010625 0.00701690673828125
5 0.7699981689453125 0.9562839508056641 0.011002197265625 0.009701995849609376
5 0.7851226806640625 0.957033920288086 0.011002197265625 0.009701995849609376
5 0.7996240234375 0.9576585388183594 0.011002197265625 0.0097027587890625
5 0.81499755859375 0.9562837982177734 0.011002197265625 0.009701995849609376
5 0.8154986572265625 0.9467839813232422 0.011002197265625 0.009701995849609376
5 0.8006231689453125 0.9471587371826172 0.011002197265625 0.009701995849609376
5 0.7858740234375 0.9470334625244141 0.011002197265625 0.0097027587890625
5 0.77099853515625 0.9465335845947266 0.011002197265625 0.0097027587890625
5 0.77018798828125 0.9374662017822266 0.010372314453125 0.006817474365234375
5 0.7843157958984375 0.9370719146728516 0.010164794921875 0.00685638427734375
5 0.799312744140625 0.9371875 0.009375 0.00587493896484375
5 0.7703350830078125 0.9295050048828125 0.0106689453125 0.0074896240234375
5 0.7853741455078125 0.9298123931884765 0.01074951171875 0.00662506103515625
5 0.7996246337890625 0.9218123626708984 0.01074951171875 0.00662506103515625
5 0.7852496337890625 0.9215624237060547 0.01074951171875 0.00662506103515625
5 0.7705841064453125 0.9210051727294922 0.010667724609375 0.007489776611328125
5 0.7839581298828125 0.912755126953125 0.0106689453125 0.0074896240234375
5 0.800709228515625 0.9123801422119141 0.0106689453125 0.007489776611328125
5 0.8008343505859375 0.9028800964355469 0.0106689453125 0.0074896240234375
5 0.800438232421875 0.893426513671875 0.010125732421875 0.007353057861328125
5 0.7854376220703125 0.8941764831542969 0.010125732421875 0.007353057861328125
5 0.7856878662109374 0.9039264678955078 0.010125732421875 0.007353057861328125
5 0.7720635986328125 0.8939261627197266 0.010125732421875 0.007352142333984375
5 0.7699371337890625 0.9116767120361328 0.010125732421875 0.007353057861328125
5 0.77034912109375 0.9033670806884766 0.01230224609375 0.008734130859375
1 0.8966546630859376 0.8987189483642578 0.0413818359375 0.0064544677734375
1 0.8863128662109375 0.8521207427978515 0.03714599609375 0.006393890380859375
1 0.8899920654296875 0.8050782775878906 0.036883544921875 0.00843658447265625
2 0.875096435546875 0.8416236114501953 0.018555908203125 0.00850311279296875
3 0.1549761962890625 0.8209247589111328 0.04705810546875 0.02547027587890625
