2 0.38171966552734377 0.961396484375 0.0244110107421875 0.0186944580078125
2 0.3047808837890625 0.8262054443359375 0.0167816162109375 0.0277996826171875
2 0.2910101318359375 0.8233078002929688 0.016766357421875 0.0277972412109375
2 0.27653167724609373 0.8184622192382812 0.01587646484375 0.0246929931640625
2 0.2616790771484375 0.816767578125 0.0158758544921875 0.0246923828125
2 0.24788665771484375 0.8113397216796875 0.014466552734375 0.0192694091796875
2 0.04481201171875 0.7032498168945313 0.014488525390625 0.02550048828125
2 0.9734375 0.464749755859375 0.0234857177734375 0.0179998779296875
2 0.9593264770507812 0.554501953125 0.023653564453125 0.0152447509765625
2 0.9339590454101563 0.6258334350585938 0.02494384765625 0.016666259765625
2 0.8027804565429687 0.7095608520507812 0.0216668701171875 0.0158782958984375
2 0.961336669921875 0.7199188232421875 0.0274237060546875 0.01833740234375
2 0.90487548828125 0.7720001220703125 0.025396728515625 0.017750244140625
2 0.96607177734375 0.776173095703125 0.028819580078125 0.019403076171875
2 0.42146026611328125 0.8287570190429687 0.022330322265625 0.0197650146484375
2 0.450909423828125 0.8837652587890625 0.0286822509765625 0.017738037109375
2 0.4518121337890625 0.8991879272460938 0.0256402587890625 0.01487548828125
2 0.4577264404296875 0.9136221313476562 0.024798583984375 0.011756591796875
2 0.4562265014648437 0.9286221313476563 0.024798583984375 0.011756591796875
2 0.4556024169921875 0.9436895751953125 0.031295166015625 0.011378173828125
2 0.4556008911132812 0.9583718872070313 0.024798583984375 0.011756591796875
