2 0.30786041259765623 0.9482122802734375 0.0106439208984375 0.02465484619140625
2 0.35380462646484373 0.8540092468261719 0.0106439208984375 0.02465484619140625
2 0.3959283447265625 0.8479615783691407 0.01064453125 0.02465484619140625
2 0.4271343994140625 0.8491453552246093 0.0106439208984375 0.02465484619140625
2 0.4419647216796875 0.8497843933105469 0.0106439208984375 0.02465484619140625
2 0.5464373779296875 0.8833750915527344 0.02987548828125 0.01641387939453125
2 0.5314996337890625 0.8080000305175781 0.0274871826171875 0.01225006103515625
2 0.8393093872070313 0.8630485534667969 0.011883544921875 0.02334686279296875
2 0.7062506103515624 0.8770626831054688 0.014000244140625 0.02347564697265625
2 0.6216879272460938 0.9002499389648437 0.0111248779296875 0.0255267333984375
2 0.67432861328125 0.8130015563964844 0.016907958984375 0.02699676513671875
2 0.8803302001953125 0.21772560119628906 0.0228387451171875 0.01320068359375
