2 0.449312744140625 0.8926251220703125 0.0301953125 0.03125
2 0.439906005859375 0.8840155029296874 0.0286865234375 0.03046875
2 0.43075042724609375 0.8691879272460937 0.027772216796875 0.02962493896484375
2 0.32208770751953125 0.8992994689941406 0.03067626953125 0.03109893798828125
2 0.30833770751953127 0.8933836364746094 0.0261749267578125 0.02573333740234375
2 0.0511248779296875 0.8026248168945312 0.027320556640625 0.03524993896484375
2 0.215626220703125 0.8024989318847656 0.028001708984375 0.029195556640625
2 0.10668792724609374 0.7356251525878906 0.0313848876953125 0.0270001220703125
2 0.05256256103515625 0.7266876220703125 0.0300848388671875 0.02962554931640625
2 0.36081268310546877 0.7591877746582031 0.0255615234375 0.025625
2 0.329375 0.7796246337890625 0.0229998779296875 0.0233612060546875
2 0.3183123779296875 0.7733125305175781 0.031663818359375 0.03137542724609375
2 0.30962646484375 0.7618760681152343 0.0300018310546875 0.0298846435546875
2 0.2191351318359375 0.6772431945800781 0.02798095703125 0.02851348876953125
2 0.20702362060546875 0.6657490539550781 0.031204833984375 0.0327520751953125
2 0.16850677490234375 0.63921630859375 0.0305120849609375 0.032681884765625
2 0.19636566162109376 0.6526483154296875 0.0270184326171875 0.02870269775390625
2 0.1181939697265625 0.6291343688964843 0.0293634033203125 0.02898162841796875
2 0.0070245361328125 0.523521728515625 0.01949951171875 0.0311944580078125
7 0.03318817138671875 0.3626875305175781 0.0473748779296875 0.0458087158203125
7 0.27812744140625 0.5827598571777344 0.06075439453125 0.06201995849609375
7 0.5205300903320312 0.8001052856445312 0.053189697265625 0.0382659912109375
2 0.25581268310546873 0.4071873474121094 0.0309490966796875 0.031875
2 0.24256256103515625 0.39674972534179687 0.0327728271484375 0.0345001220703125
7 0.3564718627929688 0.2521842956542969 0.0726922607421875 0.06586822509765625
7 0.34043701171875 0.1339994812011719 0.068125 0.06380859375
2 0.5176239013671875 0.2306639099121094 0.02750244140625 0.01707794189453125
2 0.7044369506835938 0.2460002136230469 0.03163330078125 0.0307501220703125
2 0.6926876831054688 0.23318740844726563 0.0347113037109375 0.03337493896484375
2 0.7265625 0.47287506103515625 0.0328179931640625 0.0327508544921875
2 0.8998577880859375 0.4329826354980469 0.031715087890625 0.03153533935546875
2 0.9266876220703125 0.45043746948242186 0.033736572265625 0.0351251220703125
2 0.9617507934570313 0.48437545776367186 0.0285223388671875 0.03
2 0.9713128662109375 0.49425018310546875 0.029759521484375 0.03050018310546875
7 0.805257568359375 0.5485043334960937 0.069766845703125 0.057193603515625
2 0.8432275390625 0.5980986022949218 0.028133544921875 0.03734161376953125
2 0.8121258544921875 0.34806243896484373 0.02950439453125 0.029124755859375
7 0.9516506958007812 0.11076156616210937 0.0674505615234375 0.06422760009765625
2 0.9484957885742188 0.30892425537109375 0.0297418212890625 0.03034820556640625
2 0.9583709716796875 0.3214239501953125 0.0297418212890625 0.03034820556640625
