2 0.0873577880859375 0.4329826354980469 0.031715087890625 0.03153533935546875
2 0.1141876220703125 0.45043746948242186 0.033736572265625 0.0351251220703125
2 0.14925079345703124 0.48437545776367186 0.0285223388671875 0.03
2 0.1588128662109375 0.49425018310546875 0.029759521484375 0.03050018310546875
2 0.0307275390625 0.5980986022949218 0.028133544921875 0.03734161376953125
7 0.13915069580078124 0.11076156616210937 0.0674505615234375 0.06422760009765625
7 0.24824951171875 0.18962509155273438 0.062750244140625 0.03451324462890625
2 0.13599578857421876 0.30892425537109375 0.0297418212890625 0.03034820556640625
2 0.1458709716796875 0.3214239501953125 0.0297418212890625 0.03034820556640625
2 0.2463751220703125 0.3989372253417969 0.033955078125 0.03362518310546875
2 0.370999755859375 0.6960623168945312 0.03321044921875 0.03287506103515625
7 0.1902813720703125 0.7143443298339843 0.0683123779296875 0.06831268310546874
7 0.2412451171875 0.8234930419921875 0.069490966796875 0.06476348876953125
7 0.392501220703125 0.8626260375976562 0.0415771484375 0.0417498779296875
2 0.3210009765625 0.9290621948242187 0.031575927734375 0.0291253662109375
2 0.313106689453125 0.9404378509521485 0.03503662109375 0.03287551879882813
2 0.3036212158203125 0.9515359115600586 0.036007080078125 0.03507156372070312
2 0.5276165771484375 0.83932861328125 0.032232666015625 0.0331561279296875
2 0.5024383544921875 0.8128750610351563 0.036158447265625 0.0354998779296875
2 0.481875 0.8336256408691406 0.03147216796875 0.03024993896484375
7 0.717625732421875 0.66362548828125 0.054268798828125 0.05900054931640625
3 0.6206884765625 0.4887501525878906 0.02795654296875 0.0320001220703125
2 0.744124755859375 0.31581222534179687 0.030750732421875 0.01974395751953125
2 0.7430364990234375 0.33289947509765627 0.029677734375 0.02154876708984375
2 0.77590087890625 0.2946893310546875 0.016800537109375 0.03587127685546875
2 0.7790618896484375 0.25024993896484377 0.016624755859375 0.03345703125
3 0.7169384765625 0.2873751831054687 0.0533740234375 0.03559722900390625
2 0.8490625 0.16631240844726564 0.025682373046875 0.01587493896484375
2 0.7760089111328125 0.02746337890625 0.020767822265625 0.01417633056640625
2 0.74425048828125 0.02962493896484375 0.025750732421875 0.0318438720703125
2 0.7252508544921875 0.038062744140625 0.03319580078125 0.030374755859375
7 0.9861181640625 0.20639984130859376 0.041058349609375 0.06018585205078125
7 0.564783935546875 0.3101951599121094 0.0409326171875 0.0618902587890625
