0 0.642371826171875 0.01740478515625 0.02341583251953125 0.02598602294921875
0 0.9641207885742188 0.11433807373046875 0.0384234619140625 0.0496710205078125
0 0.6778330993652344 0.017135772705078125 0.02301910400390625 0.0263299560546875
0 0.7126582336425781 0.01729248046875 0.0231707763671875 0.02368438720703125
0 0.74739990234375 0.0163507080078125 0.02301910400390625 0.02632965087890625
0 0.7836959838867188 0.015719451904296876 0.02281280517578125 0.0230133056640625
0 0.6895278930664063 0.11009048461914063 0.0266424560546875 0.02636627197265625
0 0.7353413391113282 0.11009323120117187 0.02177490234375 0.02631744384765625
0 0.7804820251464843 0.109781494140625 0.02193023681640625 0.0263189697265625
0 0.828228759765625 0.10899322509765624 0.0216192626953125 0.02631561279296875
0 0.9196234130859375 0.1082080078125 0.0216192626953125 0.02631561279296875
0 0.7289572143554688 0.23837921142578125 0.018843994140625 0.02167083740234375
0 0.7534359741210938 0.24221176147460938 0.017122802734375 0.019202880859375
0 0.7771247863769531 0.2397247314453125 0.02228668212890625 0.0201531982421875
0 0.8120657348632813 0.23928604125976563 0.03610626220703125 0.0337152099609375
0 0.532286376953125 0.24607330322265625 0.02387237548828125 0.0283984375
0 0.4915530395507812 0.24402297973632814 0.02464691162109375 0.02140594482421875
0 0.4456233215332031 0.24559005737304687 0.03518035888671875 0.03874359130859375
0 0.35615570068359376 0.24002822875976562 0.017587890625 0.02496856689453125
0 0.31196701049804687 0.24028106689453124 0.02937347412109375 0.02689788818359375
0 0.26414779663085936 0.24553512573242187 0.0265325927734375 0.0266888427734375
0 0.21885940551757813 0.24512252807617188 0.02528656005859375 0.02482391357421875
