0 0.39364044189453123 0.05189079284667969 0.0307147216796875 0.024278717041015627
0 0.49095306396484373 0.05272514343261719 0.026827392578125 0.023181304931640626
0 0.6187872314453124 0.0523876953125 0.045111083984375 0.03985000610351563
0 0.7572079467773437 0.05157546997070313 0.0245904541015625 0.02402557373046875
0 0.183585205078125 0.6717236328125 0.026353759765625 0.0222540283203125
0 0.18531219482421876 0.6986163330078125 0.0301995849609375 0.0220703125
0 0.18682373046875 0.7292131042480469 0.02624755859375 0.025682373046875
0 0.15022369384765624 0.894814453125 0.034825439453125 0.0398291015625
0 0.23064605712890626 0.9173202514648438 0.025096435546875 0.024927978515625
0 0.3279763793945312 0.9178794860839844 0.0254937744140625 0.02548004150390625
0 0.37270172119140627 0.9175727844238282 0.0269696044921875 0.02994598388671875
0 0.419775390625 0.9168170166015625 0.0233819580078125 0.02901763916015625
0 0.46351104736328125 0.9201153564453125 0.039554443359375 0.03897796630859375
0 0.507833251953125 0.91995849609375 0.03148193359375 0.03771942138671875
0 0.5550799560546875 0.9488702392578126 0.024061279296875 0.0282318115234375
0 0.6432052612304687 0.9203939819335938 0.0398681640625 0.03957305908203125
0 0.8025482177734375 0.9256893920898438 0.0242437744140625 0.024276123046875
0 0.90594482421875 0.9279924011230469 0.0239691162109375 0.025643310546875
0 0.9313311767578125 0.9265684509277343 0.0188671875 0.0245098876953125
0 0.955277099609375 0.9253753662109375 0.0207012939453125 0.0212664794921875
