0 0.6219108581542969 0.525451545715332 0.022041015625 0.02302528381347656
0 0.6172267150878906 0.5752423095703125 0.02145751953125 0.028449554443359375
0 0.6168316650390625 0.6190594100952148 0.02202972412109375 0.0277227783203125
2 0.48767364501953125 0.3153678894042969 0.01490264892578125 0.009264373779296875
2 0.5272988891601562 0.2943678092956543 0.0149029541015625 0.00926433563232422
2 0.5272990417480469 0.3493678665161133 0.0149029541015625 0.009264373779296875
2 0.5830484008789063 0.3061178207397461 0.0149029541015625 0.009264373779296875
2 0.5836737060546875 0.3227428436279297 0.0149029541015625 0.009264297485351562
2 0.5826737976074219 0.3366178894042969 0.01490264892578125 0.009264373779296875
2 0.5822990417480469 0.3517428970336914 0.0149029541015625 0.009264373779296875
2 0.49017379760742186 0.37411788940429686 0.01490264892578125 0.009264373779296875
2 0.49017379760742186 0.3957428741455078 0.01490264892578125 0.009264297485351562
2 0.48992401123046875 0.40524284362792967 0.0149029541015625 0.009264297485351562
2 0.5295526123046875 0.2772041702270508 0.0149029541015625 0.009264373779296875
2 0.4088484954833984 0.4620078659057617 0.01490264892578125 0.009264297485351562
2 0.34540725708007813 0.468973274230957 0.01490264892578125 0.009264373779296875
2 0.32620529174804686 0.4623844528198242 0.01490264892578125 0.009264373779296875
2 0.7211083984375 0.20723726272583007 0.0149029541015625 0.009264373779296875
2 0.7229740905761719 0.1912457275390625 0.0149029541015625 0.00926433563232422
2 0.7570890808105468 0.1931114387512207 0.0149029541015625 0.00926433563232422
