2 0.26381256103515627 0.8420623779296875 0.0133746337890625 0.0261297607421875
2 0.2425054931640625 0.4502044677734375 0.0147381591796875 0.03334075927734375
2 0.14225006103515625 0.2795624542236328 0.0357476806640625 0.0173748779296875
2 0.17337493896484374 0.27893753051757814 0.03125 0.01789642333984375
7 0.46072662353515625 0.07212974548339844 0.063453369140625 0.06923995971679688
2 0.6956631469726563 0.43029678344726563 0.0326739501953125 0.02859344482421875
2 0.6339373779296875 0.4633747863769531 0.0217779541015625 0.035500259399414064
7 0.6199267578125 0.5764096069335938 0.04064697265625 0.0714312744140625
2 0.556812744140625 0.4358125305175781 0.030758056640625 0.02412506103515625
2 0.5526873779296875 0.4211252593994141 0.0317657470703125 0.0245001220703125
2 0.6601571655273437 0.37624435424804686 0.0318145751953125 0.04201141357421875
2 0.6085003662109375 0.22662513732910156 0.0157501220703125 0.03624008178710938
2 0.6435623168945312 0.22062515258789062 0.016624755859375 0.03350906372070313
2 0.6810629272460937 0.08937515258789062 0.036417236328125 0.019250030517578124
2 0.6469717407226563 0.029925689697265626 0.0180572509765625 0.039149017333984376
2 0.6101251220703126 0.03631256103515625 0.014749755859375 0.02587493896484375
2 0.582921142578125 0.0605621337890625 0.026407470703125 0.017129364013671874
7 0.8679864501953125 0.14309341430664063 0.0482769775390625 0.05906341552734375
7 0.8476251220703125 0.21962501525878905 0.033299560546875 0.037250213623046875
2 0.988499755859375 0.2240625 0.0261669921875 0.01537506103515625
2 0.9635092163085938 0.3136766052246094 0.03023193359375 0.01610260009765625
2 0.9642941284179688 0.33096023559570314 0.028837890625 0.017420501708984376
2 0.9441256713867188 0.39993751525878907 0.0385235595703125 0.03387527465820313
7 0.8531759643554687 0.3676983642578125 0.0436474609375 0.0641033935546875
7 0.9124411010742187 0.5143687438964843 0.053118896484375 0.0457373046875
