2 0.1438751220703125 0.6981246948242188 0.016766357421875 0.0332501220703125
3 0.6010626220703125 0.08125030517578125 0.0426251220703125 0.0271746826171875
2 0.5438079833984375 0.07702285766601563 0.01638427734375 0.03170440673828125
2 0.6095001220703125 0.10393768310546875 0.0370001220703125 0.020146484375
2 0.6076858520507813 0.13707000732421876 0.03212890625 0.0176239013671875
2 0.5114373779296875 0.100875244140625 0.0263751220703125 0.0152752685546875
2 0.5130624389648437 0.114312744140625 0.0351251220703125 0.0159002685546875
3 0.5133477783203125 0.12982940673828125 0.0394464111328125 0.0225909423828125
2 0.5154696655273437 0.14730560302734375 0.03006103515625 0.0164166259765625
2 0.5064376831054688 0.1599371337890625 0.0248748779296875 0.01447509765625
2 0.5095379638671875 0.17480316162109374 0.0296734619140625 0.0206451416015625
2 0.5438156127929688 0.207303466796875 0.018631591796875 0.029393310546875
7 0.40024993896484373 0.248375244140625 0.0254998779296875 0.024000244140625
2 0.510625 0.3159371948242187 0.03679443359375 0.019375
2 0.5163748168945312 0.5016253662109375 0.0314996337890625 0.02098876953125
2 0.5040496826171875 0.53699951171875 0.0326513671875 0.019510498046875
2 0.50418701171875 0.5547140502929687 0.029127197265625 0.0163421630859375
2 0.6026254272460938 0.6398135375976562 0.025 0.016138916015625
2 0.5664517211914063 0.7889730834960937 0.0158465576171875 0.0278668212890625
2 0.5034515380859375 0.8679351806640625 0.028348388671875 0.0216302490234375
2 0.503348388671875 0.8854849243164062 0.0388385009765625 0.0227801513671875
7 0.81668212890625 0.9007470703125 0.0625433349609375 0.054044189453125
2 0.8223919677734375 0.776661376953125 0.0302154541015625 0.0294268798828125
2 0.8748123168945312 0.6522381591796875 0.026124267578125 0.0332745361328125
2 0.8771881103515625 0.6068017578125 0.0283746337890625 0.020146484375
2 0.889278564453125 0.49582489013671877 0.0276922607421875 0.0178485107421875
2 0.8897500610351563 0.465999755859375 0.032750244140625 0.0215484619140625
2 0.7805068969726563 0.311558837890625 0.0167626953125 0.03538330078125
2 0.7595623779296875 0.30943756103515624 0.0163873291015625 0.036875
2 0.9011013793945313 0.05749053955078125 0.0297991943359375 0.02151885986328125
