0 0.15151702880859375 0.95605224609375 0.04333740234375 0.051151885986328124
0 0.3208935546875 0.9479267120361328 0.051875 0.04094497680664062
5 0.4561248779296875 0.9654374694824219 0.010999755859375 0.00787506103515625
5 0.47087554931640624 0.9656250762939453 0.0110003662109375 0.0082861328125
5 0.486500244140625 0.9658125305175781 0.010999755859375 0.00787506103515625
5 0.45710540771484376 0.9393766784667968 0.012291259765625 0.00850677490234375
5 0.45597869873046876 0.9257517242431641 0.0122906494140625 0.00850677490234375
5 0.471104736328125 0.9266267395019532 0.0122906494140625 0.008506622314453125
5 0.4718548583984375 0.9395016479492188 0.0122906494140625 0.00850677490234375
5 0.486854248046875 0.9396268463134766 0.0122906494140625 0.00850677490234375
5 0.4851043701171875 0.9275016784667969 0.0122906494140625 0.00850677490234375
5 0.5003543090820313 0.9273767852783203 0.0122906494140625 0.00850677490234375
5 0.5017294311523437 0.9401268005371094 0.0122906494140625 0.00850677490234375
5 0.5685653686523438 0.9647545623779297 0.0087518310546875 0.011986236572265625
5 0.5686361694335937 0.9509844970703125 0.008291015625 0.012699737548828124
5 0.5675665283203125 0.935787582397461 0.0092755126953125 0.01255706787109375
5 0.564498291015625 0.9211617279052734 0.0114154052734375 0.013439483642578125
5 0.580269775390625 0.9652616119384766 0.0101397705078125 0.0141424560546875
5 0.5914047241210938 0.9665010070800781 0.01039794921875 0.0142010498046875
5 0.5800537109375 0.9513157653808594 0.009415283203125 0.011752471923828126
5 0.5916793823242188 0.9522400665283203 0.0094158935546875 0.01175262451171875
5 0.60287841796875 0.9457447814941407 0.0094158935546875 0.01175262451171875
5 0.5926730346679687 0.9373941802978516 0.009415283203125 0.01175262451171875
5 0.5797564697265625 0.9367491912841797 0.0094158935546875 0.01175262451171875
5 0.6029415893554687 0.9313955688476563 0.009415283203125 0.011752471923828126
5 0.5898263549804688 0.922659912109375 0.0126995849609375 0.014427337646484375
5 0.5764837646484375 0.9208049774169922 0.011986083984375 0.014626312255859374
5 0.7512466430664062 0.9912843322753906 0.0083197021484375 0.010982513427734375
5 0.75161865234375 0.9764353179931641 0.0102288818359375 0.012227630615234375
5 0.75782470703125 0.9324622344970703 0.010716552734375 0.014058837890625
5 0.7687924194335938 0.9322386169433594 0.010716552734375 0.014058685302734375
5 0.78034912109375 0.932852783203125 0.01043212890625 0.01289825439453125
5 0.7814529418945313 0.9474241638183594 0.0104327392578125 0.01289825439453125
5 0.7707965087890625 0.9477693176269532 0.01043212890625 0.01289825439453125
5 0.7597607421875 0.9479249572753906 0.01043212890625 0.01289825439453125
5 0.7602960205078125 0.9634446716308593 0.01043212890625 0.01289825439453125
5 0.7708837890625 0.9630311584472656 0.01043212890625 0.01289825439453125
5 0.7807131958007812 0.9629969787597656 0.0104327392578125 0.01289825439453125
5 0.9878729248046875 0.9876812744140625 0.0083343505859375 0.0125213623046875
5 0.9879849243164063 0.9731687927246093 0.0083343505859375 0.0125213623046875
5 0.9966262817382813 0.9715392303466797 0.0083343505859375 0.0125213623046875
5 0.9970858764648437 0.9864486694335938 0.0083343505859375 0.0125213623046875
5 0.9959097290039063 0.9429032897949219 0.0085382080078125 0.014984588623046875
5 0.9955551147460937 0.9268865203857422 0.0088897705078125 0.01359161376953125
5 0.9941683959960937 0.912169189453125 0.008546142578125 0.014101715087890624
5 0.9441159057617188 0.9173921203613281 0.0131048583984375 0.01061981201171875
5 0.9287948608398438 0.919742431640625 0.0130780029296875 0.009749298095703124
5 0.9141009521484375 0.9215736389160156 0.0113494873046875 0.00853729248046875
5 0.9009335327148438 0.9219960021972656 0.0121734619140625 0.00868560791015625
3 0.9742922973632813 0.8618507385253906 0.017293701171875 0.01130645751953125
