2 0.0112335205078125 0.49418731689453127 0.0225006103515625 0.0126348876953125
2 0.0628466796875 0.8719473266601563 0.025543212890625 0.0125323486328125
2 0.239874267578125 0.8605368041992187 0.023837890625 0.01125244140625
2 0.417750244140625 0.7990005493164063 0.012000732421875 0.0308489990234375
2 0.402625732421875 0.8001254272460937 0.012000732421875 0.030848388671875
2 0.37637451171875 0.80175048828125 0.012000732421875 0.030848388671875
2 0.3436871337890625 0.7853750610351562 0.020208740234375 0.0304998779296875
2 0.5203753662109375 0.7125 0.02403076171875 0.0129998779296875
2 0.4755010986328125 0.7241253662109375 0.025635986328125 0.0129998779296875
2 0.4760003662109375 0.7090628051757812 0.02375 0.013133544921875
2 0.08343780517578125 0.6946878051757812 0.025374755859375 0.02639404296875
2 0.3658148193359375 0.594140625 0.022635498046875 0.00896728515625
2 0.4232501220703125 0.5939376831054688 0.021749267578125 0.0088800048828125
2 0.4255645751953125 0.50776611328125 0.022635498046875 0.0089678955078125
2 0.07281341552734374 0.4956146240234375 0.0198724365234375 0.01097900390625
2 0.14812469482421875 0.3829766845703125 0.009998779296875 0.0260479736328125
2 0.19866729736328126 0.38225738525390623 0.0104156494140625 0.0262359619140625
2 0.06187652587890625 0.07997482299804687 0.009752197265625 0.02355133056640625
2 0.07656280517578125 0.07943756103515626 0.0106280517578125 0.027874755859375
2 0.09962677001953125 0.07247467041015625 0.0097528076171875 0.02355133056640625
2 0.13925140380859374 0.03606338500976562 0.02375 0.0124066162109375
2 0.34943359375 0.07474258422851562 0.010384521484375 0.0262347412109375
2 0.4344390869140625 0.032122650146484376 0.0331298828125 0.01174468994140625
2 0.545435791015625 0.9005368041992188 0.0113720703125 0.0274261474609375
2 0.8500250244140625 0.027371063232421874 0.03155517578125 0.01102325439453125
2 0.81469482421875 0.02937652587890625 0.025853271484375 0.0122088623046875
2 0.690045166015625 0.071473388671875 0.025501708984375 0.01134185791015625
2 0.682215576171875 0.09406295776367188 0.029271240234375 0.011839599609375
2 0.687716064453125 0.120728759765625 0.02144287109375 0.0108087158203125
2 0.688046875 0.13153564453125 0.02144287109375 0.0108087158203125
2 0.68840087890625 0.17341064453125 0.01927490234375 0.0111767578125
2 0.68814208984375 0.18617645263671875 0.021199951171875 0.0112249755859375
2 0.7689849853515625 0.2655615234375 0.018304443359375 0.010921630859375
2 0.7636871337890625 0.2857318115234375 0.026634521484375 0.0127667236328125
2 0.7652960205078125 0.2984210205078125 0.025400390625 0.013460693359375
2 0.7469232177734375 0.4373541259765625 0.0197119140625 0.0246954345703125
2 0.809227294921875 0.853848876953125 0.034517822265625 0.0260040283203125
2 0.831187744140625 0.851278076171875 0.01212158203125 0.0282025146484375
