0 0.6410939025878907 0.6540852355957031 0.04825531005859375 0.0435601806640625
0 0.23494857788085938 0.6378216552734375 0.04225311279296875 0.0444342041015625
0 0.26818084716796875 0.6129800415039063 0.03599609375 0.04432647705078125
0 0.2685260009765625 0.5801759338378907 0.03785491943359375 0.03691253662109375
0 0.30658706665039065 0.5147698974609375 0.03746917724609375 0.03240020751953125
0 0.33971664428710935 0.48870101928710935 0.05151947021484375 0.05079071044921875
0 0.3594673156738281 0.47125762939453125 0.02637237548828125 0.037745361328125
0 0.3051364135742187 0.4723316955566406 0.03619476318359375 0.02623016357421875
0 0.31676223754882815 0.45381988525390626 0.04478973388671875 0.04568511962890625
0 0.34533935546875 0.45138046264648435 0.0523040771484375 0.05609375
0 0.3566581726074219 0.430723876953125 0.0261920166015625 0.035958251953125
0 0.3411680603027344 0.42239822387695314 0.03346771240234375 0.03411285400390625
0 0.32379348754882814 0.42532257080078123 0.02119110107421875 0.01971435546875
3 0.7173416137695312 0.5392608642578125 0.03573944091796875 0.0275115966796875
5 0.6985324096679687 0.4437104797363281 0.0163616943359375 0.02307830810546875
5 0.7110528564453125 0.447598876953125 0.0168951416015625 0.0235528564453125
5 0.7274154663085938 0.4431849670410156 0.0231689453125 0.03988006591796875
5 0.7451683044433594 0.4510337829589844 0.02316436767578125 0.04218231201171875
0 0.6706173706054688 0.4372332763671875 0.016258544921875 0.0156732177734375
0 0.6774055480957031 0.4234138488769531 0.01295196533203125 0.013697509765625
5 0.7354690551757812 0.5164729309082031 0.026612548828125 0.02032012939453125
5 0.7448875427246093 0.5098783874511719 0.038865966796875 0.029678955078125
2 0.9716229248046875 0.48837234497070314 0.017637939453125 0.01882659912109375
2 0.99700927734375 0.4478350830078125 0.0133966064453125 0.01527130126953125
5 0.90260498046875 0.42924072265625 0.01529022216796875 0.019268798828125
5 0.8945770263671875 0.42381500244140624 0.0150958251953125 0.0188702392578125
5 0.8862016296386719 0.4185646057128906 0.0150958251953125 0.0188702392578125
5 0.8769520568847656 0.4126898193359375 0.0150958251953125 0.0188702392578125
5 0.8699520874023438 0.40743988037109374 0.0150958251953125 0.0188702392578125
5 0.8531474304199219 0.3878480529785156 0.02195556640625 0.0264459228515625
5 0.49874588012695314 0.38522369384765626 0.015245361328125 0.04198455810546875
5 0.48952301025390627 0.3848223876953125 0.01309661865234375 0.04304901123046875
5 0.48103866577148435 0.38382659912109374 0.01225982666015625 0.04290435791015625
5 0.47242645263671873 0.38292709350585935 0.01225982666015625 0.042904052734375
5 0.46305740356445313 0.38226654052734377 0.01261077880859375 0.04293548583984375
5 0.45340179443359374 0.3813749694824219 0.0123699951171875 0.0434197998046875
5 0.4457537841796875 0.3800602722167969 0.01128662109375 0.04249114990234375
5 0.4377128601074219 0.3797236633300781 0.01226409912109375 0.043052978515625
2 0.9182383728027343 0.2877532958984375 0.01422637939453125 0.00599365234375
2 0.8984376525878907 0.2895002746582031 0.01298431396484375 0.00574981689453125
2 0.8807820129394531 0.28968460083007813 0.01356414794921875 0.00711944580078125
2 0.8149221801757812 0.2913722229003906 0.014906005859375 0.00650543212890625
2 0.7913751220703125 0.2914999389648438 0.0204998779296875 0.0075
2 0.7661874389648438 0.29199996948242185 0.0161248779296875 0.00600006103515625
2 0.7421879577636719 0.29225006103515627 0.018336181640625 0.007249755859375
2 0.6523126220703125 0.29387496948242187 0.01737518310546875 0.00625518798828125
2 0.6354396057128906 0.2943388366699219 0.014132080078125 0.006177978515625
2 0.598189697265625 0.2957139587402344 0.01413177490234375 0.00617767333984375
2 0.5673149108886719 0.2955889892578125 0.014132080078125 0.006177978515625
2 0.5075645446777344 0.2965887451171875 0.01413177490234375 0.0061773681640625
2 0.5246405029296874 0.2701231384277344 0.019219970703125 0.007503662109375
2 0.4413580322265625 0.27299560546875 0.0187164306640625 0.0084906005859375
2 0.28716445922851563 0.30162506103515624 0.0181707763671875 0.00675048828125
2 0.21078948974609374 0.3026251220703125 0.0181707763671875 0.00675048828125
2 0.12959014892578125 0.3691864013671875 0.00917999267578125 0.01591400146484375
2 0.10286727905273438 0.371522216796875 0.007142333984375 0.01552337646484375
2 0.08690338134765625 0.37216949462890625 0.0061199951171875 0.01331085205078125
2 0.04467559814453125 0.3717106628417969 0.00674896240234375 0.018206787109375
2 0.06745193481445312 0.3280149841308594 0.00728057861328125 0.01812896728515625
2 0.04151153564453125 0.3284608459472656 0.0061199951171875 0.01331085205078125
2 0.007609405517578125 0.3302473449707031 0.007269287109375 0.01698455810546875
2 0.04939315795898438 0.3062992858886719 0.00698486328125 0.0162213134765625
2 0.08307525634765625 0.30775390625 0.0061199951171875 0.0133111572265625
2 0.022459259033203127 0.2587850952148438 0.0078118896484375 0.015576171875
2 0.07182571411132813 0.25949783325195314 0.0078118896484375 0.015576171875
0 0.12631195068359374 0.18830596923828125 0.0416522216796875 0.0323590087890625
0 0.0784454345703125 0.18950897216796875 0.04033538818359375 0.0330267333984375
5 0.7568293762207031 0.15166824340820312 0.00881866455078125 0.0137579345703125
5 0.7467877197265625 0.14753799438476561 0.00882537841796875 0.01192108154296875
5 0.7460678100585938 0.1612158203125 0.0086846923828125 0.01181671142578125
5 0.7568789672851562 0.16460525512695312 0.00882537841796875 0.01192108154296875
5 0.7462840270996094 0.1769476318359375 0.00970977783203125 0.01220947265625
5 0.7573861694335937 0.17865615844726562 0.00907745361328125 0.01214263916015625
5 0.7568795776367188 0.19509140014648438 0.00907745361328125 0.01214263916015625
5 0.7458372497558594 0.20867904663085937 0.00907745361328125 0.01214263916015625
5 0.7560081481933594 0.20817214965820313 0.00907745361328125 0.01214263916015625
5 0.7566403198242188 0.2221868896484375 0.00907745361328125 0.01214263916015625
5 0.7475912475585937 0.22210693359375 0.00907745361328125 0.01214263916015625
5 0.7362901306152344 0.1929388427734375 0.008741455078125 0.01181549072265625
5 0.6828218078613282 0.22247161865234374 0.008741455078125 0.01181549072265625
5 0.67220703125 0.22566650390625 0.008741455078125 0.01181549072265625
5 0.6721269226074219 0.19241455078125 0.008741455078125 0.01181610107421875
5 0.6723321533203125 0.17610504150390624 0.008741455078125 0.01181549072265625
5 0.6716824340820312 0.16007965087890624 0.008741455078125 0.01181610107421875
5 0.6708912658691406 0.14433944702148438 0.008741455078125 0.01181549072265625
5 0.6806346130371094 0.1434053039550781 0.008741455078125 0.01181610107421875
5 0.6910903930664063 0.14346832275390625 0.008741455078125 0.01181549072265625
5 0.7012615966796875 0.14381546020507813 0.008741455078125 0.01181549072265625
5 0.6815348815917969 0.158826904296875 0.008741455078125 0.01181549072265625
5 0.6907089233398438 0.15874710083007812 0.008741455078125 0.01181610107421875
5 0.68166015625 0.19183975219726562 0.008741455078125 0.01181549072265625
5 0.6819447326660156 0.17532455444335937 0.008741455078125 0.01181549072265625
2 0.9863409423828124 0.4991058349609375 0.0158514404296875 0.0173223876953125
2 0.9783706665039062 0.4941717529296875 0.0158514404296875 0.0173223876953125
