0 0.1466790771484375 0.19150970458984376 0.020919189453125 0.0248565673828125
0 0.5833380126953125 0.1887213134765625 0.0353924560546875 0.0420135498046875
0 0.7083392333984375 0.2058013916015625 0.0180126953125 0.0137872314453125
0 0.7447598266601563 0.1890936279296875 0.016505126953125 0.013045654296875
0 0.74534912109375 0.173184814453125 0.0168060302734375 0.0143890380859375
0 0.746348876953125 0.15714263916015625 0.0130511474609375 0.013038330078125
0 0.81298583984375 0.1589532470703125 0.0229541015625 0.0196282958984375
0 0.8392340087890625 0.180870361328125 0.0210650634765625 0.0169000244140625
0 0.838143310546875 0.20244476318359375 0.015257568359375 0.0145220947265625
0 0.88268310546875 0.1808868408203125 0.0215960693359375 0.020384521484375
