2 0.03837432861328125 0.9774371337890625 0.0320001220703125 0.0176287841796875
2 0.042938232421875 0.962625732421875 0.047874755859375 0.0292523193359375
2 0.1407611083984375 0.9908419799804687 0.033023681640625 0.01643310546875
2 0.1604876708984375 0.8236233520507813 0.026524658203125 0.01899658203125
2 0.07661224365234375 0.7530072021484375 0.0287762451171875 0.0189849853515625
2 0.08137359619140624 0.7414459228515625 0.043753662109375 0.0251422119140625
2 0.1760882568359375 0.7432415771484375 0.0368231201171875 0.0251153564453125
2 0.17956634521484374 0.7281082153320313 0.041617431640625 0.0209661865234375
2 0.12831268310546876 0.6658120727539063 0.0226318359375 0.0333746337890625
2 0.17850067138671874 0.6238751220703125 0.0202496337890625 0.030733642578125
2 0.14412567138671875 0.6098123168945313 0.021895751953125 0.033375244140625
2 0.21586029052734376 0.590703125 0.031781005859375 0.0251556396484375
2 0.2018133544921875 0.5532504272460937 0.023125 0.03
2 0.21512542724609374 0.51331298828125 0.026741943359375 0.0341253662109375
2 0.07887237548828124 0.5288919067382812 0.0244927978515625 0.03306884765625
2 0.05643096923828125 0.48494232177734375 0.03236083984375 0.0303656005859375
2 0.012675933837890625 0.4104373168945312 0.026375732421875 0.0222265625
2 0.04262542724609375 0.3741253662109375 0.0222552490234375 0.0275
2 0.0256683349609375 0.37654266357421873 0.026412353515625 0.030836181640625
2 0.25762481689453126 0.501500244140625 0.030152587890625 0.024749755859375
2 0.26503570556640627 0.32429779052734375 0.0230712890625 0.0299853515625
2 0.35437469482421874 0.30856231689453123 0.032750244140625 0.029451904296875
2 0.36187408447265623 0.2951361083984375 0.030748291015625 0.0269775390625
2 0.3172503662109375 0.23300048828125 0.0304998779296875 0.0358111572265625
2 0.38927490234375 0.252236328125 0.028548583984375 0.0247772216796875
2 0.38312530517578125 0.265625 0.0289398193359375 0.025250244140625
2 0.27537567138671876 0.23968780517578125 0.035787353515625 0.030625
2 0.269625244140625 0.253687744140625 0.03055419921875 0.025875244140625
2 0.449312744140625 0.0801251220703125 0.0301953125 0.03125
2 0.439906005859375 0.0715155029296875 0.0286865234375 0.03046875
2 0.43075042724609375 0.05668792724609375 0.027772216796875 0.02962493896484375
2 0.32208770751953125 0.08679946899414062 0.03067626953125 0.03109893798828125
2 0.30833770751953127 0.08088363647460937 0.0261749267578125 0.02573333740234375
2 0.6485003662109375 0.26262420654296875 0.0374237060546875 0.025999755859375
3 0.5967568969726562 0.2554071044921875 0.03475341796875 0.0370654296875
7 0.8797265625 0.3017694091796875 0.0422021484375 0.0549615478515625
7 0.46916290283203127 0.4826611328125 0.0605810546875 0.0687213134765625
7 0.37165374755859376 0.5627633666992188 0.0562567138671875 0.0680511474609375
7 0.31893829345703123 0.725562744140625 0.0350006103515625 0.0441253662109375
7 0.408125 0.7469998168945312 0.041341552734375 0.05949951171875
7 0.7035809326171875 0.82863037109375 0.0415869140625 0.0652606201171875
2 0.5817437744140626 0.7373388671875 0.021488037109375 0.03767822265625
2 0.5483126831054688 0.6898748779296875 0.0362176513671875 0.0275
2 0.5336880493164062 0.6359375 0.0313983154296875 0.0198748779296875
2 0.5675631713867187 0.615374755859375 0.0220306396484375 0.0322503662109375
2 0.604632568359375 0.5791217041015625 0.0332818603515625 0.0275079345703125
2 0.6711251831054688 0.7022177124023438 0.0335003662109375 0.0363153076171875
2 0.693062744140625 0.6358123779296875 0.0301251220703125 0.0259686279296875
2 0.6982464599609375 0.6227435302734375 0.029013671875 0.023262939453125
3 0.7417340087890625 0.6362249755859375 0.0478216552734375 0.036448974609375
2 0.8427505493164062 0.44775054931640623 0.0270367431640625 0.02875
2 0.83375 0.4347503662109375 0.031148681640625 0.03375
2 0.818812255859375 0.42643768310546876 0.0336358642578125 0.0363751220703125
2 0.9656869506835938 0.906187744140625 0.0229766845703125 0.0328753662109375
2 0.987515869140625 0.5682321166992188 0.0312823486328125 0.0325457763671875
2 0.962303466796875 0.5520266723632813 0.0323931884765625 0.0343988037109375
2 0.9519064331054687 0.5381497192382813 0.022310791015625 0.023951416015625
7 0.94524658203125 0.39157012939453123 0.0459918212890625 0.04535888671875
