7 0.2412451171875 0.01634021759033203 0.069490966796875 0.04337478637695313
7 0.392501220703125 0.05012603759765625 0.0415771484375 0.0417498779296875
2 0.3210009765625 0.11656219482421876 0.031575927734375 0.0291253662109375
2 0.313106689453125 0.12793785095214844 0.03503662109375 0.03287551879882813
2 0.3036212158203125 0.1390359115600586 0.036007080078125 0.03507156372070312
7 0.0672265625 0.3017694091796875 0.0422021484375 0.0549615478515625
2 0.03025054931640625 0.44775054931640623 0.0270367431640625 0.02875
2 0.02125 0.4347503662109375 0.031148681640625 0.03375
2 0.008938674926757812 0.42643768310546876 0.02313018798828125 0.0363751220703125
2 0.15318695068359375 0.906187744140625 0.0229766845703125 0.0328753662109375
2 0.22884124755859375 0.983685302734375 0.0378167724609375 0.018870849609375
2 0.26620361328125 0.8586846923828125 0.03059326171875 0.022880859375
2 0.3029364013671875 0.7707492065429687 0.037315673828125 0.03175048828125
2 0.32625 0.754375 0.031514892578125 0.0232501220703125
2 0.175015869140625 0.5682321166992188 0.0312823486328125 0.0325457763671875
2 0.149803466796875 0.5520266723632813 0.0323931884765625 0.0343988037109375
2 0.13940643310546874 0.5381497192382813 0.022310791015625 0.023951416015625
7 0.2581878662109375 0.50137451171875 0.057125244140625 0.0577197265625
7 0.19245391845703125 0.4274227905273438 0.056092529296875 0.055345458984375
7 0.13274658203125 0.39157012939453123 0.0459918212890625 0.04535888671875
2 0.4037493896484375 0.585250244140625 0.0298291015625 0.0322503662109375
2 0.5152020263671875 0.9911077880859375 0.0180126953125 0.0360345458984375
2 0.6538128662109375 0.5504373168945312 0.030880126953125 0.0276251220703125
7 0.953963623046875 0.5049722290039063 0.05942626953125 0.0720562744140625
2 0.9754998779296875 0.3542498779296875 0.02425048828125 0.0280999755859375
2 0.96407470703125 0.34368865966796874 0.02485107421875 0.0281268310546875
7 0.412313232421875 0.2011871337890625 0.070404052734375 0.0658746337890625
2 0.5276165771484375 0.02682861328125 0.032232666015625 0.0331561279296875
2 0.481875 0.021125640869140625 0.03147216796875 0.03024993896484375
