3 0.92078125 0.9918226623535156 0.026065673828125 0.011937255859375
2 0.9938909912109375 0.9478523254394531 0.008359375 0.0163323974609375
2 0.984246826171875 0.9472093200683593 0.006815185546875 0.0154156494140625
2 0.9468133544921875 0.9030003356933594 0.009381103515625 0.0175
2 0.9565643310546875 0.9037905883789062 0.009371337890625 0.02016845703125
2 0.9844415283203125 0.9047489929199218 0.008369140625 0.01575592041015625
2 0.9926251220703125 0.9028657531738281 0.006253662109375 0.01551910400390625
5 0.9594378662109375 0.8832496643066406 0.0219775390625 0.00875
5 0.985467529296875 0.8836854553222656 0.01593505859375 0.00812957763671875
5 0.9853741455078125 0.8741873168945312 0.0214990234375 0.00912506103515625
5 0.9847723388671875 0.8646893310546875 0.023294677734375 0.00837127685546875
5 0.985313720703125 0.8555001831054687 0.02145751953125 0.0075
5 0.9586688232421875 0.8650616455078125 0.01808837890625 0.00812591552734375
5 0.9604400634765625 0.8548518371582031 0.016119384765625 0.00779632568359375
5 0.9851251220703126 0.8392501831054687 0.01699951171875 0.00775787353515625
5 0.9078131103515625 0.867125244140625 0.01637451171875 0.00726593017578125
5 0.9066259765625 0.85875 0.015386962890625 0.00850006103515625
5 0.9068743896484375 0.8499998474121093 0.01699951171875 0.0070001220703125
5 0.9041357421875 0.841993408203125 0.010726318359375 0.00673736572265625
5 0.907125244140625 0.8335624694824219 0.016749267578125 0.0071319580078125
5 0.9041864013671875 0.8245625305175781 0.012125244140625 0.0073822021484375
5 0.906063232421875 0.8072500610351563 0.014375 0.0077532958984375
5 0.905841064453125 0.7911872863769531 0.0154296875 0.00687469482421875
5 0.9048114013671875 0.7821876525878906 0.014375 0.0076263427734375
5 0.981248779296875 0.7754997253417969 0.01550048828125 0.0075
5 0.981044921875 0.7641246032714843 0.020338134765625 0.007498779296875
5 0.9799383544921875 0.7521249389648438 0.019874267578125 0.00750091552734375
5 0.979437255859375 0.7293125915527344 0.0196240234375 0.0091259765625
5 0.9056878662109376 0.7591876220703125 0.0176513671875 0.009375
5 0.9053759765625 0.7500001525878907 0.017000732421875 0.007764892578125
5 0.90258544921875 0.7412509155273438 0.01182861328125 0.0075018310546875
5 0.90393798828125 0.7333126831054687 0.012874755859375 0.0071258544921875
5 0.905762939453125 0.7247512817382813 0.016474609375 0.0067523193359375
5 0.9051873779296875 0.7163749694824219 0.015875244140625 0.0075
5 0.90537353515625 0.7078730773925781 0.015997314453125 0.00799652099609375
5 0.9028753662109374 0.6996253967285156 0.013382568359375 0.0067498779296875
5 0.903685302734375 0.6911381530761719 0.014879150390625 0.00847381591796875
5 0.904228515625 0.6833091735839844 0.016708984375 0.00736846923828125
5 0.9060614013671875 0.5319793701171875 0.009119873046875 0.02195831298828125
5 0.9485284423828125 0.523248291015625 0.015943603515625 0.00875335693359375
5 0.9480621337890625 0.5135624694824219 0.0153759765625 0.0076251220703125
5 0.9473748779296876 0.5042498779296875 0.016500244140625 0.0082501220703125
5 0.9478131103515625 0.4850624084472656 0.00862548828125 0.01760284423828125
5 0.96837646484375 0.48481246948242185 0.017939453125 0.008125
5 0.96824951171875 0.49537506103515627 0.017344970703125 0.00675018310546875
5 0.9701568603515625 0.504251708984375 0.016314697265625 0.00800384521484375
5 0.9708709716796875 0.5138134765625 0.016739501953125 0.00787322998046875
5 0.9703753662109375 0.5231251525878906 0.017249755859375 0.009014892578125
5 0.97441650390625 0.6026838684082031 0.019227294921875 0.00862060546875
5 0.981925048828125 0.5564515686035156 0.021134033203125 0.0093182373046875
5 0.944661865234375 0.5826612854003906 0.008623046875 0.02030029296875
5 0.8141973876953125 0.9137307739257813 0.00870361328125 0.01188507080078125
5 0.820384521484375 0.8882624816894531 0.020523681640625 0.00763702392578125
5 0.7934014892578125 0.9055958557128906 0.007850341796875 0.0116015625
5 0.7894732666015625 0.8921902465820313 0.00806640625 0.0108233642578125
5 0.7798638916015626 0.8610920715332031 0.0181298828125 0.00720123291015625
5 0.780662841796875 0.8521621704101563 0.014224853515625 0.00846405029296875
5 0.780660400390625 0.8437956237792968 0.012933349609375 0.006988525390625
5 0.7802545166015625 0.8356687927246094 0.014962158203125 0.007484130859375
5 0.7821661376953125 0.8268313598632813 0.01263427734375 0.0073248291015625
5 0.7820843505859375 0.8190748596191406 0.0119482421875 0.0077349853515625
5 0.7815301513671875 0.8104301452636719 0.014034423828125 0.00764312744140625
5 0.7786285400390625 0.80286865234375 0.017900390625 0.007479248046875
5 0.7799365234375 0.7940286254882812 0.014013671875 0.00668792724609375
5 0.7800946044921875 0.7856686401367188 0.01292724609375 0.00716552734375
5 0.777786865234375 0.7546975708007813 0.018948974609375 0.006689453125
5 0.7768310546875 0.7455413818359375 0.016082763671875 0.00939483642578125
5 0.7807330322265625 0.7356687927246094 0.013177490234375 0.00812103271484375
5 0.7807391357421875 0.7271063232421875 0.012135009765625 0.00741180419921875
5 0.781363525390625 0.7190164184570312 0.0098828125 0.00862274169921875
5 0.77778564453125 0.7106683349609375 0.015240478515625 0.00716552734375
5 0.778582763671875 0.7027070617675781 0.01289794921875 0.00652862548828125
5 0.77953857421875 0.6940890502929687 0.011627197265625 0.00680877685546875
5 0.7765130615234375 0.6857464599609375 0.013533935546875 0.00700286865234375
5 0.77731201171875 0.6775764465332031 0.01226806640625 0.0077447509765625
5 0.7261944580078125 0.6699046325683594 0.021568603515625 0.00780242919921875
5 0.68957763671875 0.6634573364257812 0.0218017578125 0.00764678955078125
5 0.6315496826171875 0.6542158508300782 0.020660400390625 0.00796966552734375
5 0.597371826171875 0.647213134765625 0.010986328125 0.00923553466796875
5 0.5964959716796875 0.6560508728027343 0.0187890625 0.0081207275390625
5 0.62906005859375 0.6638534545898438 0.014630126953125 0.00652862548828125
5 0.59570068359375 0.6828822326660157 0.020382080078125 0.0092431640625
5 0.6286639404296875 0.6812101745605469 0.01573486328125 0.00652862548828125
5 0.690445556640625 0.6798567199707031 0.022293701171875 0.00732635498046875
5 0.7232489013671874 0.679617919921875 0.014796142578125 0.006846923828125
5 0.5966058349609376 0.6917976379394531 0.019644775390625 0.0076397705078125
5 0.6289813232421875 0.6906845092773437 0.014974365234375 0.0076434326171875
5 0.691082763671875 0.6894110107421875 0.019744873046875 0.0066961669921875
5 0.5968951416015625 0.7005572509765625 0.018948974609375 0.0073248291015625
5 0.5970001220703125 0.7093946838378906 0.019058837890625 0.00684814453125
5 0.6322198486328126 0.7089176940917968 0.0209130859375 0.00716644287109375
5 0.6906048583984375 0.6992851257324219 0.02197509765625 0.0076611328125
5 0.7266729736328125 0.6978507995605469 0.0196875 0.00636932373046875
5 0.725557861328125 0.7066084289550781 0.015445556640625 0.0076519775390625
5 0.7272808837890625 0.7155255126953125 0.019642333984375 0.00700714111328125
5 0.5974530029296875 0.7325633239746093 0.0200634765625 0.0076446533203125
5 0.63248291015625 0.7313081359863282 0.0194384765625 0.007606201171875
5 0.686944580078125 0.7308917236328125 0.02166748046875 0.00780242919921875
5 0.72688232421875 0.7300938415527344 0.01980224609375 0.00716888427734375
5 0.728343505859375 0.739251708984375 0.02197509765625 0.0070062255859375
5 0.6921185302734375 0.7397294616699219 0.01990478515625 0.00701873779296875
5 0.6344757080078125 0.7403665161132813 0.02149658203125 0.00732635498046875
5 0.592515869140625 0.7414013671875 0.021656494140625 0.006846923828125
5 0.5925958251953125 0.7507963562011719 0.022384033203125 0.00843963623046875
5 0.6347149658203125 0.749681396484375 0.020196533203125 0.00843963623046875
5 0.7282904052734375 0.7476153564453125 0.02208251953125 0.008128662109375
5 0.726966552734375 0.7564390563964843 0.0189013671875 0.0085784912109375
5 0.6870220947265625 0.7575616455078125 0.02245849609375 0.00796539306640625
5 0.63399658203125 0.7586782836914062 0.02117919921875 0.0070062255859375
5 0.599117431640625 0.759393310546875 0.015113525390625 0.00716278076171875
5 0.598472900390625 0.7687872314453125 0.017646484375 0.0074786376953125
5 0.633917236328125 0.767515869140625 0.02229248046875 0.007802734375
5 0.6887738037109375 0.7664013671875 0.019267578125 0.0078143310546875
5 0.7261151123046875 0.7752392578125 0.0168798828125 0.00891754150390625
5 0.733519287109375 0.78423583984375 0.021815185546875 0.00780975341796875
5 0.68789794921875 0.7838375854492188 0.02229248046875 0.0073248291015625
5 0.6333868408203125 0.7760374450683594 0.019852294921875 0.007001953125
5 0.599239501953125 0.7777879333496094 0.017586669921875 0.00796417236328125
5 0.59921630859375 0.7864653015136719 0.0171728515625 0.0084405517578125
5 0.5959393310546875 0.7960191345214844 0.01576416015625 0.00716552734375
5 0.634554443359375 0.794267578125 0.02229248046875 0.0090765380859375
5 0.73311279296875 0.7937069702148437 0.0229150390625 0.0073187255859375
5 0.73375732421875 0.8066877746582031 0.023248291015625 0.00812103271484375
5 0.6918511962890626 0.807720947265625 0.02255615234375 0.0076397705078125
5 0.6331768798828125 0.8083570861816406 0.02017578125 0.0073309326171875
5 0.6003106689453125 0.8093246459960938 0.01718017578125 0.00861724853515625
5 0.5984075927734375 0.8188694763183594 0.020494384765625 0.0073248291015625
5 0.633759765625 0.8175160217285157 0.01955810546875 0.00812103271484375
5 0.6885345458984375 0.8171177673339843 0.022293701171875 0.00732666015625
5 0.69203857421875 0.8254776000976562 0.0216552734375 0.00716552734375
5 0.7294586181640625 0.8249203491210938 0.021019287109375 0.00668792724609375
5 0.599840087890625 0.8360700988769532 0.015926513671875 0.00827392578125
5 0.6339959716796875 0.8351908874511719 0.01831298828125 0.006846923828125
5 0.73296142578125 0.8340765380859375 0.020064697265625 0.006212158203125
5 0.6921240234375 0.8348796081542968 0.0215087890625 0.00813507080078125
5 0.5990484619140625 0.8457432556152343 0.019434814453125 0.00820587158203125
5 0.6321588134765626 0.8448126220703125 0.01690185546875 0.008941650390625
5 0.5988055419921875 0.8536624145507813 0.019586181640625 0.00716552734375
5 0.7287420654296874 0.84283447265625 0.019267578125 0.007484130859375
5 0.7273944091796875 0.8593948364257813 0.02134765625 0.00876434326171875
5 0.728583984375 0.8686270141601562 0.021494140625 0.007476806640625
5 0.694586181640625 0.8700637817382812 0.0226123046875 0.0078179931640625
5 0.6349871826171875 0.8718080139160156 0.01965576171875 0.0078167724609375
5 0.633758544921875 0.8882167053222656 0.022039794921875 0.00716552734375
5 0.7003082275390625 0.8922799682617187 0.01112548828125 0.01561065673828125
5 0.72894775390625 0.8770693969726563 0.021588134765625 0.00652984619140625
5 0.729140625 0.8865449523925781 0.02102783203125 0.0076434326171875
5 0.6052532958984375 0.8899357604980469 0.01146240234375 0.00901153564453125
5 0.6051739501953125 0.8796174621582031 0.0106689453125 0.00812103271484375
5 0.6269903564453125 0.9054139709472656 0.007802734375 0.0116241455078125
5 0.5417718505859375 0.7685356140136719 0.010198974609375 0.00617340087890625
5 0.5425933837890625 0.7420449829101563 0.012105712890625 0.0068402099609375
5 0.54370361328125 0.7317955017089843 0.00749267578125 0.0114642333984375
5 0.5432440185546875 0.7095162963867188 0.007901611328125 0.01327545166015625
5 0.6008123779296874 0.6246876525878906 0.007874755859375 0.0126922607421875
5 0.589381103515625 0.6144029235839844 0.01251220703125 0.01344482421875
5 0.5805694580078125 0.4928138732910156 0.0107470703125 0.01487762451171875
5 0.3566314697265625 0.4068861389160156 0.04702880859375 0.0116094970703125
5 0.360926513671875 0.41777992248535156 0.046624755859375 0.01208648681640625
5 0.3855755615234375 0.4272425079345703 0.046072998046875 0.011291351318359375
3 0.389154052734375 0.43662521362304685 0.028050537109375 0.009700927734375
3 0.3897967529296875 0.44681114196777344 0.02927490234375 0.010988616943359375
3 0.3896441650390625 0.45674461364746094 0.029951171875 0.009862823486328125
3 0.3873272705078125 0.46829906463623044 0.02592529296875 0.010295181274414063
3 0.3941644287109375 0.4778150939941406 0.024119873046875 0.00811065673828125
3 0.336116943359375 0.4860847473144531 0.0236962890625 0.0106805419921875
3 0.3331134033203125 0.49642410278320315 0.018255615234375 0.007469482421875
3 0.33437744140625 0.5245277404785156 0.022403564453125 0.01042327880859375
3 0.338740234375 0.5391221618652344 0.02579833984375 0.0098602294921875
3 0.3946405029296875 0.504532470703125 0.023504638671875 0.00874664306640625
3 0.39551513671875 0.5134382629394532 0.02591064453125 0.0100189208984375
3 0.396151123046875 0.5233860778808593 0.025128173828125 0.0105126953125
3 0.3936480712890625 0.533072509765625 0.025845947265625 0.008575439453125
3 0.3951123046875 0.5523626708984375 0.022437744140625 0.00977874755859375
3 0.3112322998046875 0.6884634399414062 0.00826171875 0.018111572265625
3 0.313135986328125 0.7180343627929687 0.01017822265625 0.02544525146484375
3 0.3153570556640625 0.7693745422363282 0.00828125 0.02295562744140625
2 0.329556884765625 0.6979164123535156 0.01470703125 0.00715728759765625
2 0.329674072265625 0.7065835571289063 0.015584716796875 0.00572509765625
2 0.3324578857421875 0.7152511596679687 0.019879150390625 0.00811065673828125
2 0.33412841796875 0.8235527038574219 0.01494873046875 0.00756317138671875
3 0.331187744140625 0.906693115234375 0.0087451171875 0.02026458740234375
3 0.340966796875 0.9083969116210937 0.00890625 0.0206744384765625
2 0.329202880859375 0.9334494018554688 0.00889892578125 0.01638946533203125
2 0.3534490966796875 0.9372573852539062 0.007486572265625 0.01670684814453125
2 0.35759033203125 0.9728140258789062 0.00651123046875 0.01655609130859375
2 0.3674407958984375 0.9732987976074219 0.00682861328125 0.0140283203125
2 0.375794677734375 0.9737594604492188 0.0069970703125 0.0127227783203125
2 0.3846221923828125 0.9723284912109375 0.006202392578125 0.01457427978515625
2 0.401636962890625 0.9728846740722656 0.0081103515625 0.01574432373046875
2 0.37491943359375 0.935909423828125 0.00803955078125 0.01685760498046875
2 0.3928106689453125 0.9350347900390625 0.006678466796875 0.01383575439453125
2 0.401717529296875 0.93567138671875 0.006363525390625 0.0147906494140625
2 0.4102325439453125 0.9343307495117188 0.0062158203125 0.01651763916015625
2 0.4189727783203125 0.9345578002929688 0.0081103515625 0.0160626220703125
2 0.427318115234375 0.9344294738769531 0.006368408203125 0.0161236572265625
2 0.43513671875 0.9341020202636718 0.00663330078125 0.0150006103515625
2 0.4103045654296875 0.9743119812011719 0.00795166015625 0.0154376220703125
2 0.443702392578125 0.9734416198730469 0.00795166015625 0.0166778564453125
2 0.470181884765625 0.971453857421875 0.00906494140625 0.0202911376953125
2 0.48569091796875 0.9695771789550781 0.010487060546875 0.02057891845703125
2 0.4948309326171875 0.9687498474121093 0.00779296875 0.0199237060546875
2 0.5036572265625 0.9347171020507813 0.0066796875 0.0143902587890625
2 0.486083984375 0.9347962951660156 0.008428955078125 0.015267333984375
2 0.469783935546875 0.9332855224609375 0.007315673828125 0.0138360595703125
2 0.461513671875 0.9328085327148438 0.0069970703125 0.01288177490234375
2 0.45205078125 0.9331678771972656 0.00779541015625 0.01487335205078125
2 0.4437457275390625 0.9338481140136718 0.009139404296875 0.01623291015625
2 0.2690625 0.9296875 0.0078857421875 0.0163751220703125
2 0.260562744140625 0.966485595703125 0.00687744140625 0.01747039794921875
2 0.2523211669921875 0.968211669921875 0.008358154296875 0.0174237060546875
2 0.24411026000976563 0.9681793212890625 0.00927947998046875 0.01789642333984375
2 0.23593994140625 0.9695657348632812 0.00787109375 0.01611968994140625
2 0.227562255859375 0.9691250610351563 0.007874755859375 0.017249755859375
2 0.21887542724609374 0.9688749694824219 0.0075079345703125 0.01649993896484375
2 0.21049774169921875 0.9683145141601562 0.0077545166015625 0.01562103271484375
2 0.201875 0.9686872863769531 0.008499755859375 0.0173748779296875
2 0.19274993896484374 0.9689999389648437 0.0092633056640625 0.018499755859375
2 0.184124755859375 0.9698126220703125 0.0077593994140625 0.0173748779296875
2 0.15925048828125 0.9705625915527344 0.00700439453125 0.01612518310546875
2 0.15069976806640625 0.9709390258789062 0.0066497802734375 0.01412261962890625
2 0.1427734375 0.9706869506835938 0.0089544677734375 0.014381103515625
2 0.13369171142578126 0.9714761352539063 0.0083819580078125 0.017547607421875
2 0.125250244140625 0.9719375610351563 0.006754150390625 0.01637481689453125
2 0.2186248779296875 0.9214997863769532 0.00675048828125 0.0195001220703125
2 0.21024627685546876 0.921483154296875 0.0092413330078125 0.0204656982421875
3 0.20149993896484375 0.9247499084472657 0.0077618408203125 0.0245001220703125
2 0.235499267578125 0.9010623168945312 0.0085003662109375 0.016873779296875
2 0.2273724365234375 0.9013066101074219 0.008504638671875 0.01638641357421875
2 0.2180621337890625 0.9013124084472657 0.0088751220703125 0.01676422119140625
2 0.20956329345703126 0.9010002136230468 0.00887451171875 0.01713592529296875
2 0.2015618896484375 0.9016876220703125 0.0086248779296875 0.01885284423828125
2 0.1922503662109375 0.9026484680175781 0.007501220703125 0.01745269775390625
2 0.18365936279296874 0.90356689453125 0.0069305419921875 0.015635986328125
2 0.19322113037109376 0.9226881408691406 0.0081927490234375 0.02012603759765625
2 0.18465667724609375 0.92281494140625 0.0088134765625 0.02137969970703125
2 0.17443695068359374 0.9213749694824219 0.0088751220703125 0.02011688232421875
2 0.16031280517578125 0.9236248779296875 0.0081390380859375 0.01774993896484375
2 0.15130279541015626 0.9226971435546875 0.0096453857421875 0.0191058349609375
2 0.15112518310546874 0.9033375549316406 0.0075 0.01842498779296875
2 0.14206329345703125 0.9030000305175782 0.0091253662109375 0.01887451171875
2 0.14149993896484375 0.9221873474121094 0.008499755859375 0.018739013671875
2 0.13281036376953126 0.9035275268554688 0.00762939453125 0.01730438232421875
2 0.13356231689453124 0.9257501220703125 0.0089208984375 0.0167498779296875
2 0.12505401611328126 0.9046250915527344 0.007642822265625 0.01775054931640625
2 0.124366455078125 0.9249565124511718 0.009017333984375 0.0178369140625
2 0.11631134033203125 0.9035945129394531 0.0088775634765625 0.01718902587890625
2 0.11687164306640625 0.9234844970703125 0.007008056640625 0.01603179931640625
2 0.10734130859375 0.9044476318359375 0.0095672607421875 0.01640869140625
2 0.1083697509765625 0.9230644226074218 0.009517822265625 0.0176287841796875
2 0.0981988525390625 0.9054902648925781 0.008353271484375 0.01723114013671875
2 0.0993121337890625 0.9249067687988282 0.0096240234375 0.01856353759765625
2 0.09056182861328126 0.9244377136230468 0.008936767578125 0.019375
2 0.0897479248046875 0.9045388793945313 0.0092523193359375 0.01842254638671875
2 0.11666259765625 0.9714512634277344 0.0078759765625 0.0180096435546875
2 0.108192138671875 0.9703176879882812 0.0091119384765625 0.01867645263671875
2 0.0986505126953125 0.9711752319335938 0.0086676025390625 0.01959228515625
2 0.09004791259765625 0.971451416015625 0.0101385498046875 0.022059326171875
2 0.0566937255859375 0.9688346862792969 0.00827880859375 0.0210467529296875
2 0.0312835693359375 0.9689833068847656 0.007603759765625 0.02001068115234375
2 0.01494110107421875 0.9719183349609375 0.007470703125 0.01692626953125
2 0.00668548583984375 0.9719789123535156 0.009307861328125 0.0206903076171875
2 0.02994476318359375 0.924549560546875 0.0073486328125 0.0181640625
2 0.02181182861328125 0.925560302734375 0.007353515625 0.02067779541015625
3 0.01367401123046875 0.9253598022460937 0.00893798828125 0.02347900390625
2 0.0039990234375 0.9249188232421875 0.0066778564453125 0.01725982666015625
2 0.2591693115234375 0.8505787658691406 0.009161376953125 0.0195233154296875
2 0.2504852294921875 0.8511772155761719 0.00876220703125 0.01895660400390625
2 0.24256072998046874 0.8524751281738281 0.0098712158203125 0.02192626953125
2 0.2342462158203125 0.8531704711914062 0.0075115966796875 0.0165478515625
2 0.2260150146484375 0.85469970703125 0.0084814453125 0.0182147216796875
2 0.26209716796875 0.8243881225585937 0.00806396484375 0.01738037109375
2 0.2525030517578125 0.8248750305175782 0.008897705078125 0.01790191650390625
2 0.244295654296875 0.824801025390625 0.009185791015625 0.0185015869140625
2 0.23526123046875 0.8259176635742187 0.00806396484375 0.01738037109375
2 0.22719635009765626 0.8261958312988281 0.00807373046875 0.01710235595703125
2 0.21858428955078124 0.8245698547363282 0.0083282470703125 0.01729583740234375
2 0.21663818359375 0.85405517578125 0.0091595458984375 0.01894775390625
2 0.20868988037109376 0.8541004943847657 0.00737060546875 0.01829925537109375
2 0.20081298828125 0.8546249389648437 0.009375 0.01937255859375
2 0.19112548828125 0.8531999206542968 0.0090008544921875 0.01910003662109375
2 0.181937255859375 0.8538124084472656 0.0086334228515625 0.01787506103515625
2 0.16725494384765624 0.8548954772949219 0.008509521484375 0.01854095458984375
2 0.1583758544921875 0.8551248168945312 0.0095001220703125 0.01680145263671875
2 0.18750091552734374 0.8250907897949219 0.00949951171875 0.02093109130859375
2 0.1789410400390625 0.8254875183105469 0.0086175537109375 0.02077484130859375
2 0.1707501220703125 0.8251872253417969 0.0075 0.01762481689453125
2 0.140062255859375 0.8224372863769531 0.008375244140625 0.018375244140625
2 0.13212493896484376 0.8230624389648438 0.0082501220703125 0.018125
2 0.12262481689453125 0.8229997253417969 0.0082501220703125 0.0156329345703125
2 0.1065631103515625 0.8251876831054688 0.007874755859375 0.0167205810546875
2 0.09831298828125 0.8265625 0.0078753662109375 0.01672119140625
2 0.148997802734375 0.854716796875 0.00825439453125 0.0174334716796875
2 0.1410003662109375 0.8549375915527344 0.006500244140625 0.01548065185546875
2 0.133182373046875 0.8556271362304687 0.0088641357421875 0.01724609375
2 0.123875732421875 0.8560627746582031 0.0085003662109375 0.01626434326171875
2 0.1154974365234375 0.8558268737792969 0.006494140625 0.01634613037109375
2 0.10712738037109375 0.8555435180664063 0.0095062255859375 0.0168365478515625
2 0.09837554931640625 0.8565000915527343 0.009530029296875 0.01625
2 0.08940032958984374 0.8555677795410156 0.0092010498046875 0.01811492919921875
2 0.2609375 0.78 0.007125244140625 0.0170001220703125
2 0.2529388427734375 0.7799736022949219 0.006378173828125 0.01480377197265625
2 0.2448876953125 0.779873046875 0.00772705078125 0.0137542724609375
2 0.23575897216796876 0.782686767578125 0.0089813232421875 0.01712615966796875
2 0.226937255859375 0.7821249389648437 0.009124755859375 0.0175
2 0.21787567138671876 0.7820626831054688 0.0077783203125 0.01912506103515625
2 0.20506683349609375 0.7818374633789062 0.0081329345703125 0.01592529296875
2 0.19662506103515626 0.7811872863769531 0.0079998779296875 0.0161248779296875
2 0.1875 0.7823124694824218 0.007750244140625 0.0176251220703125
2 0.17937225341796875 0.7824885559082031 0.0077557373046875 0.01847747802734375
2 0.17037689208984375 0.7822476196289062 0.0082464599609375 0.01674530029296875
2 0.16218780517578124 0.7828372192382812 0.0068743896484375 0.01717437744140625
2 0.1490069580078125 0.7829409790039062 0.00751220703125 0.0153680419921875
2 0.1404376220703125 0.7852497863769531 0.008375244140625 0.01833160400390625
2 0.1233746337890625 0.7845623779296875 0.0065277099609375 0.01612518310546875
2 0.11568817138671875 0.7848123168945312 0.0086334228515625 0.016875
2 0.09743743896484375 0.7846249389648438 0.0073748779296875 0.015999755859375
3 0.0692498779296875 0.7780000305175782 0.0245001220703125 0.02304962158203125
3 0.071273193359375 0.7495968627929688 0.02120361328125 0.021055908203125
3 0.07010894775390625 0.7097833251953125 0.0292816162109375 0.02693359375
3 0.0725 0.694749755859375 0.0242498779296875 0.0232354736328125
3 0.06862548828125 0.6844378662109375 0.03 0.0287451171875
3 0.06693756103515625 0.6083750915527344 0.0196246337890625 0.01732757568359375
3 0.06723358154296875 0.59505859375 0.0175335693359375 0.0161322021484375
3 0.24030914306640624 0.7102485656738281 0.0233123779296875 0.01103240966796875
2 0.2312158203125 0.6305915832519531 0.0165423583984375 0.00831146240234375
3 0.2385125732421875 0.58282958984375 0.0335546875 0.0089178466796875
3 0.245186767578125 0.5454971313476562 0.03299560546875 0.0098272705078125
3 0.2508245849609375 0.5331730651855469 0.031573486328125 0.0100274658203125
5 0.00668212890625 0.3780442047119141 0.00843994140625 0.012660064697265626
5 0.0178607177734375 0.37758148193359375 0.00843994140625 0.012660064697265626
5 0.00735748291015625 0.393416748046875 0.00843994140625 0.012660064697265626
5 0.007476806640625 0.40823341369628907 0.00843994140625 0.012660064697265626
5 0.0183642578125 0.4079161834716797 0.00843994140625 0.012660064697265626
5 0.01804718017578125 0.3927561187744141 0.00843994140625 0.012660064697265626
5 0.029371337890625 0.40786376953125 0.00843994140625 0.012660064697265626
5 0.0293450927734375 0.39386787414550783 0.00843994140625 0.012660064697265626
5 0.0057830810546875 0.36259315490722654 0.00843994140625 0.012660064697265626
5 0.033125 0.45753753662109375 0.0095037841796875 0.013174591064453125
5 0.01224822998046875 0.4557293701171875 0.0067449951171875 0.009958648681640625
5 0.02481231689453125 0.46856250762939455 0.0066253662109375 0.009551010131835937
5 0.02393798828125 0.4580626678466797 0.0081475830078125 0.010124969482421874
5 0.03342926025390625 0.46865962982177733 0.0086083984375 0.010429763793945312
5 0.072344970703125 0.4136738586425781 0.0083135986328125 0.01277435302734375
5 0.07230224609375 0.44074623107910155 0.0089495849609375 0.012347259521484376
5 0.0541668701171875 0.31366668701171874 0.00933349609375 0.011999969482421874
5 0.16466705322265626 0.39409317016601564 0.011689453125 0.009830474853515625
5 0.179239501953125 0.3937811279296875 0.0124688720703125 0.0085723876953125
5 0.19327056884765625 0.39364013671875 0.010904541015625 0.009225311279296875
5 0.208309326171875 0.39367477416992186 0.012005615234375 0.008785552978515625
5 0.2256060791015625 0.39389595031738284 0.0113726806640625 0.007866058349609375
5 0.23963531494140625 0.39370323181152345 0.0110662841796875 0.008728179931640625
5 0.2555328369140625 0.39292404174804685 0.011689453125 0.009045257568359374
5 0.23262176513671876 0.35201080322265627 0.01262451171875 0.0110943603515625
5 0.2482861328125 0.35115341186523436 0.014027099609375 0.010658416748046875
5 0.2358160400390625 0.3378273010253906 0.011612548828125 0.0095074462890625
5 0.2506177520751953 0.3382887268066406 0.01161346435546875 0.0095074462890625
5 0.26207275390625 0.349510498046875 0.01262451171875 0.0110943603515625
5 0.2745355224609375 0.358856201171875 0.01262451171875 0.01109466552734375
5 0.275618896484375 0.3487189483642578 0.01262451171875 0.0110943603515625
5 0.2651959228515625 0.3380610656738281 0.01185302734375 0.00966339111328125
5 0.279771728515625 0.33765937805175783 0.010284423828125 0.008908843994140625
5 0.277275390625 0.2644171142578125 0.01091064453125 0.01137786865234375
5 0.24035545349121093 0.2964893341064453 0.00951629638671875 0.014533233642578126
5 0.22807403564453124 0.2972608184814453 0.008619384765625 0.012474212646484375
5 0.22691650390625 0.2830503845214844 0.0086163330078125 0.01302642822265625
5 0.2265936279296875 0.2681969451904297 0.0087451171875 0.012447662353515625
5 0.226466064453125 0.25450103759765624 0.0084991455078125 0.01260284423828125
5 0.18451507568359374 0.29596183776855467 0.0093133544921875 0.01327178955078125
5 0.17296905517578126 0.29747703552246096 0.009373779296875 0.013214569091796875
5 0.1625665283203125 0.29804771423339843 0.0095166015625 0.01396392822265625
5 0.1835577392578125 0.2815811920166016 0.008914794921875 0.012890167236328125
5 0.18367279052734375 0.26681320190429686 0.0095166015625 0.01396392822265625
5 0.1807586669921875 0.2534904479980469 0.01013916015625 0.01316864013671875
5 0.162061767578125 0.2384253692626953 0.0080303955078125 0.011060943603515625
5 0.16116912841796874 0.25360137939453126 0.007908935546875 0.011839141845703125
5 0.17311004638671876 0.26872016906738283 0.0100030517578125 0.01249237060546875
5 0.1733538818359375 0.2831790161132812 0.0097735595703125 0.012088470458984375
5 0.16139251708984376 0.26911468505859376 0.0092633056640625 0.0143096923828125
5 0.175845947265625 0.20472862243652343 0.0083349609375 0.01252166748046875
5 0.17578399658203125 0.19056434631347657 0.0083343505859375 0.0125213623046875
5 0.1753729248046875 0.1751812744140625 0.0083343505859375 0.0125213623046875
5 0.17548492431640625 0.16066879272460938 0.0083343505859375 0.0125213623046875
5 0.18412628173828124 0.1590392303466797 0.0083343505859375 0.0125213623046875
5 0.18458587646484376 0.17394866943359374 0.0083343505859375 0.0125213623046875
5 0.18609039306640626 0.18938056945800782 0.0083343505859375 0.0125213623046875
5 0.18602783203125 0.20411582946777343 0.0083343505859375 0.0125213623046875
5 0.199195556640625 0.20823158264160158 0.0083349609375 0.012521514892578125
5 0.19930755615234375 0.1928485107421875 0.0083349609375 0.012521514892578125
5 0.196458740234375 0.177813720703125 0.0083349609375 0.01252166748046875
5 0.19430694580078126 0.16243064880371094 0.0083349609375 0.012521514892578125
5 0.18340972900390626 0.13040328979492188 0.0085382080078125 0.014984588623046875
5 0.18305511474609376 0.1143865203857422 0.0088897705078125 0.01359161376953125
5 0.18166839599609375 0.099669189453125 0.008546142578125 0.014101715087890624
5 0.23880058288574219 0.12726608276367188 0.01311676025390625 0.01178680419921875
5 0.13161590576171875 0.10489212036132813 0.0131048583984375 0.01061981201171875
5 0.11629486083984375 0.107242431640625 0.0130780029296875 0.009749298095703124
5 0.1016009521484375 0.10907363891601562 0.0113494873046875 0.00853729248046875
5 0.08843353271484375 0.10949600219726563 0.0121734619140625 0.00868560791015625
3 0.16179229736328124 0.049350738525390625 0.017293701171875 0.01130645751953125
3 0.194638671875 0.036995010375976564 0.021588134765625 0.01491943359375
5 0.247757568359375 0.04386154174804688 0.015428466796875 0.012299652099609376
5 0.2608270263671875 0.03857986450195312 0.015296630859375 0.0127557373046875
5 0.27610595703125 0.03348747253417969 0.01431640625 0.01273834228515625
5 0.29046630859375 0.030402450561523436 0.013892822265625 0.0125
5 0.4191583251953125 0.29505813598632813 0.00692138671875 0.012181549072265626
5 0.4187347412109375 0.2825914001464844 0.00692138671875 0.01218170166015625
5 0.4556866455078125 0.29254989624023436 0.00692138671875 0.01218170166015625
5 0.41913330078125 0.2684552001953125 0.00692138671875 0.01218170166015625
5 0.4188482666015625 0.25446563720703125 0.00692138671875 0.01218170166015625
5 0.42017578125 0.24092254638671876 0.007022705078125 0.011967010498046875
5 0.42256103515625 0.22695343017578126 0.008424072265625 0.01246124267578125
5 0.5259039306640625 0.28358695983886717 0.00649658203125 0.008944854736328126
5 0.5307476806640625 0.3712374877929687 0.012015380859375 0.00974365234375
5 0.5306121826171875 0.3806591033935547 0.01218505859375 0.008871917724609374
5 0.3222119140625 0.12569358825683594 0.008463134765625 0.012000579833984375
5 0.35682373046875 0.13304527282714843 0.008050537109375 0.0115185546875
5 0.3213787841796875 0.11466415405273438 0.008463134765625 0.01038177490234375
5 0.32110107421875 0.10370414733886718 0.007630615234375 0.011098785400390625
5 0.319783935546875 0.09087127685546875 0.00693603515625 0.01123748779296875
5 0.320550537109375 0.07894355773925782 0.0073583984375 0.010953216552734376
5 0.3290069580078125 0.07999740600585938 0.00929931640625 0.01051055908203125
5 0.357930908203125 0.12083389282226563 0.00804931640625 0.011517791748046876
5 0.35792724609375 0.10973213195800781 0.008050537109375 0.0115185546875
5 0.358062744140625 0.09835319519042969 0.008050537109375 0.0115185546875
5 0.3580615234375 0.0872515869140625 0.00804931640625 0.011517791748046876
5 0.6973431396484375 0.008148574829101562 0.0085986328125 0.012769622802734375
5 0.7052691650390625 0.008646697998046874 0.0085986328125 0.012769317626953125
5 0.7150225830078125 0.008623046875 0.0085986328125 0.012769622802734375
5 0.725035400390625 0.009121017456054687 0.0085986328125 0.012769622802734375
5 0.735048828125 0.00883697509765625 0.0085986328125 0.0127691650390625
5 0.7451922607421875 0.008683013916015624 0.008599853515625 0.012770538330078124
5 0.7126873779296875 0.06124977111816406 0.0129248046875 0.015500946044921875
5 0.70956298828125 0.07587509155273438 0.011295166015625 0.013250885009765625
5 0.7081866455078125 0.09124992370605468 0.011695556640625 0.014250030517578125
5 0.7059991455078125 0.10743743896484376 0.0100146484375 0.014625091552734375
5 0.700687255859375 0.06868743896484375 0.012667236328125 0.015125579833984375
5 0.686568603515625 0.06696807861328125 0.010361328125 0.013563690185546875
5 0.6860675048828125 0.08159278869628907 0.010362548828125 0.013564300537109376
5 0.675318603515625 0.08109298706054688 0.010361328125 0.0135638427734375
5 0.6638177490234375 0.07996772766113282 0.010362548828125 0.013564300537109376
5 0.6540625 0.09493751525878906 0.00987548828125 0.0130682373046875
5 0.6641876220703125 0.0953125 0.009874267578125 0.0130682373046875
5 0.6738128662109375 0.09631263732910156 0.009874267578125 0.0130682373046875
5 0.6853131103515625 0.09656257629394531 0.00987548828125 0.0130682373046875
5 0.6545623779296875 0.10931236267089844 0.00987548828125 0.013067474365234375
5 0.66418701171875 0.11006263732910156 0.009874267578125 0.0130682373046875
5 0.673687744140625 0.11056259155273437 0.009874267578125 0.0130682373046875
5 0.6839373779296875 0.11106231689453125 0.00987548828125 0.013067474365234375
5 0.697125244140625 0.0834375 0.012447509765625 0.01412506103515625
5 0.696187744140625 0.09887519836425782 0.012421875 0.01500030517578125
5 0.6946875 0.11225654602050782 0.01012451171875 0.01123687744140625
5 0.6546209716796875 0.21417564392089844 0.012362060546875 0.008369598388671875
5 0.654068603515625 0.22513771057128906 0.011015625 0.007343902587890625
5 0.653343505859375 0.2369396209716797 0.011856689453125 0.00986297607421875
5 0.654505615234375 0.24660499572753905 0.014427490234375 0.0100030517578125
5 0.677330322265625 0.21377143859863282 0.010113525390625 0.008044586181640626
5 0.6767388916015625 0.2248358917236328 0.011983642578125 0.009477996826171875
5 0.6750653076171875 0.23618080139160155 0.0141455078125 0.00943145751953125
5 0.66990478515625 0.24739913940429686 0.013260498046875 0.010863037109375
5 0.698515625 0.2127448272705078 0.01177978515625 0.0079559326171875
5 0.69752197265625 0.22299560546875 0.011959228515625 0.008261871337890626
5 0.6599285888671875 0.25750579833984377 0.01062255859375 0.008738555908203126
2 0.7600341796875 0.242354736328125 0.006707763671875 0.01452606201171875
5 0.6250006103515625 0.31250007629394533 0.008895263671875 0.012027435302734375
5 0.62493408203125 0.32875709533691405 0.008895263671875 0.012027435302734375
5 0.625076904296875 0.34315162658691406 0.008173828125 0.010617218017578124
5 0.62540771484375 0.3575347137451172 0.008814697265625 0.011769256591796874
5 0.6350775146484375 0.358184814453125 0.0088134765625 0.011768798828125
5 0.634320068359375 0.34336769104003906 0.008172607421875 0.011197509765625
5 0.6337396240234375 0.3288286590576172 0.008590087890625 0.0126116943359375
5 0.6343951416015625 0.31330467224121095 0.008895263671875 0.012027435302734375
5 0.6420623779296875 0.3138116455078125 0.008896484375 0.012027740478515625
5 0.6508734130859375 0.3133161163330078 0.008895263671875 0.012027435302734375
5 0.64361083984375 0.3293458557128906 0.009168701171875 0.012986602783203125
5 0.6529949951171875 0.32899368286132813 0.009168701171875 0.012986602783203125
5 0.642257080078125 0.34345489501953125 0.009169921875 0.01298797607421875
5 0.65221435546875 0.34367568969726564 0.009168701171875 0.01298675537109375
5 0.64302978515625 0.3575462341308594 0.008814697265625 0.011769256591796874
5 0.6524139404296875 0.35790985107421874 0.008814697265625 0.011769256591796874
5 0.9868060302734375 0.41609199523925783 0.01110107421875 0.01875396728515625
5 0.896790771484375 0.24947822570800782 0.012689208984375 0.00965545654296875
5 0.91033935546875 0.25050117492675783 0.012689208984375 0.00965545654296875
5 0.9246710205078125 0.2515240478515625 0.01268798828125 0.009655609130859374
5 0.939913330078125 0.2519572448730469 0.012135009765625 0.008618316650390624
5 0.9559637451171875 0.2503913116455078 0.010689697265625 0.007567901611328125
5 0.96875 0.24562858581542968 0.0134521484375 0.012135009765625
5 0.8960858154296875 0.23443603515625 0.00843017578125 0.011378173828125
5 0.89608642578125 0.22243598937988282 0.00843017578125 0.011378173828125
5 0.9102117919921875 0.23656089782714843 0.00843017578125 0.011378173828125
5 0.9103369140625 0.2234357452392578 0.00843017578125 0.011378173828125
5 0.92421142578125 0.23631111145019532 0.00843017578125 0.011378173828125
5 0.92446044921875 0.22443588256835936 0.008428955078125 0.011378173828125
5 0.9527105712890624 0.2341858673095703 0.00843017578125 0.011378326416015626
5 0.9375860595703125 0.23581100463867188 0.008428955078125 0.011378173828125
5 0.93946044921875 0.2243109130859375 0.008428955078125 0.011378173828125
5 0.9437506103515625 0.21306259155273438 0.01246826171875 0.008874969482421875
5 0.9272515869140625 0.2130628204345703 0.01246826171875 0.008874969482421875
5 0.9426251220703125 0.2035626983642578 0.01246826171875 0.008874969482421875
5 0.927125244140625 0.20343772888183595 0.01246826171875 0.008874969482421875
5 0.92712646484375 0.19418777465820314 0.01246826171875 0.0088751220703125
5 0.90987548828125 0.17706268310546874 0.01246826171875 0.0088751220703125
5 0.91268798828125 0.21231254577636718 0.0100048828125 0.008375091552734375
5 0.89831298828125 0.21243751525878907 0.0100048828125 0.008375091552734375
5 0.89668701171875 0.20318756103515626 0.0100048828125 0.008375091552734375
5 0.8964385986328125 0.19431251525878906 0.0100048828125 0.008375091552734375
5 0.9115631103515625 0.1946875762939453 0.0100048828125 0.00837493896484375
5 0.911175537109375 0.2040643310546875 0.0101513671875 0.0076287841796875
5 0.94 0.1876874542236328 0.010960693359375 0.00787506103515625
5 0.939312744140625 0.17886650085449218 0.010625 0.00701690673828125
5 0.9261932373046875 0.185875244140625 0.010614013671875 0.007000274658203125
5 0.923939208984375 0.17799209594726562 0.010626220703125 0.0070159912109375
5 0.9109442138671875 0.18612518310546874 0.010614013671875 0.00700042724609375
5 0.8959429931640625 0.18612533569335937 0.010614013671875 0.00700042724609375
5 0.89543701171875 0.17886642456054688 0.010625 0.00701690673828125
5 0.8949981689453125 0.14378395080566406 0.011002197265625 0.009701995849609376
5 0.9101226806640625 0.14453392028808593 0.011002197265625 0.009701995849609376
5 0.9246240234375 0.14515853881835938 0.011002197265625 0.0097027587890625
5 0.93999755859375 0.14378379821777343 0.011002197265625 0.009701995849609376
5 0.9404986572265625 0.13428398132324218 0.011002197265625 0.009701995849609376
5 0.9256231689453125 0.1346587371826172 0.011002197265625 0.009701995849609376
5 0.9108740234375 0.13453346252441406 0.011002197265625 0.0097027587890625
5 0.89599853515625 0.13403358459472656 0.011002197265625 0.0097027587890625
5 0.89518798828125 0.12496620178222656 0.010372314453125 0.006817474365234375
5 0.9093157958984375 0.12457191467285156 0.010164794921875 0.00685638427734375
5 0.924312744140625 0.1246875 0.009375 0.00587493896484375
5 0.8953350830078125 0.1170050048828125 0.0106689453125 0.0074896240234375
5 0.9103741455078125 0.11731239318847657 0.01074951171875 0.00662506103515625
5 0.9246246337890625 0.10931236267089844 0.01074951171875 0.00662506103515625
5 0.9102496337890625 0.10906242370605469 0.01074951171875 0.00662506103515625
5 0.8955841064453125 0.10850517272949219 0.010667724609375 0.007489776611328125
5 0.9089581298828125 0.100255126953125 0.0106689453125 0.0074896240234375
5 0.925709228515625 0.09988014221191406 0.0106689453125 0.007489776611328125
5 0.9258343505859375 0.09038009643554687 0.0106689453125 0.0074896240234375
5 0.925438232421875 0.080926513671875 0.010125732421875 0.007353057861328125
5 0.9104376220703125 0.08167648315429688 0.010125732421875 0.007353057861328125
5 0.9106878662109374 0.09142646789550782 0.010125732421875 0.007353057861328125
5 0.8970635986328125 0.08142616271972657 0.010125732421875 0.007352142333984375
5 0.8949371337890625 0.09917671203613282 0.010125732421875 0.007353057861328125
5 0.89534912109375 0.09086708068847656 0.01230224609375 0.008734130859375
3 0.2799761962890625 0.009502353668212891 0.04705810546875 0.021159896850585936
