2 0.06187652587890625 0.8924748229980469 0.009752197265625 0.02355133056640625
2 0.07656280517578125 0.8919375610351562 0.0106280517578125 0.027874755859375
2 0.09962677001953125 0.8849746704101562 0.0097528076171875 0.02355133056640625
2 0.13925140380859374 0.8485633850097656 0.02375 0.0124066162109375
2 0.34943359375 0.8872425842285157 0.010384521484375 0.0262347412109375
2 0.4344390869140625 0.8446226501464844 0.0331298828125 0.01174468994140625
2 0.0917352294921875 0.6810728454589844 0.0207794189453125 0.01385406494140625
2 0.0924188232421875 0.6625575256347657 0.02583740234375 0.01263580322265625
2 0.20624847412109376 0.6718927001953126 0.0267535400390625 0.0117852783203125
2 0.17756591796875 0.6083599853515625 0.0093682861328125 0.02421966552734375
2 0.17631500244140624 0.5782402038574219 0.009620361328125 0.0240203857421875
7 0.38664794921875 0.596787109375 0.04335205078125 0.065478515625
2 0.09733062744140625 0.5465032958984375 0.0246600341796875 0.0122442626953125
2 0.21524856567382813 0.5443177795410157 0.02400726318359375 0.01213531494140625
2 0.13675048828125 0.4615003967285156 0.0095001220703125 0.02576690673828125
2 0.17549102783203124 0.45413177490234374 0.009520263671875 0.023736572265625
2 0.17490325927734374 0.4277470397949219 0.0095562744140625 0.02275604248046875
2 0.1008355712890625 0.4201860046386719 0.02692138671875 0.01362762451171875
2 0.17350067138671876 0.3307502746582031 0.01125 0.02839813232421875
2 0.489312744140625 0.4190625 0.0221240234375 0.0109735107421875
2 0.4829376220703125 0.30668731689453127 0.022125244140625 0.0109735107421875
2 0.2031256103515625 0.23181259155273437 0.023499755859375 0.0101397705078125
2 0.105250244140625 0.1929376220703125 0.020999755859375 0.0103814697265625
2 0.07934722900390626 0.19393783569335937 0.0233050537109375 0.0103741455078125
2 0.092247314453125 0.1445001220703125 0.0217431640625 0.0104998779296875
7 0.331968994140625 0.17587905883789062 0.047890625 0.064083251953125
2 0.18156219482421876 0.06224990844726563 0.009630126953125 0.025
2 0.199561767578125 0.038812255859375 0.02440185546875 0.01237518310546875
2 0.2286883544921875 0.041875 0.03308837890625 0.01725006103515625
7 0.328961181640625 0.092908935546875 0.034263916015625 0.06180938720703125
2 0.892685546875 0.023127288818359376 0.024122314453125 0.0109954833984375
2 0.8410626220703125 0.022252197265625 0.024122314453125 0.0109954833984375
2 0.84199951171875 0.00891845703125 0.021502685546875 0.010413818359375
2 0.605697021484375 0.11245529174804687 0.03014404296875 0.01508941650390625
2 0.622249755859375 0.1009375 0.02699951171875 0.014185791015625
2 0.9359375 0.070687255859375 0.009124755859375 0.02375
2 0.9369366455078125 0.10129531860351562 0.009373779296875 0.02534027099609375
2 0.938062744140625 0.16306243896484374 0.0109033203125 0.0278753662109375
2 0.862750244140625 0.2871875 0.02550048828125 0.01087493896484375
2 0.93668701171875 0.3163124084472656 0.011624755859375 0.0267169189453125
2 0.9370001220703125 0.3464997863769531 0.01199951171875 0.023253173828125
2 0.936624755859375 0.4144374084472656 0.010250244140625 0.02616363525390625
2 0.9375323486328125 0.5713734436035156 0.010908203125 0.02453765869140625
2 0.90469482421875 0.5420481872558593 0.020863037109375 0.01152099609375
2 0.8760675048828125 0.526173095703125 0.022362060546875 0.0108648681640625
2 0.9071942138671875 0.5139228820800781 0.022362060546875 0.0108648681640625
2 0.841444091796875 0.501297607421875 0.022362060546875 0.0108648681640625
2 0.5590625 0.2476251220703125 0.01221435546875 0.02925018310546875
2 0.5596881103515625 0.2925624084472656 0.01015380859375 0.02787506103515625
2 0.5221881103515625 0.35262542724609375 0.009375 0.02419097900390625
2 0.5799383544921874 0.6459713745117187 0.009627685546875 0.0243072509765625
7 0.7164117431640625 0.3028523254394531 0.0333642578125 0.06535919189453125
7 0.7214935302734375 0.18178192138671875 0.06294677734375 0.0668243408203125
2 0.933271484375 0.6812565612792969 0.0121923828125 0.024620361328125
2 0.9319189453125 0.7087034606933593 0.01154541015625 0.0254443359375
2 0.6900750732421875 0.7921072387695313 0.02492431640625 0.01331451416015625
2 0.8323712158203125 0.790025634765625 0.02356689453125 0.0098284912109375
2 0.8579217529296875 0.790318603515625 0.02308349609375 0.0098211669921875
2 0.8500250244140625 0.8398710632324219 0.03155517578125 0.01102325439453125
2 0.81469482421875 0.8418765258789063 0.025853271484375 0.0122088623046875
2 0.690045166015625 0.883973388671875 0.025501708984375 0.01134185791015625
2 0.682215576171875 0.9065629577636719 0.029271240234375 0.011839599609375
2 0.687716064453125 0.933228759765625 0.02144287109375 0.0108087158203125
2 0.688046875 0.94403564453125 0.02144287109375 0.0108087158203125
2 0.68840087890625 0.98591064453125 0.01927490234375 0.0111767578125
