2 0.092247314453125 0.9570001220703125 0.0217431640625 0.0104998779296875
7 0.331968994140625 0.9883790588378907 0.047890625 0.064083251953125
2 0.18156219482421876 0.8747499084472656 0.009630126953125 0.025
2 0.199561767578125 0.851312255859375 0.02440185546875 0.01237518310546875
2 0.2286883544921875 0.854375 0.03308837890625 0.01725006103515625
2 0.22199951171875 0.8088125610351562 0.02324951171875 0.01213134765625
2 0.22286865234375 0.794583740234375 0.025 0.0117498779296875
2 0.09499786376953125 0.7693524169921875 0.0237548828125 0.0138189697265625
7 0.328961181640625 0.905408935546875 0.034263916015625 0.06180938720703125
7 0.3918426513671875 0.8060452270507813 0.034775390625 0.056456298828125
7 0.342967529296875 0.754342041015625 0.029881591796875 0.06024139404296875
7 0.3488507080078125 0.6350614929199219 0.03596435546875 0.05850311279296875
2 0.15047210693359375 0.5756365966796875 0.0138043212890625 0.02727294921875
2 0.1119842529296875 0.5176849365234375 0.0312188720703125 0.02387969970703125
2 0.268961181640625 0.5280999755859375 0.024422607421875 0.01870025634765625
2 0.2421990966796875 0.49383010864257815 0.028145751953125 0.015589599609375
2 0.32870361328125 0.4710670471191406 0.02790771484375 0.020384521484375
2 0.3845428466796875 0.40710792541503904 0.019586181640625 0.027965545654296875
2 0.36829345703125 0.40573265075683596 0.019586181640625 0.027965545654296875
7 0.024902191162109375 0.34091064453125 0.0551580810546875 0.05889144897460938
7 0.14608001708984375 0.30108863830566407 0.071468505859375 0.06611373901367187
7 0.20428741455078125 0.34977241516113283 0.0631475830078125 0.04722030639648438
2 0.45331298828125 0.1946875762939453 0.025125732421875 0.0173822021484375
2 0.4605621337890625 0.21456260681152345 0.025125732421875 0.0173822021484375
2 0.012432937622070312 0.15618408203125 0.02630401611328125 0.0203607177734375
2 0.181141357421875 0.17261566162109376 0.0130316162109375 0.024769287109375
2 0.9860235595703125 0.35569755554199217 0.01280517578125 0.028128662109375
2 0.9227655029296875 0.2909747314453125 0.010703125 0.026411285400390627
2 0.9065191650390625 0.3417766571044922 0.015748291015625 0.029851226806640624
2 0.8905169677734375 0.3411304473876953 0.020269775390625 0.03171661376953125
2 0.8738677978515625 0.35132034301757814 0.026669921875 0.03114227294921875
2 0.5631787109375 0.4066582489013672 0.01364013671875 0.023566131591796876
2 0.6266876220703125 0.40049980163574217 0.023375244140625 0.016066436767578126
2 0.93509521484375 0.5429048156738281 0.009349365234375 0.0227191162109375
2 0.935667724609375 0.56806884765625 0.009349365234375 0.0227191162109375
3 0.9018011474609375 0.5323756408691406 0.0313671875 0.00931671142578125
2 0.8735400390625 0.5884317016601562 0.022554931640625 0.01086944580078125
2 0.852569580078125 0.5996040344238281 0.02430908203125 0.00995330810546875
2 0.55636962890625 0.5464779663085938 0.010172119140625 0.0232769775390625
2 0.6341455078125 0.536268310546875 0.025208740234375 0.01153656005859375
2 0.5908251953125 0.6192555236816406 0.011900634765625 0.0242608642578125
2 0.935562744140625 0.7718124389648438 0.0116259765625 0.02680023193359375
2 0.892685546875 0.8356272888183593 0.024122314453125 0.0109954833984375
2 0.8410626220703125 0.834752197265625 0.024122314453125 0.0109954833984375
2 0.84199951171875 0.82141845703125 0.021502685546875 0.010413818359375
2 0.605697021484375 0.9249552917480469 0.03014404296875 0.01508941650390625
2 0.622249755859375 0.9134375 0.02699951171875 0.014185791015625
2 0.9359375 0.883187255859375 0.009124755859375 0.02375
2 0.9369366455078125 0.9137953186035156 0.009373779296875 0.02534027099609375
2 0.938062744140625 0.9755624389648437 0.0109033203125 0.0278753662109375
