0 0.09344482421875 0.11549240112304687 0.0239691162109375 0.025643310546875
0 0.1188311767578125 0.11406845092773438 0.0188671875 0.0245098876953125
0 0.142777099609375 0.1128753662109375 0.0207012939453125 0.0212664794921875
0 0.0606976318359375 0.2230157470703125 0.018905029296875 0.0230267333984375
0 0.09430908203125 0.22137954711914062 0.01978759765625 0.02416717529296875
0 0.1207330322265625 0.221383056640625 0.02100830078125 0.023026123046875
0 0.17480224609375 0.22062835693359376 0.0230621337890625 0.0267962646484375
0 0.12214630126953124 0.2952384948730469 0.0270947265625 0.0218890380859375
0 0.16423309326171875 0.4449960327148437 0.0365802001953125 0.04073638916015625
0 0.3980816650390625 0.072841796875 0.021282958984375 0.024580078125
0 0.603717041015625 0.060401611328125 0.020084228515625 0.0224822998046875
0 0.34722930908203126 0.1828581237792969 0.016497802734375 0.02281463623046875
0 0.41504608154296874 0.18236770629882812 0.01436767578125 0.0158282470703125
0 0.4738424682617188 0.17971893310546874 0.0284844970703125 0.03259552001953125
0 0.520565185546875 0.17954132080078125 0.0278619384765625 0.0302020263671875
0 0.5660012817382812 0.17773086547851563 0.0311761474609375 0.03263153076171875
0 0.610557861328125 0.1789678955078125 0.031419677734375 0.03458953857421875
0 0.6564651489257812 0.17506790161132812 0.0290679931640625 0.03526336669921875
0 0.3613827514648438 0.2357421875 0.02188232421875 0.02099639892578125
0 0.3875897216796875 0.2362109375 0.01948486328125 0.0191845703125
0 0.46253021240234377 0.237559814453125 0.0200836181640625 0.02248199462890625
0 0.4983648681640625 0.2399424743652344 0.04170166015625 0.04633697509765625
0 0.5886029052734375 0.23983306884765626 0.0446734619140625 0.04553955078125
0 0.0267340087890625 0.985870361328125 0.0210650634765625 0.0169000244140625
0 0.07018310546875 0.9858868408203125 0.0215960693359375 0.020384521484375
