2 0.1609375 0.514749755859375 0.0234857177734375 0.0179998779296875
2 0.22293792724609374 0.60956298828125 0.024608154296875 0.013375244140625
2 0.14682647705078125 0.604501953125 0.023653564453125 0.0152447509765625
2 0.12145904541015624 0.6758334350585937 0.02494384765625 0.016666259765625
2 0.148836669921875 0.7699188232421875 0.0274237060546875 0.01833740234375
2 0.09237548828125 0.8220001220703125 0.025396728515625 0.017750244140625
2 0.15357177734375 0.826173095703125 0.028819580078125 0.019403076171875
2 0.23801483154296876 0.82353271484375 0.028031005859375 0.018934326171875
2 0.33713470458984374 0.8970431518554688 0.0266650390625 0.0184136962890625
2 0.6059381103515625 0.9912503051757813 0.0287261962890625 0.0170001220703125
2 0.7047506713867188 0.8592495727539062 0.0242041015625 0.02074951171875
2 0.7634378051757813 0.823812255859375 0.024530029296875 0.013125
2 0.7585003662109375 0.7726251220703125 0.021207275390625 0.023499755859375
2 0.7453750610351563 0.7693756103515625 0.021207275390625 0.023499755859375
2 0.7684854125976562 0.6846713256835938 0.0234710693359375 0.0190924072265625
2 0.44977783203125 0.48100616455078127 0.0109442138671875 0.02248779296875
2 0.7091900634765625 0.47847015380859376 0.011246337890625 0.030848388671875
2 0.9046578979492188 0.5010382080078125 0.0268023681640625 0.012705078125
2 0.957255859375 0.482391357421875 0.012867431640625 0.0246136474609375
2 0.9426419067382813 0.48152313232421873 0.0089971923828125 0.021595458984375
7 0.843590087890625 0.4671392822265625 0.034190673828125 0.0305535888671875
