2 0.2273085594177246 0.3579103088378906 0.022647056579589844 0.026875762939453124
2 0.18697820663452147 0.40859764099121093 0.025181884765625 0.025667724609375
2 0.2124416160583496 0.4317653656005859 0.02518180847167969 0.025667724609375
2 0.2804673385620117 0.41068443298339846 0.027545928955078125 0.026073760986328125
2 0.35354034423828123 0.46144699096679687 0.026354598999023437 0.020970458984375
2 0.3747449493408203 0.5406002807617187 0.03345367431640625 0.0237872314453125
2 0.0728212547302246 0.46647588729858397 0.017525424957275392 0.027258224487304687
2 0.10250374794006348 0.4570048522949219 0.016048431396484375 0.02565093994140625
2 0.1412895679473877 0.4805717468261719 0.02530916213989258 0.016910400390625
2 0.1734478783607483 0.5573536682128907 0.028189001083374025 0.01833343505859375
2 0.05238278865814209 0.5444720458984375 0.01729723930358887 0.02683197021484375
2 0.08681338310241699 0.5614224243164062 0.022938346862792967 0.01739105224609375
2 0.09266000628471374 0.5772679138183594 0.027466206550598143 0.02007904052734375
2 0.10037561416625977 0.5903178405761719 0.030089626312255858 0.02032958984375
2 0.11822265625 0.6208638000488281 0.02668560028076172 0.01939910888671875
2 0.12231962203979492 0.6349468994140625 0.02204376220703125 0.01703094482421875
2 0.15443782806396483 0.68113525390625 0.026697311401367187 0.02071990966796875
2 0.16316633224487304 0.6934320068359375 0.031163787841796874 0.0222283935546875
2 0.2310820198059082 0.6804278564453125 0.02758136749267578 0.01911712646484375
2 0.012896657064557076 0.5601976013183594 0.019297952353954314 0.02943389892578125
