7 0.2399591064453125 0.8900433349609375 0.064937744140625 0.0448638916015625
7 0.33118927001953125 0.84709716796875 0.0561383056640625 0.065020751953125
7 0.33553131103515627 0.580960693359375 0.0566943359375 0.0708477783203125
2 0.011195907592773438 0.820411376953125 0.02499969482421875 0.0294268798828125
2 0.06231231689453125 0.6959881591796875 0.026124267578125 0.0332745361328125
2 0.0646881103515625 0.6505517578125 0.0283746337890625 0.020146484375
2 0.076778564453125 0.5395748901367188 0.0276922607421875 0.0178485107421875
2 0.07725006103515625 0.509749755859375 0.032750244140625 0.0215484619140625
2 0.18463287353515626 0.53037353515625 0.0250146484375 0.0160028076171875
2 0.1801873779296875 0.469937744140625 0.0378753662109375 0.0184149169921875
2 0.18428741455078124 0.322679443359375 0.0288250732421875 0.0168914794921875
2 0.1828692626953125 0.33786468505859374 0.02751220703125 0.015771484375
2 0.19256256103515626 0.1317498779296875 0.0263751220703125 0.01425048828125
2 0.19156097412109374 0.11592422485351563 0.0336199951171875 0.01890960693359375
2 0.19344512939453126 0.09294631958007812 0.0281103515625 0.01664215087890625
2 0.08860137939453125 0.10124053955078124 0.0297991943359375 0.02151885986328125
2 0.08691986083984375 0.028797760009765624 0.030660400390625 0.01840484619140625
2 0.523062744140625 0.04787490844726563 0.0178753662109375 0.03025054931640625
2 0.5501876831054687 0.07487518310546876 0.02862548828125 0.0162579345703125
2 0.5499948120117187 0.0912750244140625 0.0300103759765625 0.01746490478515625
2 0.4854037475585937 0.11542556762695312 0.0170556640625 0.03010101318359375
2 0.45127105712890625 0.0676220703125 0.0332073974609375 0.017994384765625
2 0.44579559326171875 0.11485187530517578 0.0314093017578125 0.020547637939453123
2 0.4550054931640625 0.13242523193359376 0.0302392578125 0.0181732177734375
2 0.4504132080078125 0.14723480224609375 0.026923828125 0.0154693603515625
2 0.4838128662109375 0.1666253662109375 0.0153753662109375 0.0301104736328125
2 0.5211553955078125 0.14763336181640624 0.0154620361328125 0.032266845703125
2 0.5513125610351562 0.24660247802734375 0.0296258544921875 0.0164703369140625
2 0.5162503051757813 0.2865625 0.01875 0.03584228515625
2 0.5516876220703125 0.3232501220703125 0.02487548828125 0.01375
2 0.5138751220703125 0.37068756103515627 0.0197625732421875 0.0398760986328125
2 0.44699462890625 0.2677435302734375 0.0282611083984375 0.0170135498046875
2 0.566937255859375 0.4143121337890625 0.0323748779296875 0.015875244140625
2 0.628465576171875 0.41462432861328125 0.0289306640625 0.013001708984375
2 0.44492919921875 0.5645803833007812 0.0258905029296875 0.0173394775390625
2 0.544500732421875 0.6099380493164063 0.03449951171875 0.0194342041015625
2 0.47387939453125 0.6355630493164063 0.015008544921875 0.02840087890625
2 0.44043731689453125 0.7478753662109375 0.03297119140625 0.01875
2 0.537374267578125 0.9574151611328126 0.02824951171875 0.015830078125
2 0.8508743286132813 0.9774371337890625 0.0320001220703125 0.0176287841796875
2 0.855438232421875 0.962625732421875 0.047874755859375 0.0292523193359375
2 0.9532611083984375 0.9908419799804687 0.033023681640625 0.01643310546875
2 0.9729876708984375 0.8236233520507813 0.026524658203125 0.01899658203125
2 0.8891122436523438 0.7530072021484375 0.0287762451171875 0.0189849853515625
2 0.8938735961914063 0.7414459228515625 0.043753662109375 0.0251422119140625
2 0.9885882568359375 0.7432415771484375 0.0368231201171875 0.0251153564453125
2 0.9408126831054687 0.6658120727539063 0.0226318359375 0.0333746337890625
2 0.9910006713867188 0.6238751220703125 0.0202496337890625 0.030733642578125
2 0.9566256713867187 0.6098123168945313 0.021895751953125 0.033375244140625
2 0.8913723754882813 0.5288919067382812 0.0244927978515625 0.03306884765625
2 0.8689309692382813 0.48494232177734375 0.03236083984375 0.0303656005859375
7 0.7167034912109375 0.5764187622070313 0.03364013671875 0.0575872802734375
4 0.7151995849609375 0.4980084228515625 0.0361920166015625 0.0365380859375
2 0.7380599975585938 0.5122134399414062 0.02742919921875 0.0332989501953125
2 0.8203060913085938 0.4104373168945312 0.0371392822265625 0.0222265625
2 0.8551254272460938 0.3741253662109375 0.0222552490234375 0.0275
2 0.8381683349609375 0.37654266357421873 0.026412353515625 0.030836181640625
7 0.751300048828125 0.2605047607421875 0.0478497314453125 0.0599908447265625
