0 0.6721173095703125 0.9544932556152343 0.0272564697265625 0.0365850830078125
3 0.7463972473144531 0.9867439270019531 0.02287506103515625 0.010252685546875
0 0.6630422973632812 0.8349856567382813 0.02716064453125 0.0347393798828125
0 0.6520547485351562 0.7762696838378906 0.02647705078125 0.03699981689453125
0 0.6459477233886719 0.7160610961914062 0.02707855224609375 0.03660736083984375
0 0.6344595336914063 0.5967546081542969 0.02632568359375 0.0392547607421875
0 0.6286175537109375 0.5376593017578125 0.02632568359375 0.0392547607421875
0 0.6229891967773438 0.4785423278808594 0.026270751953125 0.0377203369140625
0 0.6113824462890625 0.3609833526611328 0.02629730224609375 0.0384674072265625
0 0.9888973999023437 0.5716476440429688 0.032603759765625 0.02474700927734375
0 0.7837112426757813 0.21703994750976563 0.0386187744140625 0.031009521484375
0 0.8443753051757813 0.21655960083007814 0.0392022705078125 0.0310296630859375
0 0.9035581970214843 0.21426368713378907 0.03920196533203125 0.0310296630859375
0 0.7442729187011718 0.33604278564453127 0.0329437255859375 0.02536895751953125
0 0.7680430603027344 0.3145550537109375 0.036856689453125 0.025775909423828125
0 0.8568580627441407 0.31034385681152343 0.03479400634765625 0.023744659423828127
0 0.7680928039550782 0.4256699371337891 0.03669647216796875 0.0304974365234375
0 0.811781005859375 0.42794807434082033 0.03769989013671875 0.02622894287109375
0 0.8584712219238281 0.4241358947753906 0.03216949462890625 0.024130706787109376
0 0.9031541442871094 0.42479446411132815 0.0361474609375 0.02352264404296875
0 0.924443359375 0.4487474060058594 0.0251995849609375 0.021661834716796877
0 0.9921067810058594 0.42250450134277345 0.03358306884765625 0.025256500244140626
