2 0.5439048004150391 0.4622688293457031 0.016690216064453124 0.02771331787109375
2 0.3149998474121094 0.4495623779296875 0.0255328369140625 0.0263751220703125
2 0.15375617980957032 0.3415681457519531 0.02450439453125 0.02602874755859375
2 0.14460650205612183 0.48733184814453123 0.03176791191101074 0.033565673828125
2 0.15264720916748048 0.5432598876953125 0.023554458618164062 0.0238238525390625
2 0.25306249618530274 0.666875 0.023754234313964843 0.0225
2 0.48618770599365235 0.6360511779785156 0.02535926818847656 0.02556976318359375
2 0.055363583564758304 0.79657470703125 0.023044910430908203 0.0147235107421875
2 0.23665607452392579 0.8028530883789062 0.023192062377929687 0.02247314453125
2 0.285982608795166 0.8328578186035156 0.022124824523925782 0.0241888427734375
2 0.29595270156860354 0.8264517211914062 0.022124824523925782 0.0241888427734375
3 0.3716300964355469 0.8524673461914063 0.03692955017089844 0.032894287109375
2 0.44012500762939455 0.8791874694824219 0.024344024658203126 0.02337493896484375
2 0.46617733001708983 0.9826962280273438 0.02709625244140625 0.018323974609375
2 0.4699089813232422 0.9697314453125 0.027085113525390624 0.0182177734375
2 0.7584461212158203 0.9378891372680664 0.024642486572265625 0.0254718017578125
2 0.8461875152587891 0.8082501220703125 0.011654205322265625 0.0242498779296875
