6 0.015131607055664062 0.3551972961425781 0.020394744873046874 0.02236846923828125
6 0.04605262756347656 0.3551972961425781 0.020394744873046874 0.02236846923828125
6 0.04605262756347656 0.3551972961425781 0.020394744873046874 0.02236846923828125
6 0.01578948974609375 0.3841447448730469 0.020394744873046874 0.02236846923828125
6 0.04703948974609375 0.3848027038574219 0.020394744873046874 0.02236846923828125
6 0.04736839294433594 0.4150657653808594 0.020394744873046874 0.02236846923828125
6 0.016447372436523437 0.4150657653808594 0.020394744873046874 0.02236846923828125
6 0.017105255126953125 0.445 0.020394744873046874 0.0223681640625
6 0.04736839294433594 0.44598678588867186 0.020394744873046874 0.02236846923828125
6 0.09177631378173828 0.41407882690429687 0.020394668579101563 0.02236846923828125
6 0.09078948974609374 0.35322372436523436 0.020394744873046874 0.02236846923828125
6 0.09078948974609374 0.35322372436523436 0.020394744873046874 0.02236846923828125
6 0.09144737243652344 0.3848027038574219 0.020394744873046874 0.02236846923828125
6 0.12269737243652344 0.41407882690429687 0.020394744873046874 0.02236846923828125
6 0.12236839294433594 0.38348678588867186 0.020394744873046874 0.02236846923828125
6 0.12203948974609374 0.3538816833496094 0.020394744873046874 0.02236846923828125
