7 0.34043701171875 0.9464994812011719 0.068125 0.06380859375
7 0.38622344970703126 0.5626559448242188 0.07230224609375 0.047562255859375
7 0.218173828125 0.5760118103027344 0.069066162109375 0.0352203369140625
2 0.41737579345703124 0.41343772888183594 0.029749755859375 0.018138885498046875
2 0.3818881225585937 0.3350901794433594 0.0144757080078125 0.029570159912109376
2 0.32388275146484374 0.35168975830078125 0.0142645263671875 0.027379150390625
2 0.25849761962890627 0.4042350769042969 0.0275054931640625 0.019320068359375
2 0.18099029541015624 0.38877876281738283 0.0312298583984375 0.026942901611328125
2 0.15829071044921875 0.2468017578125 0.0160821533203125 0.0283978271484375
7 0.42350006103515625 0.21012496948242188 0.065 0.03524993896484375
7 0.1966461181640625 0.1219158935546875 0.037708740234375 0.03969772338867188
2 0.7116876220703126 0.2169374084472656 0.014124755859375 0.02880767822265625
7 0.9516506958007812 0.9232615661621094 0.0674505615234375 0.06422760009765625
2 0.898389892578125 0.13037979125976562 0.0130303955078125 0.0267596435546875
