5 0.9741934204101562 0.5073844909667968 0.0217718505859375 0.0109857177734375
0 0.17639739990234374 0.5716476440429688 0.032603759765625 0.02474700927734375
0 0.22228225708007812 0.5726458740234375 0.03847442626953125 0.03104034423828125
0 0.2655986022949219 0.5714430236816406 0.0282861328125 0.02246246337890625
0 0.24366531372070313 0.5439071655273438 0.02425628662109375 0.0205908203125
0 0.35682632446289064 0.5670391845703125 0.035626220703125 0.02745391845703125
0 0.33385772705078126 0.5432620239257813 0.03140411376953125 0.02418975830078125
0 0.37892105102539064 0.5415043640136719 0.03542266845703125 0.025623779296875
0 0.6214337158203125 0.7414886474609375 0.02161346435546875 0.02620758056640625
5 0.7568293762207031 0.9641682434082032 0.00881866455078125 0.0137579345703125
5 0.7467877197265625 0.9600379943847657 0.00882537841796875 0.01192108154296875
5 0.7460678100585938 0.9737158203125 0.0086846923828125 0.01181671142578125
5 0.7568789672851562 0.9771052551269531 0.00882537841796875 0.01192108154296875
5 0.7462840270996094 0.9894476318359375 0.00970977783203125 0.01220947265625
5 0.7573861694335937 0.9911561584472657 0.00907745361328125 0.01214263916015625
5 0.6723321533203125 0.9886050415039063 0.008741455078125 0.01181549072265625
5 0.6716824340820312 0.9725796508789063 0.008741455078125 0.01181610107421875
5 0.6708912658691406 0.9568394470214844 0.008741455078125 0.01181549072265625
5 0.6806346130371094 0.9559053039550781 0.008741455078125 0.01181610107421875
5 0.6910903930664063 0.9559683227539062 0.008741455078125 0.01181549072265625
5 0.7012615966796875 0.9563154602050781 0.008741455078125 0.01181549072265625
5 0.6815348815917969 0.971326904296875 0.008741455078125 0.01181549072265625
5 0.6907089233398438 0.9712471008300781 0.008741455078125 0.01181610107421875
5 0.6819447326660156 0.9878245544433594 0.008741455078125 0.01181549072265625
0 0.03187530517578125 0.21655960083007814 0.0392022705078125 0.0310296630859375
0 0.09105819702148438 0.21426368713378907 0.03920196533203125 0.0310296630859375
0 0.04435806274414063 0.31034385681152343 0.03479400634765625 0.023744659423828127
0 0.045971221923828125 0.4241358947753906 0.03216949462890625 0.024130706787109376
0 0.09065414428710937 0.42479446411132815 0.0361474609375 0.02352264404296875
0 0.111943359375 0.4487474060058594 0.0251995849609375 0.021661834716796877
0 0.17960678100585936 0.42250450134277345 0.03358306884765625 0.025256500244140626
0 0.200306396484375 0.3311931610107422 0.0286431884765625 0.0237286376953125
0 0.24647048950195313 0.33174034118652346 0.03579498291015625 0.02865081787109375
0 0.31272537231445313 0.3037726593017578 0.0306658935546875 0.02170684814453125
0 0.4246354675292969 0.32414306640625 0.03420379638671875 0.02700927734375
0 0.4012310791015625 0.3017681884765625 0.03002838134765625 0.02352294921875
0 0.5588412475585938 0.321580810546875 0.034693603515625 0.026573028564453125
0 0.603404541015625 0.32451873779296875 0.03205657958984375 0.022717437744140624
0 0.6496818542480469 0.32506011962890624 0.02729888916015625 0.01882476806640625
0 0.6952891540527344 0.3207753753662109 0.03385101318359375 0.027336578369140625
0 0.6723124694824218 0.29787254333496094 0.03225311279296875 0.0211248779296875
0 0.7379312133789062 0.32022911071777344 0.0360107421875 0.02482879638671875
0 0.7832243347167969 0.31967979431152344 0.02911407470703125 0.023203887939453126
0 0.8052297973632813 0.29352775573730466 0.03004180908203125 0.024947509765625
0 0.8088575744628906 0.4070389556884766 0.0311761474609375 0.021314849853515627
0 0.8301274108886719 0.4290980529785156 0.03410675048828125 0.02653839111328125
0 0.7859759521484375 0.4328703308105469 0.0354083251953125 0.0256793212890625
0 0.6509675598144531 0.4357729339599609 0.03321258544921875 0.024763946533203126
0 0.58005126953125 0.4126890563964844 0.02820831298828125 0.024597930908203124
0 0.5084051513671874 0.20693794250488282 0.03227020263671875 0.028269195556640626
0 0.27033538818359376 0.2101616668701172 0.03977813720703125 0.031529388427734374
3 0.9704296875 0.4742262268066406 0.0181689453125 0.0080316162109375
