0 0.9603317260742188 0.4899310302734375 0.017720947265625 0.03442596435546875
0 0.958468017578125 0.5310919189453125 0.03369384765625 0.04484466552734375
0 0.904559326171875 0.5250839233398438 0.0478192138671875 0.034820556640625
0 0.7903082275390625 0.5121781921386719 0.0237481689453125 0.02853057861328125
0 0.7933822631835937 0.5561485290527344 0.02506591796875 0.03562713623046875
0 0.7931088256835938 0.595008544921875 0.0267401123046875 0.03491546630859375
0 0.799300537109375 0.6879365539550781 0.0362078857421875 0.04705413818359375
0 0.8010952758789063 0.7362841796875 0.0371661376953125 0.04427947998046875
0 0.797047119140625 0.7764764404296876 0.0218505859375 0.0275592041015625
0 0.7998419189453125 0.8155662536621093 0.0348834228515625 0.03659576416015625
3 0.6537307739257813 0.9936512756347656 0.0242913818359375 0.00719635009765625
3 0.6549691772460937 0.9834030151367188 0.0248406982421875 0.0091046142578125
3 0.6512088012695313 0.9739204406738281 0.0192242431640625 0.0068316650390625
3 0.653607177734375 0.9644007873535156 0.024840087890625 0.0091046142578125
3 0.6534506225585938 0.9530213928222656 0.0192236328125 0.0068316650390625
3 0.6536062622070312 0.9433132934570313 0.0192236328125 0.00683135986328125
3 0.654444580078125 0.9331619262695312 0.0247613525390625 0.0087744140625
3 0.6531927490234375 0.9231730651855469 0.0192236328125 0.00683135986328125
3 0.6548660278320313 0.9125167846679687 0.0192236328125 0.00683135986328125
3 0.6035665893554687 0.9549507141113281 0.0074298095703125 0.0201068115234375
3 0.5911517333984375 0.9720603942871093 0.0075 0.01851287841796875
3 0.5397311401367187 0.9777809143066406 0.009537353515625 0.0260394287109375
3 0.5192669677734375 0.9739024353027343 0.0083160400390625 0.01786590576171875
3 0.5082345581054688 0.977410888671875 0.008016357421875 0.02412384033203125
3 0.4983367919921875 0.9771871948242188 0.0080157470703125 0.02412384033203125
3 0.45871002197265626 0.980712890625 0.0084136962890625 0.02103179931640625
3 0.437923583984375 0.9816445922851562 0.00919189453125 0.02696319580078125
5 0.33769561767578127 0.9531468200683594 0.009984130859375 0.01253509521484375
5 0.3343023681640625 0.93694091796875 0.0091680908203125 0.01095703125
5 0.33244354248046876 0.921282958984375 0.008133544921875 0.01096771240234375
3 0.49720458984375 0.8608006286621094 0.0071588134765625 0.013416748046875
3 0.5062411499023437 0.8588490295410156 0.0064483642578125 0.01634490966796875
3 0.5167413330078126 0.8589508056640625 0.005611572265625 0.0162225341796875
3 0.5274343872070313 0.8584632873535156 0.0056109619140625 0.0162225341796875
3 0.5472140502929688 0.8599375915527344 0.0061004638671875 0.01303741455078125
5 0.770625 0.8557499694824219 0.00875 0.01225006103515625
5 0.7591250610351562 0.855625 0.00875 0.01225006103515625
5 0.748125 0.8555000305175782 0.00875 0.01225006103515625
5 0.7365625 0.8550625610351562 0.0098748779296875 0.0123748779296875
5 0.7369998168945312 0.8402497863769531 0.00824951171875 0.012249755859375
5 0.7488751220703125 0.840625 0.00875 0.01225006103515625
5 0.75937255859375 0.8409941101074219 0.0082550048828125 0.01223785400390625
5 0.7706246948242188 0.8409999084472656 0.00875 0.012249755859375
5 0.7711248779296875 0.8257499694824219 0.00875 0.01225006103515625
5 0.759312744140625 0.825625 0.007874755859375 0.01225006103515625
5 0.7481875610351563 0.8256251525878906 0.0078753662109375 0.0119146728515625
5 0.7367218017578125 0.8251899719238281 0.0083056640625 0.0118707275390625
5 0.736810302734375 0.8110406494140625 0.0083819580078125 0.0119183349609375
5 0.748060302734375 0.8109159851074219 0.0083819580078125 0.0119183349609375
5 0.7594357299804687 0.8107908630371093 0.0083819580078125 0.0119183349609375
5 0.7704354858398438 0.8106658935546875 0.0083819580078125 0.0119183349609375
5 0.7361895751953125 0.7790800476074219 0.00837158203125 0.0115899658203125
5 0.7475 0.7789999389648438 0.0082537841796875 0.01175018310546875
5 0.7581893920898437 0.7794552612304687 0.0083709716796875 0.0115899658203125
5 0.7691900634765625 0.7795803833007813 0.008370361328125 0.01158935546875
5 0.76993896484375 0.765205078125 0.00837158203125 0.0115899658203125
5 0.7586895751953125 0.7647052001953125 0.00837158203125 0.0115899658203125
5 0.747939453125 0.7647052001953125 0.008370361328125 0.01158966064453125
5 0.7369393920898437 0.7655802917480469 0.0083709716796875 0.0115899658203125
5 0.736439208984375 0.7512051391601563 0.00837158203125 0.01158966064453125
5 0.7478146362304687 0.750205078125 0.00837158203125 0.0115899658203125
5 0.7584396362304687 0.7503302001953125 0.00837158203125 0.0115899658203125
5 0.7690646362304687 0.750205078125 0.00837158203125 0.0115899658203125
5 0.7690628051757813 0.7363751220703125 0.00837890625 0.01175048828125
5 0.7588143920898438 0.7362051391601563 0.0083709716796875 0.0115899658203125
5 0.747939453125 0.7357052612304688 0.0083709716796875 0.0115899658203125
5 0.7360647583007812 0.7365802001953125 0.008370361328125 0.01158966064453125
5 0.6836874389648437 0.8003125 0.0101251220703125 0.013125
5 0.6841250610351562 0.7848750305175781 0.01 0.01274993896484375
5 0.6855899047851562 0.770782470703125 0.012679443359375 0.015064697265625
5 0.6872500610351563 0.7559375 0.0095001220703125 0.01341644287109375
5 0.6782415771484375 0.74689697265625 0.0085174560546875 0.0124554443359375
5 0.6779995727539062 0.7323748779296875 0.007249755859375 0.01149993896484375
5 0.6783139038085938 0.7181224060058594 0.00787109375 0.011744384765625
5 0.6778143310546875 0.7037417602539062 0.0091351318359375 0.01373321533203125
5 0.6877520751953125 0.6690170288085937 0.00899658203125 0.01221649169921875
5 0.6774612426757812 0.669249267578125 0.0086810302734375 0.01200103759765625
5 0.6772744750976563 0.6538752746582032 0.0090557861328125 0.012501220703125
5 0.6875039672851563 0.6540737915039062 0.0097418212890625 0.0131475830078125
5 0.6773745727539062 0.6398124694824219 0.00875 0.01192047119140625
5 0.6876602172851562 0.6390571594238281 0.008680419921875 0.01238525390625
5 0.687626953125 0.6238916015625 0.00899658203125 0.012216796875
5 0.6772515869140625 0.624766845703125 0.00899658203125 0.012216796875
5 0.6748764038085937 0.5997285461425781 0.008248291015625 0.012457275390625
5 0.6742510986328125 0.5826033020019531 0.0082476806640625 0.0124566650390625
5 0.6753765869140625 0.5672288513183594 0.008248291015625 0.01245697021484375
5 0.67587646484375 0.5516035461425781 0.008248291015625 0.01245697021484375
5 0.7571875 0.6011250305175782 0.0086248779296875 0.0125
5 0.7473126220703125 0.6010000610351562 0.00862548828125 0.0125
5 0.7370623779296875 0.616875 0.00862548828125 0.0125
5 0.7466876220703125 0.6167500305175782 0.00862548828125 0.0125
5 0.7564373779296875 0.6160000610351563 0.00862548828125 0.0125
5 0.7564373779296875 0.6292500305175781 0.00862548828125 0.0125
5 0.7470620727539062 0.6298748779296875 0.0086248779296875 0.0125
5 0.7375625610351563 0.6307499694824219 0.0086248779296875 0.0125
5 0.7379376220703125 0.6446249389648437 0.00862548828125 0.0125
5 0.7471875 0.6446249389648437 0.0086248779296875 0.0125
5 0.7568124389648437 0.644375 0.0086248779296875 0.0125
2 0.657313232421875 0.7545976257324218 0.00787353515625 0.0158050537109375
2 0.6485629272460938 0.7562226867675781 0.0078741455078125 0.0158050537109375
2 0.6401272583007812 0.7579379272460938 0.0077459716796875 0.01487518310546875
2 0.6312503051757813 0.7553750610351563 0.0075042724609375 0.015
2 0.5872506713867187 0.75996826171875 0.007501220703125 0.0145635986328125
2 0.5668746948242187 0.7233749389648437 0.0154998779296875 0.0077508544921875
2 0.6303121948242187 0.7196878051757812 0.0163299560546875 0.006875
2 0.6255630493164063 0.7089625549316406 0.0158782958984375 0.00692474365234375
2 0.6070626831054687 0.7179623413085937 0.0158782958984375 0.006925048828125
2 0.6066876220703125 0.7103378295898437 0.01587890625 0.00692596435546875
2 0.6056881713867187 0.7014628601074219 0.01587890625 0.0069256591796875
2 0.6040631103515625 0.682962646484375 0.01587890625 0.00692596435546875
2 0.6051882934570313 0.67396240234375 0.0158782958984375 0.00692474365234375
2 0.6070626831054687 0.6648373413085937 0.0158782958984375 0.006925048828125
2 0.6066876220703125 0.6569627380371094 0.01587890625 0.0069256591796875
2 0.6070626831054687 0.6385873413085937 0.0158782958984375 0.006925048828125
2 0.62625 0.6291250610351562 0.014000244140625 0.006500244140625
2 0.6063751220703125 0.6194999694824219 0.014000244140625 0.00649993896484375
2 0.607178955078125 0.6013125610351563 0.015369873046875 0.00712554931640625
2 0.60455322265625 0.5841877746582032 0.015369873046875 0.007125244140625
2 0.5619287109375 0.56831298828125 0.015369873046875 0.007125244140625
2 0.5638040161132812 0.6588124084472656 0.015369873046875 0.00712554931640625
2 0.5606784057617188 0.5275627136230469 0.015369873046875 0.00712554931640625
2 0.5563040161132813 0.5080625915527344 0.015369873046875 0.00712554931640625
2 0.4633319091796875 0.5137237548828125 0.005552978515625 0.01449676513671875
2 0.45548675537109373 0.5143057250976563 0.00597412109375 0.0152783203125
2 0.43789093017578123 0.5143017578125 0.006717529296875 0.01528564453125
2 0.4197052001953125 0.5145805358886719 0.0064239501953125 0.01389434814453125
2 0.4108074951171875 0.5144406127929687 0.0067181396484375 0.01528564453125
2 0.40097381591796877 0.5136366271972657 0.0061077880859375 0.0161627197265625
2 0.3930145263671875 0.5156275939941406 0.0064715576171875 0.015701904296875
2 0.4111102294921875 0.5371685791015625 0.0075006103515625 0.0159405517578125
2 0.4473355102539063 0.5833293151855469 0.00671875 0.01528594970703125
2 0.4342538452148437 0.5397492980957032 0.0087139892578125 0.014498291015625
2 0.4484722900390625 0.5374307250976562 0.006390380859375 0.01263885498046875
2 0.42062530517578123 0.5818055725097656 0.00736083984375 0.0187371826171875
2 0.35465728759765625 0.5846029663085938 0.0065185546875 0.01448394775390625
2 0.34382415771484376 0.5816862487792969 0.0065185546875 0.014483642578125
2 0.3799591064453125 0.5403498840332032 0.0064715576171875 0.015701904296875
2 0.364959716796875 0.516461181640625 0.0064715576171875 0.015701904296875
2 0.3446490478515625 0.6102951049804688 0.0065350341796875 0.016910400390625
2 0.3450030517578125 0.6507295227050781 0.0066619873046875 0.013262939453125
2 0.2495538330078125 0.5428570556640625 0.0089544677734375 0.0169647216796875
2 0.2222900390625 0.5796284484863281 0.01294189453125 0.00654693603515625
2 0.21954254150390626 0.5900250244140625 0.013260498046875 0.0064569091796875
2 0.21917449951171875 0.59787841796875 0.013260498046875 0.0064569091796875
3 0.243148193359375 0.6190950012207032 0.0089849853515625 0.02366485595703125
5 0.16169342041015625 0.5073844909667968 0.0217718505859375 0.0109857177734375
5 0.1865155029296875 0.7898226928710937 0.009906005859375 0.025899658203125
5 0.20333404541015626 0.7895858764648438 0.009439697265625 0.02584930419921875
0 0.017627410888671875 0.4290980529785156 0.03410675048828125 0.02653839111328125
3 0.1579296875 0.4742262268066406 0.0181689453125 0.0080316162109375
0 0.6882949829101562 0.45716577529907226 0.0636566162109375 0.061430130004882816
0 0.7010598754882813 0.24297531127929686 0.0593682861328125 0.0542193603515625
2 0.34439422607421877 0.516461181640625 0.0064715576171875 0.015701904296875
2 0.3730426025390625 0.5142526245117187 0.00734619140625 0.0182220458984375
2 0.3822003173828125 0.5155377197265625 0.0073455810546875 0.01822235107421875
3 0.6175839233398438 0.49339736938476564 0.0309417724609375 0.00968414306640625
