7 0.2152783203125 0.27038213729858396 0.030347900390625 0.04519695281982422
2 0.017139892578125 0.9428797912597656 0.0130303955078125 0.0267596435546875
2 0.2013299560546875 0.8281358337402344 0.031910400390625 0.03347747802734375
2 0.19256103515625 0.8444374847412109 0.029051513671875 0.028125
2 0.440086669921875 0.8542559814453125 0.01492431640625 0.03051177978515625
2 0.5569573974609375 0.8520449066162109 0.0333056640625 0.03365997314453125
2 0.60459228515625 0.783533935546875 0.0316845703125 0.017568206787109374
2 0.6303125 0.7784999084472656 0.028262939453125 0.0175
2 0.578076171875 0.7531431579589843 0.032152099609375 0.029286346435546874
2 0.5436798095703125 0.7472323608398438 0.0314404296875 0.01628509521484375
2 0.62206298828125 0.7282503509521484 0.034124755859375 0.03308502197265625
7 0.41835693359375 0.6304685401916504 0.0582861328125 0.039312553405761716
2 0.440062255859375 0.48368732452392577 0.034254150390625 0.029375
2 0.4026873779296875 0.49031246185302735 0.037464599609375 0.031625595092773434
2 0.383687744140625 0.4804374694824219 0.033125 0.025625
2 0.3826214599609375 0.460035400390625 0.0392431640625 0.034929122924804684
2 0.6313739013671875 0.37392349243164064 0.025504150390625 0.016153106689453123
2 0.5384381103515625 0.28375001907348635 0.015374755859375 0.03000865936279297
2 0.540528564453125 0.31103515625 0.016058349609375 0.025320053100585938
7 0.4549005126953125 0.34466606616973877 0.06869873046875 0.06854932785034179
7 0.81137451171875 0.35212921142578124 0.06900146484375 0.04935890197753906
7 0.799437255859375 0.22606229782104492 0.05036865234375 0.058125267028808596
7 0.7243743896484375 0.10093748092651367 0.040789794921875 0.064375
2 0.584913330078125 0.15664809942245483 0.031051025390625 0.0198635196685791
