2 0.5151995086669922 0.01283660888671875 0.01610137939453125 0.02600006103515625
2 0.558499984741211 0.01217010498046875 0.01375 0.024430084228515624
2 0.7011875152587891 0.011931228637695312 0.01462493896484375 0.024099273681640623
7 0.3883354568481445 0.11909626007080078 0.05407905578613281 0.03636795043945312
7 0.586438102722168 0.18679718017578126 0.06436424255371094 0.0679217529296875
7 0.83735595703125 0.11149368286132813 0.058003387451171874 0.06266693115234374
7 0.8659042358398438 0.18816009521484375 0.057558746337890626 0.0516802978515625
7 0.964286880493164 0.270203857421875 0.04442642211914063 0.0544073486328125
2 0.8629379272460938 0.37562835693359375 0.03379913330078125 0.021256103515625
2 0.8748124694824219 0.3909375 0.02645050048828125 0.016624755859375
2 0.7852468872070313 0.2831195068359375 0.018756256103515626 0.0399896240234375
2 0.770396728515625 0.28972686767578126 0.0177935791015625 0.034202880859375
2 0.7114038848876953 0.3201666259765625 0.037692108154296876 0.0350830078125
3 0.5232194519042969 0.37838287353515626 0.038560791015625 0.0566607666015625
2 0.49790977478027343 0.3686083984375 0.02440696716308594 0.031951904296875
2 0.5088629531860351 0.3785455322265625 0.028702774047851563 0.037552490234375
2 0.45156742095947267 0.38126312255859374 0.030994644165039064 0.025814208984375
2 0.29883058547973634 0.32329620361328126 0.03208911895751953 0.025908203125
2 0.2380000114440918 0.31274993896484377 0.026250076293945313 0.013800048828125
2 0.16167240142822265 0.2759417724609375 0.016344833374023437 0.03569580078125
2 0.11047347068786621 0.30466705322265625 0.02694730758666992 0.0160845947265625
7 0.15990334272384643 0.15434234619140624 0.03944375991821289 0.034066162109375
7 0.16862499237060546 0.5190625 0.04084281921386719 0.056875
2 0.2888750457763672 0.5086874389648437 0.028194313049316407 0.018125
2 0.28890403747558596 0.5274444580078125 0.02905803680419922 0.020638427734375
2 0.33756126403808595 0.5657867431640625 0.02662284851074219 0.0390728759765625
2 0.45544193267822264 0.5403305053710937 0.033905105590820314 0.030838623046875
2 0.4305074691772461 0.5556777954101563 0.03386489868164062 0.032354736328125
7 0.2673144721984863 0.6947891235351562 0.07512126922607422 0.0661712646484375
7 0.17098461151123046 0.6551678466796875 0.040530853271484375 0.0554443359375
2 0.0806875228881836 0.8579376220703125 0.018189830780029295 0.0291253662109375
2 0.11858565330505372 0.8814541625976563 0.03767133712768555 0.023092041015625
2 0.11943748474121094 0.9113754272460938 0.0338128662109375 0.02199951171875
2 0.09525323867797851 0.9248297119140625 0.014243507385253906 0.0281585693359375
2 0.4149373245239258 0.9786248779296876 0.03359161376953125 0.0317498779296875
2 0.5530625915527344 0.9769375610351563 0.03321212768554688 0.0241253662109375
2 0.5585603713989258 0.8577774047851563 0.014879302978515625 0.0322247314453125
2 0.7929999542236328 0.9945004272460938 0.013000030517578125 0.0258624267578125
2 0.8485628509521485 0.9936181640625 0.014375457763671875 0.0279864501953125
2 0.832044677734375 0.89869384765625 0.016160736083984373 0.0363885498046875
2 0.6756250762939453 0.8972494506835937 0.014002838134765626 0.02875
7 0.6146566772460937 0.6748544311523438 0.0633135986328125 0.04479248046875
7 0.5254711151123047 0.6673040771484375 0.058192596435546876 0.0611083984375
7 0.7213125610351563 0.6874371337890625 0.0586199951171875 0.0426251220703125
7 0.8075064086914062 0.7512603759765625 0.076737060546875 0.0635205078125
2 0.9780624389648438 0.9898748779296875 0.015124969482421875 0.0280169677734375
2 0.9564373779296875 0.6754376220703125 0.03321136474609375 0.0246246337890625
7 0.8009944152832031 0.6432171630859375 0.03876129150390625 0.06056640625
2 0.7554780578613282 0.5761325073242187 0.014044036865234375 0.0227349853515625
