2 0.048812484741210936 0.1712500762939453 0.027766571044921876 0.03324996948242188
2 0.08616691589355469 0.35052688598632814 0.0303485107421875 0.024301910400390626
2 0.09328575134277343 0.3659104919433594 0.03131622314453125 0.02753753662109375
2 0.23722373962402343 0.4409371948242187 0.029447784423828127 0.025874481201171876
2 0.23849990844726562 0.49193756103515623 0.03301788330078125 0.039124755859375
2 0.17925071716308594 0.5089381408691406 0.030501556396484376 0.025626220703125
2 0.20556259155273438 0.6063748168945312 0.02990997314453125 0.02675018310546875
2 0.1496874237060547 0.6594999694824218 0.027104949951171874 0.0225
2 0.13687515258789062 0.6491252136230469 0.031241302490234376 0.02625
2 0.2451915740966797 0.6555938720703125 0.02313323974609375 0.02518768310546875
2 0.46693763732910154 0.8528750610351562 0.020463409423828124 0.0282501220703125
2 0.4796536254882813 0.8432037353515625 0.0235894775390625 0.02890777587890625
2 0.7668125915527344 0.8914375305175781 0.02857452392578125 0.03087493896484375
2 0.6117111206054687 0.694166259765625 0.02707794189453125 0.032418212890625
2 0.6219692993164062 0.6852041625976563 0.02806121826171875 0.033658447265625
2 0.3493260192871094 0.5945301818847656 0.02709747314453125 0.0308099365234375
2 0.3888751220703125 0.5706874084472656 0.0277044677734375 0.031875
2 0.4456250762939453 0.507562255859375 0.030959930419921875 0.02612518310546875
2 0.4751611328125 0.4921681213378906 0.031448974609375 0.027086181640625
2 0.5188125610351563 0.49074981689453123 0.02752685546875 0.0345001220703125
2 0.5530732727050781 0.4747080993652344 0.0241461181640625 0.02833404541015625
2 0.3276251220703125 0.06606239318847656 0.0336083984375 0.0273748779296875
2 0.366812744140625 0.12143753051757812 0.027940673828125 0.034625091552734376
2 0.7273121643066406 0.06035408020019531 0.018369140625 0.037213592529296874
2 0.8339375305175781 0.553125 0.02962493896484375 0.016517333984375
7 0.8951875305175782 0.39006240844726564 0.0251251220703125 0.04129119873046875
