2 0.12493904113769531 0.7164919281005859 0.026425933837890624 0.018516082763671875
2 0.11883064270019532 0.6676779174804688 0.02308868408203125 0.0121441650390625
2 0.11708084106445313 0.657677993774414 0.02308868408203125 0.012144317626953125
2 0.4539055442810059 0.43784786224365235 0.02756126403808594 0.01419586181640625
2 0.6125624084472656 0.5165930938720703 0.0333477783203125 0.020776138305664063
2 0.701187744140625 0.7573750305175782 0.0288751220703125 0.017330169677734375
2 0.842620849609375 0.8739322662353516 0.02600860595703125 0.0119024658203125
2 0.8709999084472656 0.8768125152587891 0.03111724853515625 0.014375
2 0.9241879272460938 0.8823033905029297 0.0264080810546875 0.0121435546875
2 0.9120103454589844 0.9448779296875 0.0273443603515625 0.013494110107421875
2 0.9465625 0.949749984741211 0.02619873046875 0.011999969482421874
