2 0.030120849609375 0.061432266235351564 0.02600860595703125 0.0119024658203125
2 0.058499908447265624 0.06431251525878906 0.03111724853515625 0.014375
2 0.11168792724609375 0.06980339050292969 0.0264080810546875 0.0121435546875
2 0.09951034545898438 0.1323779296875 0.0273443603515625 0.013494110107421875
2 0.1340625 0.13724998474121095 0.02619873046875 0.011999969482421874
2 0.29693756103515623 0.18125 0.034093017578125 0.01850006103515625
2 0.5893679809570312 0.6505421447753906 0.07497039794921875 0.06034271240234375
2 0.8991844177246093 0.3233119201660156 0.0215997314453125 0.02807281494140625
2 0.9350338363647461 0.24971542358398438 0.01422607421875 0.03465835571289062
2 0.8412272644042968 0.18482391357421876 0.027044677734375 0.0258978271484375
2 0.7468125915527344 0.19218772888183594 0.02337493896484375 0.02337493896484375
