2 0.9484573364257812 0.20796051025390624 0.0175970458984375 0.00626129150390625
2 0.64025390625 0.22607574462890626 0.0150799560546875 0.0067034912109375
2 0.996624755859375 0.1573126220703125 0.0077593994140625 0.0173748779296875
2 0.97175048828125 0.1580625915527344 0.00700439453125 0.01612518310546875
2 0.9631997680664063 0.15843902587890624 0.0066497802734375 0.01412261962890625
2 0.9552734375 0.15818695068359376 0.0089544677734375 0.014381103515625
2 0.9461917114257813 0.15897613525390625 0.0083819580078125 0.017547607421875
2 0.937750244140625 0.15943756103515624 0.006754150390625 0.01637481689453125
2 0.9961593627929688 0.09106689453125 0.0069305419921875 0.015635986328125
2 0.9971566772460938 0.11031494140625 0.0088134765625 0.02137969970703125
2 0.9869369506835938 0.10887496948242187 0.0088751220703125 0.02011688232421875
2 0.9728128051757813 0.1111248779296875 0.0081390380859375 0.01774993896484375
2 0.9638027954101562 0.1101971435546875 0.0096453857421875 0.0191058349609375
2 0.9636251831054687 0.09083755493164063 0.0075 0.01842498779296875
2 0.9545632934570313 0.09050003051757813 0.0091253662109375 0.01887451171875
2 0.9539999389648437 0.10968734741210938 0.008499755859375 0.018739013671875
2 0.9453103637695313 0.09102752685546875 0.00762939453125 0.01730438232421875
2 0.9460623168945312 0.1132501220703125 0.0089208984375 0.0167498779296875
2 0.9375540161132813 0.09212509155273438 0.007642822265625 0.01775054931640625
2 0.936866455078125 0.11245651245117187 0.009017333984375 0.0178369140625
2 0.9288113403320313 0.09109451293945313 0.0088775634765625 0.01718902587890625
2 0.9293716430664063 0.1109844970703125 0.007008056640625 0.01603179931640625
2 0.91984130859375 0.0919476318359375 0.0095672607421875 0.01640869140625
2 0.9208697509765625 0.11056442260742187 0.009517822265625 0.0176287841796875
2 0.9106988525390625 0.09299026489257813 0.008353271484375 0.01723114013671875
2 0.9118121337890625 0.11240676879882812 0.0096240234375 0.01856353759765625
2 0.9030618286132812 0.11193771362304687 0.008936767578125 0.019375
2 0.9022479248046875 0.09203887939453125 0.0092523193359375 0.01842254638671875
2 0.92916259765625 0.15895126342773438 0.0078759765625 0.0180096435546875
2 0.920692138671875 0.15781768798828125 0.0091119384765625 0.01867645263671875
2 0.9111505126953126 0.15867523193359376 0.0086676025390625 0.01959228515625
2 0.9025479125976562 0.158951416015625 0.0101385498046875 0.022059326171875
2 0.8691937255859375 0.15633468627929686 0.00827880859375 0.0210467529296875
2 0.8437835693359375 0.15648330688476564 0.007603759765625 0.02001068115234375
2 0.8274411010742188 0.1594183349609375 0.007470703125 0.01692626953125
2 0.8191854858398437 0.15947891235351563 0.009307861328125 0.0206903076171875
2 0.8097616577148438 0.15824508666992188 0.009478759765625 0.0229998779296875
2 0.8006759643554687 0.1598870849609375 0.0081744384765625 0.018013916015625
2 0.8424447631835937 0.112049560546875 0.0073486328125 0.0181640625
2 0.8343118286132812 0.113060302734375 0.007353515625 0.02067779541015625
3 0.8261740112304687 0.11285980224609375 0.00893798828125 0.02347900390625
2 0.8164990234375 0.1124188232421875 0.0066778564453125 0.01725982666015625
2 0.8088314819335938 0.11486099243164062 0.008404541015625 0.0178759765625
2 0.800286865234375 0.1138922119140625 0.0083905029296875 0.01593841552734375
2 0.7917556762695312 0.11352706909179687 0.0084307861328125 0.0173431396484375
2 0.7769400024414063 0.1152874755859375 0.00945556640625 0.0187286376953125
2 0.767142333984375 0.11552810668945312 0.00853759765625 0.01974395751953125
2 0.757803955078125 0.11406097412109376 0.00853759765625 0.01812286376953125
2 0.7387274169921875 0.11412765502929688 0.0093505859375 0.01640869140625
2 0.7684768676757813 0.16081924438476564 0.008004150390625 0.0200860595703125
2 0.760272216796875 0.16181976318359376 0.00787109375 0.0176092529296875
2 0.75099853515625 0.15910186767578124 0.0082757568359375 0.01797576904296875
2 0.7341256713867188 0.1615263366699219 0.009471435546875 0.0156884765625
2 0.7173947143554688 0.16335250854492187 0.0095806884765625 0.01801300048828125
2 0.7001742553710938 0.16322036743164062 0.008271484375 0.0182501220703125
2 0.7428125 0.1627227783203125 0.008126220703125 0.01830474853515625
2 0.7257498168945312 0.164124755859375 0.00824951171875 0.01774993896484375
2 0.7087506103515625 0.1646250915527344 0.0097540283203125 0.0172503662109375
2 0.994437255859375 0.04131240844726562 0.0086334228515625 0.01787506103515625
2 0.9797549438476563 0.04239547729492187 0.008509521484375 0.01854095458984375
2 0.9708758544921875 0.04262481689453125 0.0095001220703125 0.01680145263671875
2 0.9914410400390625 0.012987518310546875 0.0086175537109375 0.02077484130859375
2 0.9832501220703125 0.012687225341796875 0.0075 0.01762481689453125
2 0.952562255859375 0.009937286376953125 0.008375244140625 0.018375244140625
2 0.9446249389648438 0.01056243896484375 0.0082501220703125 0.018125
2 0.9351248168945312 0.010499725341796875 0.0082501220703125 0.0156329345703125
2 0.9190631103515625 0.01268768310546875 0.007874755859375 0.0167205810546875
2 0.91081298828125 0.0140625 0.0078753662109375 0.01672119140625
2 0.961497802734375 0.042216796875 0.00825439453125 0.0174334716796875
2 0.9535003662109375 0.042437591552734376 0.006500244140625 0.01548065185546875
2 0.945682373046875 0.04312713623046875 0.0088641357421875 0.01724609375
2 0.936375732421875 0.04356277465820312 0.0085003662109375 0.01626434326171875
2 0.9279974365234375 0.04332687377929687 0.006494140625 0.01634613037109375
2 0.9196273803710937 0.04304351806640625 0.0095062255859375 0.0168365478515625
2 0.9108755493164062 0.04400009155273438 0.009530029296875 0.01625
2 0.9019003295898438 0.04306777954101562 0.0092010498046875 0.01811492919921875
3 0.555003662109375 0.03776473999023437 0.008870849609375 0.0237359619140625
3 0.5459896850585938 0.031917724609375 0.010611572265625 0.0255126953125
3 0.5815625 0.031795654296875 0.0196173095703125 0.00916778564453125
3 0.6206399536132813 0.03004638671875 0.0184716796875 0.00886993408203125
3 0.6640243530273438 0.01753204345703125 0.0283251953125 0.024654541015625
3 0.6204888916015625 0.016589202880859376 0.019302978515625 0.00814910888671875
3 0.5816439819335938 0.016959686279296875 0.0184661865234375 0.00947265625
3 0.5819268798828126 0.00561737060546875 0.0191546630859375 0.008614501953125
3 0.619718017578125 0.005348052978515625 0.0191552734375 0.008614501953125
2 0.47507659912109373 0.14527435302734376 0.0157012939453125 0.00732177734375
2 0.4302587890625 0.11783538818359375 0.0157012939453125 0.00732177734375
2 0.4302545166015625 0.13589935302734374 0.0157110595703125 0.0080792236328125
2 0.43018310546875 0.12766769409179687 0.01554931640625 0.00594512939453125
2 0.4308251953125 0.109603271484375 0.01622314453125 0.007012939453125
2 0.4308688354492187 0.10129562377929688 0.017530517578125 0.00716461181640625
2 0.4297573852539063 0.09283493041992187 0.0183551025390625 0.00762237548828125
2 0.4283953857421875 0.08452621459960938 0.01637939453125 0.007471923828125
2 0.42736236572265623 0.0756097412109375 0.0152276611328125 0.0067071533203125
2 0.4293310546875 0.0675909423828125 0.0155108642578125 0.00727447509765625
2 0.42956817626953125 0.01612518310546875 0.0158624267578125 0.00717010498046875
2 0.428470458984375 0.0329742431640625 0.015228271484375 0.0067071533203125
2 0.4290045166015625 0.0420111083984375 0.016900634765625 0.006785888671875
2 0.4279168701171875 0.05042984008789062 0.015228271484375 0.0067071533203125
2 0.4280548095703125 0.0589154052734375 0.0152276611328125 0.00670745849609375
2 0.42857147216796876 0.00678314208984375 0.0162664794921875 0.0083056640625
2 0.05933837890625 0.012982635498046876 0.00666015625 0.01597869873046875
2 0.21121826171875 0.03786575317382813 0.015146484375 0.0054925537109375
2 0.20930419921875 0.09578887939453125 0.015458984375 0.00682403564453125
2 0.203309326171875 0.104940185546875 0.015458984375 0.00682403564453125
2 0.16283447265625 0.1363189697265625 0.0073883056640625 0.01698333740234375
