2 0.2521875 0.6448126220703125 0.016422119140625 0.031875
2 0.26381256103515627 0.0295623779296875 0.0133746337890625 0.0261297607421875
7 0.8407223510742188 0.18238174438476562 0.0359454345703125 0.04501373291015625
2 0.9891873168945312 0.31068710327148436 0.0216064453125 0.028375244140625
2 0.9674371337890625 0.2898748779296875 0.02408935546875 0.03425018310546875
2 0.94488525390625 0.32097305297851564 0.0249798583984375 0.03869476318359375
2 0.9289373779296874 0.32931243896484375 0.0190789794921875 0.02862518310546875
2 0.9418130493164063 0.3546875 0.0379327392578125 0.0263751220703125
3 0.8888751220703125 0.37087509155273435 0.0653057861328125 0.0417498779296875
2 0.958125 0.4247500610351562 0.0203314208984375 0.03075042724609375
2 0.7256259155273438 0.4700628662109375 0.034979248046875 0.0288751220703125
2 0.7769332885742187 0.47844451904296875 0.028116455078125 0.041138916015625
2 0.6411602783203125 0.45059234619140626 0.0314300537109375 0.030816650390625
2 0.628377685546875 0.45655059814453125 0.0287445068359375 0.02939788818359375
2 0.6126583862304688 0.4647077941894531 0.0362042236328125 0.0325848388671875
2 0.6246249389648437 0.5691876220703125 0.0279998779296875 0.03118743896484375
2 0.5734375 0.5891252136230469 0.0244183349609375 0.032750244140625
2 0.5336114501953125 0.5969447326660157 0.028526611328125 0.0248614501953125
2 0.5224514770507812 0.6373493957519532 0.032847900390625 0.02380157470703125
2 0.6163131713867187 0.7254373168945313 0.0273748779296875 0.01715545654296875
2 0.61 0.7518753051757813 0.0254998779296875 0.0163092041015625
2 0.547811279296875 0.7140617370605469 0.0148779296875 0.03287689208984375
2 0.5471878051757812 0.7485626220703125 0.0163897705078125 0.0376251220703125
2 0.5142501831054688 0.7845001220703125 0.0270001220703125 0.01577392578125
2 0.5135000610351562 0.7972500610351563 0.0279998779296875 0.013499755859375
2 0.514124755859375 0.8180000305175781 0.0345001220703125 0.02105133056640625
2 0.5138125610351563 0.8403126525878907 0.0271246337890625 0.01617156982421875
2 0.5824368286132813 0.8416949462890625 0.0158758544921875 0.0356097412109375
2 0.6176348876953125 0.8066984558105469 0.0305181884765625 0.02010345458984375
2 0.6146871948242187 0.7855621337890625 0.037125244140625 0.018133544921875
7 0.4071063232421875 0.8632382202148438 0.036448974609375 0.057274169921875
3 0.6010626220703125 0.9375003051757812 0.0426251220703125 0.0271746826171875
2 0.5438079833984375 0.9332728576660156 0.01638427734375 0.03170440673828125
2 0.6095001220703125 0.9601876831054688 0.0370001220703125 0.020146484375
2 0.6076858520507813 0.9933200073242188 0.03212890625 0.0176239013671875
2 0.5114373779296875 0.957125244140625 0.0263751220703125 0.0152752685546875
2 0.5130624389648437 0.970562744140625 0.0351251220703125 0.0159002685546875
3 0.5133477783203125 0.9860794067382812 0.0394464111328125 0.0225909423828125
2 0.9011013793945313 0.9137405395507813 0.0297991943359375 0.02151885986328125
2 0.8994198608398437 0.8412977600097656 0.030660400390625 0.01840484619140625
2 0.9338125610351562 0.7244996643066406 0.029375 0.0369342041015625
7 0.7424429321289062 0.7008328247070312 0.04940673828125 0.05882720947265625
