7 0.3899908447265625 0.6741290283203125 0.054232177734375 0.06624191284179687
7 0.2787188720703125 0.7056706237792969 0.0767987060546875 0.05871017456054688
7 0.1966461181640625 0.9344158935546875 0.037708740234375 0.03969772338867188
2 0.12543731689453125 0.8073750305175781 0.01870361328125 0.03125015258789063
2 0.08474945068359375 0.5428748321533203 0.0192962646484375 0.03225021362304688
7 0.27831512451171875 0.3192550468444824 0.06095947265625 0.04653387069702149
2 0.5720086669921876 0.24539487838745117 0.0170159912109375 0.03221042633056641
2 0.6085049438476563 0.07106902956962585 0.016021728515625 0.029888043403625487
7 0.285552978515625 0.09381646275520325 0.0643560791015625 0.030882925987243653
7 0.7509674072265625 0.6235718536376953 0.032064208984375 0.05585617065429688
2 0.60659423828125 0.5270082092285157 0.01668701171875 0.03473388671875
2 0.573311767578125 0.6321249961853027 0.014625244140625 0.03311084747314453
2 0.604124755859375 0.671312484741211 0.0139996337890625 0.028455657958984373
2 0.5505624389648438 0.8131875610351562 0.016875 0.0429779052734375
2 0.5122503662109374 0.7923748779296875 0.0357501220703125 0.018542938232421875
2 0.4768130493164062 0.7946876525878906 0.022730712890625 0.01537506103515625
2 0.898389892578125 0.9428797912597656 0.0130303955078125 0.0267596435546875
