7 0.09147125244140625 0.9196381378173828 0.05555755615234375 0.0362237548828125
2 0.08936958312988282 0.19870197296142578 0.01155303955078125 0.027128944396972655
2 0.10311515808105469 0.19870197296142578 0.01155303955078125 0.027128982543945312
2 0.4504515075683594 0.09470433235168457 0.0301983642578125 0.014150924682617187
2 0.5567012023925781 0.1505584239959717 0.02276611328125 0.02276632308959961
2 0.58513916015625 0.16478721618652345 0.02602783203125 0.028673171997070312
2 0.6209194946289063 0.16151206970214843 0.01116851806640625 0.030375518798828126
2 0.5763105773925781 0.11661152839660645 0.0301983642578125 0.014150924682617187
2 0.6054554748535156 0.1658075714111328 0.01116851806640625 0.030375595092773437
2 0.3067008972167969 0.48754291534423827 0.02620269775390625 0.013808746337890625
2 0.29692710876464845 0.5045198440551758 0.024695892333984375 0.01247589111328125
2 0.6230671691894532 0.5444587707519531 0.03557159423828125 0.027061843872070314
2 0.5949505615234375 0.6533513641357422 0.0296002197265625 0.024915313720703124
7 0.7083454895019531 0.7301519775390625 0.0614501953125 0.050005340576171876
7 0.7010536193847656 0.9109752655029297 0.05107147216796875 0.05673202514648437
7 0.839742431640625 0.965639877319336 0.0295635986328125 0.05863815307617187
7 0.4968658447265625 0.8069136047363281 0.06034912109375 0.0325537109375
2 0.6093733215332031 0.635331563949585 0.03511932373046875 0.024869422912597656
2 0.5878436279296875 0.6666666412353516 0.02663238525390625 0.023632965087890624
2 0.9937628173828125 0.9743019104003906 0.01032684326171875 0.028500518798828124
2 0.9649913024902343 0.9070016479492188 0.02636749267578125 0.012457122802734375
2 0.9110061645507812 0.29500560760498046 0.02893341064453125 0.02385993957519531
2 0.9589778137207031 0.33827316284179687 0.012027587890625 0.027770309448242186
2 0.9385740661621094 0.33419243812561034 0.01424835205078125 0.03350522994995117
7 0.7768011474609375 0.8332975769042968 0.025943603515625 0.05167236328125
