0 0.3460572814941406 0.6222328186035156 0.06328521728515625 0.06224853515625
5 0.2426873779296875 0.6232499694824218 0.00991668701171875 0.01
5 0.24937484741210938 0.602125244140625 0.0070001220703125 0.00953125
0 0.6524201965332032 0.5469522094726562 0.0564349365234375 0.0552911376953125
0 0.9250904846191407 0.3513044738769531 0.06176177978515625 0.06040252685546875
0 0.8869364929199218 0.40259811401367185 0.06262939453125 0.06164718627929688
0 0.846893310546875 0.44681276321411134 0.05127288818359375 0.05482963562011719
0 0.763292236328125 0.3932655334472656 0.0632354736328125 0.06470596313476562
0 0.7176002502441406 0.36054244995117185 0.064505615234375 0.06370254516601563
5 0.5089816284179688 0.47373016357421877 0.0176959228515625 0.0150665283203125
5 0.5349932861328125 0.49326751708984373 0.0153985595703125 0.01330230712890625
5 0.5484452819824219 0.5022769165039063 0.00939056396484375 0.0108038330078125
5 0.5523127746582032 0.5061250305175782 0.00934478759765625 0.0107501220703125
5 0.5564375305175782 0.5089378356933594 0.00912506103515625 0.01102142333984375
5 0.5625625610351562 0.471875 0.0123748779296875 0.01426025390625
5 0.5580622863769531 0.467499942779541 0.0123748779296875 0.014260330200195313
5 0.5736874389648438 0.45487510681152343 0.0123748779296875 0.01426025390625
5 0.5673899841308594 0.45176666259765624 0.0110296630859375 0.01278350830078125
5 0.5293751525878906 0.44781257629394533 0.0125 0.007431182861328125
5 0.5475625610351562 0.4401874542236328 0.0116021728515625 0.013625030517578124
5 0.5325001525878906 0.43249992370605467 0.01248016357421875 0.015250244140625
