7 0.020777549743652344 0.03684860229492187 0.04419509887695312 0.05022735595703125
2 0.06915817260742188 0.974227294921875 0.02065582275390625 0.0249139404296875
2 0.5264175415039063 0.6958761596679688 0.02276641845703125 0.02797393798828125
2 0.3296821594238281 0.5665811157226562 0.02276641845703125 0.02797393798828125
2 0.508262939453125 0.5081797790527344 0.0341619873046875 0.03690521240234375
2 0.5324678039550781 0.5236381530761719 0.01496124267578125 0.032620849609375
7 0.3861688232421875 0.23625442504882813 0.042955322265625 0.0518902587890625
7 0.37928268432617185 0.113155517578125 0.02837249755859375 0.051793212890625
2 0.2538661193847656 0.10459625244140625 0.0257733154296875 0.0116021728515625
2 0.15936431884765626 0.1494842529296875 0.029210205078125 0.01117645263671875
2 0.8923971557617187 0.011425628662109374 0.01675262451171875 0.023795318603515626
2 0.9501718139648437 0.0173968505859375 0.0111895751953125 0.0296392822265625
2 0.86866943359375 0.34580459594726565 0.0238299560546875 0.0258013916015625
2 0.8097077941894532 0.3612542724609375 0.03273040771484375 0.02233673095703125
2 0.5459622192382813 0.5302833557128906 0.02405487060546875 0.03542266845703125
2 0.5442437744140625 0.5801118469238281 0.02405487060546875 0.03542266845703125
2 0.6110397338867187 0.7508595275878907 0.02276611328125 0.02797393798828125
2 0.9271908187866211 0.7534365844726563 0.022766876220703124 0.0279742431640625
2 0.98205810546875 0.7184347534179687 0.0244970703125 0.03993408203125
2 0.8677925109863281 0.7202227783203125 0.01613311767578125 0.0229193115234375
2 0.9842501831054687 0.7976876831054688 0.027249755859375 0.02118865966796875
2 0.931976318359375 0.6754460144042969 0.0232977294921875 0.01914215087890625
2 0.8808433532714843 0.7166799926757812 0.01231292724609375 0.0236102294921875
2 0.9918746948242188 0.7475 0.0257501220703125 0.01959228515625
