2 0.12081268310546875 0.7832501220703125 0.012183837890625 0.0132501220703125
2 0.10968780517578125 0.7732501220703125 0.012183837890625 0.0132501220703125
2 0.103812255859375 0.7692498779296875 0.0121826171875 0.01324951171875
2 0.09856231689453125 0.7654998779296875 0.0121826171875 0.01324951171875
2 0.09381256103515626 0.7611248779296875 0.0121826171875 0.01324951171875
2 0.0875628662109375 0.7566253662109375 0.012183837890625 0.0132501220703125
2 0.08281280517578125 0.752750244140625 0.012183837890625 0.0132501220703125
2 0.113062744140625 0.73737548828125 0.012183837890625 0.0132501220703125
2 0.12256256103515625 0.7453750610351563 0.012183837890625 0.0132501220703125
2 0.1279376220703125 0.7496249389648437 0.012183837890625 0.0132501220703125
2 0.1265625 0.7325003051757812 0.012183837890625 0.0132501220703125
2 0.06843719482421876 0.7013751220703125 0.012183837890625 0.0132501220703125
2 0.07593780517578125 0.6920001220703125 0.012183837890625 0.0132501220703125
2 0.0714373779296875 0.6888751220703125 0.012183837890625 0.0132501220703125
2 0.07881256103515626 0.7092498779296875 0.0121826171875 0.01324951171875
2 0.095562744140625 0.706375732421875 0.012183837890625 0.0132501220703125
2 0.10756256103515625 0.7336248779296874 0.0121826171875 0.01324951171875
2 0.101312255859375 0.7297503662109375 0.012183837890625 0.0132501220703125
2 0.11143768310546875 0.7207501220703125 0.012183837890625 0.0132501220703125
2 0.1170623779296875 0.7245001220703124 0.012183837890625 0.0132501220703125
2 0.12281280517578125 0.7282501220703125 0.012183837890625 0.0132501220703125
2 0.133687744140625 0.7535000610351562 0.012183837890625 0.0132501220703125
2 0.13143768310546874 0.7351251220703126 0.012183837890625 0.0132501220703125
2 0.138062744140625 0.7395001220703125 0.012183837890625 0.0132501220703125
2 0.14281280517578124 0.742750244140625 0.012183837890625 0.0132501220703125
2 0.13943756103515625 0.7566250610351563 0.012183837890625 0.0132501220703125
2 0.0304376220703125 0.706875 0.012183837890625 0.0132501220703125
2 0.03668792724609375 0.7116253662109375 0.012183837890625 0.0132501220703125
2 0.025687255859375 0.703125 0.012183837890625 0.0132501220703125
2 0.19503326416015626 0.672371826171875 0.0121826171875 0.01324951171875
2 0.19953338623046876 0.6794970703125 0.012183837890625 0.0132501220703125
2 0.20553314208984375 0.6816220092773437 0.012183837890625 0.0132501220703125
2 0.24653350830078125 0.5842474365234375 0.012183837890625 0.0132501220703125
2 0.22765777587890626 0.5697467041015625 0.012183837890625 0.0132501220703125
2 0.22203338623046875 0.5662469482421875 0.012183837890625 0.0132501220703125
2 0.25240875244140626 0.5877471923828125 0.012183837890625 0.0132501220703125
2 0.2575338745117188 0.5922470092773438 0.012183837890625 0.0132501220703125
2 0.08024993896484375 0.6282501220703125 0.0146435546875 0.01300048828125
2 0.08524993896484374 0.6220001220703125 0.0146435546875 0.01300048828125
5 0.0411297607421875 0.12273773193359375 0.0325439453125 0.0287420654296875
5 0.04925537109375 0.11407012939453125 0.0325433349609375 0.0287420654296875
