3 0.05362457275390625 0.858375244140625 0.0317498779296875 0.0383001708984375
6 0.5922900390625 0.34579437255859374 0.04478271484375 0.04244537353515625
6 0.552667236328125 0.31863311767578123 0.0418603515625 0.0422509765625
2 0.37763671875 0.7909454345703125 0.02227294921875 0.0186090087890625
2 0.368875732421875 0.8060626220703125 0.02 0.0177789306640625
2 0.39 0.8091876220703125 0.01699951171875 0.01570404052734375
2 0.3968756103515625 0.803125 0.01800048828125 0.01728851318359375
2 0.5663751220703125 0.8618125915527344 0.015750732421875 0.01728515625
2 0.51850830078125 0.8285641479492187 0.013233642578125 0.014378662109375
2 0.5261907958984375 0.8308943176269531 0.017369384765625 0.01828826904296875
2 0.563687744140625 0.7798121643066406 0.0158740234375 0.01728271484375
2 0.5716241455078125 0.7843748474121094 0.015 0.01657012939453125
2 0.56137451171875 0.8105625915527344 0.015999755859375 0.01353179931640625
2 0.5666156005859375 0.8040486145019531 0.01523193359375 0.01340179443359375
2 0.7034375 0.7364372253417969 0.01737548828125 0.01460662841796875
2 0.7132501220703125 0.7244999694824219 0.017249755859375 0.0176055908203125
2 0.6609368896484376 0.6971247863769531 0.01862548828125 0.0193328857421875
2 0.677938232421875 0.6915005493164063 0.01637451171875 0.01780548095703125
2 0.6251873779296875 0.64 0.0155615234375 0.0200006103515625
2 0.6338751220703125 0.6561250305175781 0.01625 0.0199188232421875
2 0.6618621826171875 0.6463475036621094 0.013775634765625 0.0166943359375
2 0.6478759765625 0.6363751220703125 0.015 0.01886627197265625
2 0.65260009765625 0.6207908630371094 0.01155029296875 0.016082763671875
2 0.63268798828125 0.5674378967285156 0.0129052734375 0.016876220703125
2 0.6374969482421875 0.5807725524902344 0.011993408203125 0.01479583740234375
2 0.6487506103515625 0.5508128356933594 0.013095703125 0.0181256103515625
2 0.6559381103515625 0.5267498779296875 0.01254150390625 0.01725006103515625
2 0.6610675048828125 0.5404524230957031 0.014130859375 0.01609466552734375
2 0.66603515625 0.5535687255859375 0.01218017578125 0.0168865966796875
2 0.6793121337890625 0.5713743591308593 0.0083740234375 0.01393463134765625
2 0.67474365234375 0.5802215576171875 0.010762939453125 0.01494384765625
2 0.66777099609375 0.5822474670410156 0.01120849609375 0.0159954833984375
2 0.6625811767578125 0.6186579895019532 0.013087158203125 0.01681640625
2 0.6753704833984375 0.6261497497558594 0.013240966796875 0.017049560546875
2 0.673499755859375 0.6459375 0.015 0.0194403076171875
2 0.608792724609375 0.6042767333984375 0.015914306640625 0.02144683837890625
2 0.616624755859375 0.6229380798339844 0.01700439453125 0.0226251220703125
2 0.683499755859375 0.6248127746582032 0.0122705078125 0.0186248779296875
2 0.6815625 0.6403126525878906 0.0114892578125 0.0156256103515625
2 0.7102459716796875 0.6359878540039062 0.012635498046875 0.0162762451171875
2 0.669188232421875 0.6114999389648438 0.013624267578125 0.01673004150390625
2 0.6771405029296875 0.6104269409179688 0.011968994140625 0.016103515625
2 0.6796881103515625 0.5933128356933594 0.011435546875 0.0161248779296875
2 0.684813232421875 0.6070631408691406 0.012059326171875 0.01587493896484375
2 0.6990533447265626 0.6068789672851562 0.014144287109375 0.01866729736328125
2 0.7066253662109375 0.6053129577636719 0.011749267578125 0.01734649658203125
2 0.71693603515625 0.6308123779296875 0.012625732421875 0.01740264892578125
2 0.72512451171875 0.6291249084472657 0.012000732421875 0.015491943359375
2 0.72863037109375 0.5926010131835937 0.013990478515625 0.0177978515625
2 0.724124755859375 0.5775 0.01425048828125 0.01787506103515625
2 0.7465869140625 0.5738442993164062 0.014075927734375 0.017938232421875
2 0.751959228515625 0.5886529541015625 0.010333251953125 0.0153057861328125
2 0.7019580078125 0.5909016418457032 0.0094140625 0.01444610595703125
2 0.6965625 0.5781251525878907 0.010875244140625 0.015706787109375
2 0.703590087890625 0.5778678894042969 0.01007080078125 0.01501434326171875
2 0.7095574951171875 0.5767713928222656 0.0096142578125 0.01254180908203125
2 0.6835626220703125 0.5625001525878907 0.011893310546875 0.0167498779296875
2 0.6915008544921875 0.5638130187988282 0.009892578125 0.01587493896484375
2 0.699124755859375 0.5661874389648438 0.011298828125 0.0143756103515625
2 0.7121856689453125 0.5647430419921875 0.01286865234375 0.015986328125
2 0.705625 0.5490623474121094 0.013101806640625 0.01837493896484375
2 0.7011883544921875 0.5350003051757812 0.01274169921875 0.01725067138671875
2 0.714500732421875 0.528687744140625 0.013756103515625 0.018125
2 0.7238031005859376 0.5312094116210937 0.0121435546875 0.01708251953125
2 0.732938232421875 0.5329377746582031 0.011875 0.01738128662109375
2 0.74668701171875 0.5371876525878906 0.012374267578125 0.01682220458984375
2 0.764683837890625 0.5107943725585937 0.0136181640625 0.01816070556640625
2 0.6641876220703125 0.5274374389648437 0.01114501953125 0.01712493896484375
2 0.682042236328125 0.5391162109375 0.011666259765625 0.016767578125
2 0.6888128662109375 0.5367503356933594 0.012408447265625 0.01675018310546875
2 0.6765625 0.5252499389648437 0.011878662109375 0.017750244140625
2 0.6727850341796875 0.51140380859375 0.011319580078125 0.0154425048828125
2 0.683857421875 0.5061044311523437 0.011966552734375 0.01695953369140625
2 0.6786834716796875 0.4927409362792969 0.011883544921875 0.01673248291015625
2 0.69125 0.5047494506835938 0.0125 0.01790008544921875
2 0.6860009765625 0.489375 0.011566162109375 0.01725006103515625
2 0.6943023681640625 0.48815811157226563 0.01360595703125 0.0184326171875
2 0.7047479248046875 0.4975770568847656 0.012193603515625 0.01765350341796875
2 0.6991259765625 0.5040623474121094 0.010999755859375 0.01566986083984375
2 0.7089373779296875 0.5131245422363281 0.012125244140625 0.01549163818359375
2 0.7240008544921875 0.5038127136230469 0.012249755859375 0.0185009765625
2 0.7391961669921875 0.4977552795410156 0.012391357421875 0.0172607421875
2 0.7297344970703125 0.493311767578125 0.01203369140625 0.01962371826171875
2 0.6959368896484375 0.46712478637695315 0.0108984375 0.0175
2 0.7696405029296876 0.4842030334472656 0.013720703125 0.017906494140625
2 0.7498760986328125 0.4661248779296875 0.012750244140625 0.01761505126953125
2 0.7204193115234375 0.46543136596679685 0.0115869140625 0.015887451171875
2 0.71606201171875 0.45074981689453125 0.00966064453125 0.01475067138671875
2 0.73612548828125 0.4225624084472656 0.0125439453125 0.01662567138671875
2 0.7524749755859375 0.38290847778320314 0.010799560546875 0.01531768798828125
2 0.754937744140625 0.3963128662109375 0.010469970703125 0.01487579345703125
2 0.7584375 0.41031219482421877 0.01046875 0.0148748779296875
2 0.763812255859375 0.4246881103515625 0.010469970703125 0.01487548828125
2 0.7521881103515625 0.4259378051757812 0.01046875 0.0148748779296875
2 0.7564385986328125 0.44068756103515627 0.01046875 0.0148748779296875
2 0.778687744140625 0.446187744140625 0.010469970703125 0.01487579345703125
2 0.783438720703125 0.4615623474121094 0.013125 0.01836181640625
2 0.789937744140625 0.4798126220703125 0.013125 0.01836181640625
2 0.7864996337890625 0.5027500915527344 0.016749267578125 0.0250958251953125
2 0.8009991455078125 0.5388751220703125 0.016749267578125 0.0250958251953125
2 0.805374755859375 0.5255624389648438 0.013499755859375 0.01907745361328125
2 0.8118133544921875 0.5409999084472656 0.01262451171875 0.017193603515625
2 0.8024383544921875 0.4929374694824219 0.013125 0.01836181640625
2 0.8160626220703125 0.48243759155273436 0.013125 0.01836181640625
2 0.8304400634765625 0.4747003173828125 0.01212890625 0.01634979248046875
2 0.835565185546875 0.4884504699707031 0.01212890625 0.01634979248046875
2 0.8066253662109375 0.4506875610351562 0.01199951171875 0.01695770263671875
2 0.815 0.4523126220703125 0.01199951171875 0.0169573974609375
2 0.810750732421875 0.43693756103515624 0.01199951171875 0.01695770263671875
2 0.816500244140625 0.43100021362304686 0.0110009765625 0.015123291015625
2 0.8249664306640625 0.42904632568359374 0.0103173828125 0.012843017578125
2 0.8124505615234375 0.41461532592773437 0.010601806640625 0.01648162841796875
2 0.784073486328125 0.40361541748046875 0.0106005859375 0.0164813232421875
2 0.799326171875 0.39481781005859373 0.01010009765625 0.014886474609375
2 0.7888262939453125 0.388568115234375 0.01010009765625 0.014886474609375
2 0.7944512939453126 0.37981826782226563 0.01010009765625 0.014886474609375
2 0.7739501953125 0.3576927185058594 0.01010009765625 0.01488677978515625
2 0.77395263671875 0.39077056884765626 0.010595703125 0.0170404052734375
2 0.7814520263671875 0.38926986694335936 0.010596923828125 0.017041015625
2 0.814202880859375 0.3908955383300781 0.010596923828125 0.017041015625
2 0.8368267822265625 0.41039520263671875 0.010596923828125 0.01704071044921875
2 0.8520770263671875 0.4356448364257812 0.010596923828125 0.01704071044921875
2 0.8689520263671875 0.437020263671875 0.010595703125 0.0170404052734375
2 0.8648126220703125 0.42274978637695315 0.010096435546875 0.0154998779296875
2 0.8712493896484375 0.41299285888671877 0.010498046875 0.016763916015625
2 0.886712646484375 0.4099932861328125 0.011326904296875 0.02298583984375
2 0.908182373046875 0.40801666259765623 0.0103857421875 0.01728240966796875
2 0.861474609375 0.4086735534667969 0.009449462890625 0.01465301513671875
2 0.8530615234375 0.4103746032714844 0.009874267578125 0.01900726318359375
2 0.844326171875 0.4090206909179688 0.010596923828125 0.01704071044921875
2 0.8402008056640625 0.39351974487304686 0.010596923828125 0.017041015625
2 0.849000244140625 0.39200042724609374 0.010999755859375 0.0192706298828125
2 0.8575 0.3938749694824219 0.01074951171875 0.01711669921875
2 0.8810626220703125 0.39143722534179687 0.010897216796875 0.01587554931640625
2 0.854918212890625 0.3788386535644531 0.010087890625 0.0131781005859375
2 0.8521685791015625 0.3655889892578125 0.010086669921875 0.01317840576171875
2 0.82675048828125 0.3745005798339844 0.012252197265625 0.020001220703125
2 0.814639892578125 0.3625335693359375 0.0118994140625 0.0166827392578125
2 0.7902093505859376 0.3646833801269531 0.0127001953125 0.02013397216796875
2 0.8307147216796875 0.35330535888671877 0.009571533203125 0.0153607177734375
2 0.8274652099609375 0.3389299011230469 0.009571533203125 0.01536102294921875
2 0.8177142333984375 0.34168014526367185 0.009571533203125 0.01536041259765625
2 0.8063397216796875 0.3326800537109375 0.009571533203125 0.01536102294921875
2 0.81896484375 0.30980499267578127 0.009571533203125 0.0153607177734375
2 0.8332147216796875 0.326929931640625 0.009571533203125 0.0153607177734375
2 0.8427508544921875 0.32481979370117187 0.009801025390625 0.01663909912109375
2 0.8510009765625 0.31944473266601564 0.009801025390625 0.016639404296875
2 0.847625732421875 0.303194580078125 0.009801025390625 0.0166387939453125
2 0.839686279296875 0.3104997253417969 0.00987548828125 0.01428497314453125
2 0.826436767578125 0.29975051879882814 0.009874267578125 0.01428497314453125
2 0.8374359130859375 0.2971247863769531 0.009874267578125 0.01428497314453125
2 0.862437744140625 0.30512466430664065 0.009874267578125 0.01428497314453125
2 0.845816650390625 0.33947250366210935 0.00964111328125 0.01294647216796875
2 0.8583026123046875 0.3505462646484375 0.01014404296875 0.01567840576171875
2 0.8632501220703125 0.3396875 0.0086328125 0.01587493896484375
2 0.872255859375 0.3482264709472656 0.008739013671875 0.014453125
2 0.8781304931640626 0.37722671508789063 0.008739013671875 0.01445343017578125
2 0.8827545166015625 0.3649766540527344 0.008739013671875 0.01445343017578125
2 0.88588134765625 0.3783514404296875 0.008739013671875 0.014453125
2 0.8927545166015625 0.3772270202636719 0.008739013671875 0.01445343017578125
2 0.89984619140625 0.3784742736816406 0.0078076171875 0.01144927978515625
2 0.90665283203125 0.37675277709960936 0.007305908203125 0.00950531005859375
2 0.903583984375 0.36491897583007815 0.00908203125 0.0155877685546875
2 0.91199951171875 0.36331268310546877 0.008565673828125 0.0143756103515625
2 0.922125244140625 0.3744377136230469 0.008565673828125 0.014375
2 0.914124755859375 0.37587493896484375 0.008314208984375 0.0107501220703125
2 0.9227496337890625 0.3396875 0.008565673828125 0.014375
2 0.9162506103515625 0.3450628662109375 0.008565673828125 0.0143756103515625
2 0.900374755859375 0.35168731689453125 0.008565673828125 0.014375
2 0.8985003662109375 0.3380624389648437 0.008565673828125 0.014375
2 0.913375244140625 0.33081268310546874 0.008565673828125 0.014375
2 0.9104998779296875 0.3174375915527344 0.008565673828125 0.0143756103515625
2 0.902874755859375 0.31943756103515625 0.008565673828125 0.014375
2 0.88862548828125 0.32331253051757813 0.008565673828125 0.0143756103515625
2 0.8830059814453125 0.337198486328125 0.008736572265625 0.013896484375
2 0.87613037109375 0.33769805908203127 0.00873779296875 0.0138970947265625
2 0.86863037109375 0.33519805908203126 0.00873779296875 0.0138970947265625
2 0.8845050048828125 0.30957305908203125 0.00873779296875 0.0138970947265625
2 0.8931243896484375 0.31061553955078125 0.0085009765625 0.01298095703125
2 0.8579833984375 0.2907353210449219 0.011783447265625 0.0172210693359375
2 0.749976806640625 0.09175003051757813 0.021217041015625 0.01923370361328125
2 0.7370635986328125 0.07029266357421875 0.016650390625 0.01472686767578125
2 0.7278021240234375 0.05895217895507812 0.0173046875 0.01467987060546875
2 0.2575628662109375 0.17537521362304687 0.024124755859375 0.01840545654296875
2 0.2211883544921875 0.1095623779296875 0.019375 0.01554962158203125
2 0.3459637451171875 0.20372879028320312 0.014322509765625 0.01595703125
2 0.3596539306640625 0.21460311889648437 0.015557861328125 0.01795623779296875
2 0.352835693359375 0.2093385314941406 0.0135791015625 0.01557281494140625
2 0.1311248779296875 0.21568756103515624 0.021500244140625 0.013453369140625
