2 0.21028367996215822 0.8237295532226563 0.02510181427001953 0.0255682373046875
2 0.10499222755432129 0.8530801391601562 0.024247493743896485 0.0238909912109375
2 0.1090673828125 0.9665982055664063 0.023550376892089844 0.0230450439453125
3 0.3428387451171875 0.7042141723632812 0.09391983032226563 0.101219482421875
2 0.4184174346923828 0.5032693481445313 0.02399658203125 0.0232611083984375
2 0.4191590881347656 0.5025482177734375 0.0256622314453125 0.024703369140625
2 0.4260858917236328 0.43264892578125 0.0256622314453125 0.024703369140625
2 0.4206546783447266 0.915875244140625 0.0274298095703125 0.0261334228515625
2 0.46505050659179686 0.9478341674804688 0.026613082885742188 0.0251885986328125
3 0.09414331316947937 0.9232748413085937 0.06864002704620362 0.0769622802734375
3 0.42958507537841795 0.87845458984375 0.08352615356445313 0.0827142333984375
2 0.24384481430053712 0.578043212890625 0.02427562713623047 0.022957763671875
2 0.3076256561279297 0.6261123657226563 0.025201034545898438 0.0234344482421875
3 0.19604564666748048 0.24387451171875 0.027304611206054687 0.02945556640625
2 0.13176280975341798 0.10069183349609374 0.021082077026367187 0.0204510498046875
2 0.6007218170166015 0.016850433349609374 0.02280181884765625 0.02296600341796875
2 0.49585906982421873 0.17689239501953125 0.025182723999023438 0.02349609375
2 0.5050455474853516 0.16540985107421874 0.025182723999023438 0.02349609375
2 0.7575460815429688 0.119212646484375 0.027574005126953124 0.02821533203125
2 0.647637939453125 0.21107666015625 0.0249749755859375 0.026246337890625
2 0.48589248657226564 0.42810394287109377 0.02486968994140625 0.0259185791015625
2 0.5879264831542969 0.2401116943359375 0.027682952880859375 0.02985595703125
2 0.6437007904052734 0.24716552734375 0.0249749755859375 0.0262469482421875
2 0.7280183410644532 0.28079376220703123 0.0244317626953125 0.025262451171875
2 0.6205014038085938 0.39535675048828123 0.0286822509765625 0.0290777587890625
2 0.49934394836425783 0.5527755737304687 0.02486968994140625 0.0259185791015625
2 0.5944881439208984 0.6452951049804687 0.0248699951171875 0.0259185791015625
2 0.7496482849121093 0.59400390625 0.027606353759765626 0.02679443359375
2 0.6118766403198242 0.571640625 0.028016738891601563 0.0282147216796875
2 0.6965191650390625 0.6108676147460937 0.026253509521484374 0.025960693359375
2 0.8421916198730469 0.025052642822265624 0.02497467041015625 0.02624664306640625
3 0.921099853515625 0.05653594970703125 0.0987445068359375 0.10238739013671876
2 0.8841863250732422 0.4358135986328125 0.0249749755859375 0.026246337890625
2 0.9120732116699218 0.5138973999023437 0.024975128173828125 0.0262469482421875
2 0.9261810302734375 0.5299740600585937 0.0249749755859375 0.0262469482421875
2 0.8444882965087891 0.6113388061523437 0.025629425048828126 0.0262469482421875
2 0.6778213500976562 0.7622576904296875 0.0256292724609375 0.026246337890625
2 0.61384521484375 0.7202627563476562 0.025629653930664062 0.0262469482421875
2 0.509842414855957 0.8278741455078125 0.02562957763671875 0.026246337890625
3 0.7623030090332031 0.65743408203125 0.09612823486328125 0.096129150390625
2 0.6230315780639648 0.9007095336914063 0.025629501342773437 0.0262469482421875
2 0.9760470581054688 0.3526153564453125 0.026908416748046875 0.0265167236328125
2 0.5193657684326172 0.9232144165039062 0.029450454711914063 0.0281884765625
