2 0.10343193054199219 0.4494647216796875 0.015313568115234375 0.02896728515625
2 0.10146331787109375 0.5955221557617187 0.02880828857421875 0.01503662109375
2 0.10444488525390624 0.6096749877929688 0.02601348876953125 0.014991455078125
2 0.10786994934082031 0.6264907836914062 0.0260333251953125 0.01506561279296875
2 0.16554351806640624 0.5645539855957031 0.025866851806640626 0.0142047119140625
2 0.15399879455566406 0.5361567687988281 0.02586700439453125 0.0142047119140625
2 0.17961212158203124 0.5316941833496094 0.028514556884765625 0.01437164306640625
2 0.18375244140625 0.5143905639648437 0.027399749755859376 0.01368194580078125
2 0.1618054962158203 0.550914306640625 0.03113616943359375 0.01335174560546875
2 0.16598068237304686 0.5818577575683593 0.032158203125 0.015523681640625
2 0.15678070068359376 0.36630821228027344 0.0272027587890625 0.014048309326171874
2 0.15319793701171874 0.3508491516113281 0.02667205810546875 0.012225494384765626
2 0.1563103485107422 0.3823040008544922 0.027588958740234374 0.018067169189453124
2 0.15902175903320312 0.39741981506347657 0.02705657958984375 0.013438873291015625
2 0.1623223876953125 0.4110919952392578 0.027099609375 0.013628997802734376
2 0.12925971984863283 0.40198760986328125 0.02705657958984375 0.013438873291015625
2 0.13298675537109375 0.4168571472167969 0.025524749755859374 0.0138079833984375
2 0.13367881774902343 0.43236114501953127 0.025524749755859374 0.0138079833984375
2 0.16205650329589844 0.42723899841308594 0.025524749755859374 0.0138079833984375
2 0.16690147399902344 0.4410818481445313 0.02552490234375 0.013808135986328124
2 0.14110908508300782 0.4473553466796875 0.023568267822265624 0.0130657958984375
2 0.1717015838623047 0.4556609344482422 0.023568267822265624 0.01306610107421875
2 0.14557037353515626 0.4606884002685547 0.0232281494140625 0.011208953857421875
2 0.1744122314453125 0.47099014282226564 0.02756011962890625 0.01330780029296875
2 0.14539756774902343 0.4755857849121094 0.02578857421875 0.01519012451171875
2 0.1766333770751953 0.5017996215820313 0.0289312744140625 0.0164923095703125
2 0.14436485290527343 0.49123382568359375 0.03083953857421875 0.0149981689453125
2 0.17562965393066407 0.485401611328125 0.028170318603515626 0.01383087158203125
2 0.14908645629882813 0.5059526062011719 0.025609130859375 0.01694366455078125
2 0.16154495239257813 0.6818937683105468 0.008444061279296875 0.0218389892578125
2 0.22519660949707032 0.26076148986816405 0.025282440185546876 0.01405303955078125
2 0.2294879150390625 0.2757117462158203 0.025282440185546876 0.01405303955078125
2 0.1992664337158203 0.2811461639404297 0.03137405395507813 0.01619598388671875
2 0.20051239013671876 0.2969270324707031 0.028233795166015624 0.0150885009765625
2 0.23054679870605468 0.2913605499267578 0.025185546875 0.014039306640625
2 0.2340076446533203 0.3068647766113281 0.025185546875 0.014039154052734376
2 0.24134422302246095 0.35060791015625 0.025185546875 0.014039459228515625
2 0.24386222839355468 0.36697853088378907 0.023488311767578124 0.013966827392578126
2 0.216578369140625 0.370421142578125 0.0249334716796875 0.014003143310546876
2 0.22253067016601563 0.4000446319580078 0.0249334716796875 0.014003143310546876
2 0.2505987548828125 0.41266426086425784 0.02569854736328125 0.01372772216796875
2 0.22173049926757812 0.41645370483398436 0.025825042724609375 0.01413055419921875
2 0.3017642211914062 0.32298614501953127 0.027471771240234377 0.013972625732421876
2 0.2940216064453125 0.29435821533203127 0.026293487548828126 0.014466400146484376
2 0.2453673553466797 0.19634681701660156 0.014309539794921874 0.023806610107421876
2 0.26000022888183594 0.19381263732910156 0.013344268798828125 0.022624969482421875
2 0.31993148803710936 0.18434097290039062 0.01463714599609375 0.027432098388671874
2 0.4237500762939453 0.24699996948242187 0.02649993896484375 0.010760345458984376
2 0.39881248474121095 0.29962501525878904 0.025875244140625 0.012314605712890624
2 0.4089832305908203 0.2814203643798828 0.025216827392578123 0.011158905029296874
2 0.3788529205322266 0.3351399230957031 0.025544891357421873 0.011220245361328126
2 0.3562254333496094 0.38310585021972654 0.02454925537109375 0.0109613037109375
2 0.3125164031982422 0.47743515014648436 0.0269866943359375 0.0121051025390625
2 0.27945709228515625 0.55862060546875 0.031424560546875 0.0134906005859375
2 0.28855079650878906 0.5267465209960938 0.026894683837890624 0.01200897216796875
2 0.2841839599609375 0.5436680603027344 0.02610931396484375 0.011190185546875
2 0.2717657470703125 0.5735536193847657 0.02610931396484375 0.01118988037109375
2 0.23137290954589843 0.6477212524414062 0.027429046630859374 0.0216094970703125
2 0.2238672637939453 0.6653248596191407 0.026610260009765626 0.01952056884765625
2 0.21705764770507813 0.6827027893066406 0.0280010986328125 0.01423431396484375
2 0.1507231903076172 0.8112037658691407 0.02360809326171875 0.0162994384765625
2 0.14198959350585938 0.822939453125 0.02524566650390625 0.016910400390625
2 0.09551536560058593 0.8017088317871094 0.024530792236328126 0.02386566162109375
2 0.009937667846679687 0.9060627746582032 0.018584136962890626 0.02462493896484375
2 0.043407440185546875 0.8373725891113282 0.02531494140625 0.01749481201171875
2 0.7574629211425781 0.5415158081054687 0.02280426025390625 0.02556396484375
2 0.8397306823730468 0.5693896484375 0.026119384765625 0.0288714599609375
2 0.9273576354980468 0.5024244689941406 0.02618927001953125 0.0289434814453125
3 0.9073468017578125 0.49032745361328123 0.08458465576171875 0.08725860595703125
2 0.8623689270019531 0.5764437866210937 0.024901123046875 0.025262451171875
2 0.710958251953125 0.7373689270019531 0.02640350341796875 0.0288714599609375
2 0.6599411010742188 0.8431758117675782 0.0233563232421875 0.02788726806640625
2 0.8523074340820312 0.8865895080566406 0.02482269287109375 0.0243927001953125
2 0.8803282165527344 0.8268672180175781 0.02345184326171875 0.02375946044921875
2 0.8065055847167969 0.911817626953125 0.02475677490234375 0.025118408203125
2 0.9681358337402344 0.7650016784667969 0.02862396240234375 0.03069183349609375
2 0.7905010986328125 0.9802853393554688 0.026212158203125 0.026634521484375
2 0.6838734436035157 0.98126953125 0.026212158203125 0.02663421630859375
2 0.30510108947753906 0.18773094177246094 0.01463714599609375 0.027432098388671874
2 0.2909061431884766 0.18963768005371093 0.01463714599609375 0.027432098388671874
2 0.27628738403320313 0.1955699157714844 0.01463714599609375 0.027432098388671874
2 0.23146194458007813 0.20127128601074218 0.013771209716796875 0.023329010009765627
2 0.21833831787109376 0.205758056640625 0.01840789794921875 0.027194061279296876
2 0.2045550537109375 0.2130298614501953 0.01620758056640625 0.02690673828125
2 0.22848976135253907 0.4310777282714844 0.02923370361328125 0.01404510498046875
2 0.2301752471923828 0.44785385131835936 0.0322979736328125 0.01505523681640625
2 0.23047653198242188 0.46428689956665037 0.0324395751953125 0.015277481079101563
2 0.2419952392578125 0.3371363067626953 0.029488067626953125 0.014272613525390625
2 0.2027508544921875 0.3111717987060547 0.026248626708984375 0.014164886474609374
2 0.20750572204589843 0.32737709045410157 0.026421966552734374 0.014754180908203124
2 0.20913070678710938 0.3415020751953125 0.026421966552734374 0.014754180908203124
2 0.21113082885742188 0.35737716674804687 0.026421966552734374 0.014754180908203124
2 0.9829801940917968 0.41034912109375 0.03047821044921875 0.029537353515625
2 0.16027145385742186 0.7965719604492187 0.0357073974609375 0.0181439208984375
2 0.18400321960449217 0.7646060180664063 0.02524566650390625 0.016910400390625
2 0.19316856384277345 0.750037841796875 0.027551727294921877 0.01936920166015625
2 0.19907127380371092 0.7340657043457032 0.027551727294921877 0.01936920166015625
2 0.24705970764160157 0.6190673828125 0.034397125244140625 0.01742034912109375
2 0.2545574951171875 0.6042304992675781 0.0280010986328125 0.01423431396484375
2 0.0844989013671875 0.49006210327148436 0.0265264892578125 0.01554046630859375
2 0.077901611328125 0.4445759582519531 0.0265264892578125 0.01554046630859375
2 0.09427085876464844 0.5364582824707032 0.021180572509765624 0.0146319580078125
2 0.09114578247070312 0.5215277099609374 0.021180572509765624 0.0146319580078125
2 0.08732643127441406 0.5052084350585937 0.021180572509765624 0.0146319580078125
2 0.0956597900390625 0.5531251525878906 0.021180572509765624 0.014632568359375
2 0.10156257629394531 0.5819444274902343 0.021180572509765624 0.014632568359375
2 0.08293739318847657 0.47462677001953124 0.018847808837890626 0.0139410400390625
2 0.337894287109375 0.1825560760498047 0.0194818115234375 0.0348492431640625
2 0.5789195251464844 0.9604922485351562 0.0259539794921875 0.030191650390625
