7 0.027242431640625 0.15313987731933593 0.0295635986328125 0.05863815307617187
7 0.02708740234375 0.2446265411376953 0.04462310791015625 0.06751205444335938
7 0.0212274169921875 0.35287391662597656 0.04596221923828125 0.06457015991210938
7 0.020777549743652344 0.8493486022949219 0.04419509887695312 0.05022735595703125
7 0.37928268432617185 0.925655517578125 0.02837249755859375 0.051793212890625
2 0.2538661193847656 0.9170962524414062 0.0257733154296875 0.0116021728515625
2 0.15936431884765626 0.9619842529296875 0.029210205078125 0.01117645263671875
2 0.2594500732421875 0.808419189453125 0.02577301025390625 0.0116021728515625
2 0.18392257690429686 0.5772293090820313 0.01273895263671875 0.02859893798828125
2 0.1823712158203125 0.512213134765625 0.01412353515625 0.02743255615234375
2 0.21756866455078125 0.3908934783935547 0.0098797607421875 0.02620269775390625
2 0.18169265747070312 0.39955619812011717 0.010325927734375 0.029782562255859374
2 0.219493408203125 0.2818586730957031 0.010325927734375 0.029782562255859374
2 0.14861679077148438 0.35933006286621094 0.0240716552734375 0.01218109130859375
2 0.1812628173828125 0.16180191040039063 0.01032684326171875 0.028500518798828124
2 0.15249130249023438 0.09450164794921875 0.02636749267578125 0.012457122802734375
2 0.14726119995117187 0.20662872314453126 0.03193817138671875 0.01162506103515625
2 0.6700971984863281 0.14913719177246093 0.02750396728515625 0.02293060302734375
2 0.7411943054199219 0.14755157470703126 0.02362548828125 0.028678131103515626
2 0.6769699096679688 0.13668006896972656 0.02750396728515625 0.02293060302734375
2 0.6597879028320313 0.16288307189941406 0.02750396728515625 0.02293060302734375
2 0.6600086975097657 0.30584197998046875 0.0296392822265625 0.03879348754882812
2 0.5983619689941406 0.2591030883789063 0.02750396728515625 0.02293060302734375
2 0.6368128967285156 0.3404209899902344 0.02362548828125 0.028678131103515626
2 0.621348876953125 0.36705329895019534 0.02362518310546875 0.028678131103515626
2 0.5889117431640625 0.27886253356933594 0.02750396728515625 0.02293060302734375
2 0.5854753112792969 0.290889892578125 0.02750396728515625 0.02293060302734375
2 0.8923971557617187 0.8219500732421875 0.01675262451171875 0.02869049072265625
2 0.9501718139648437 0.8298968505859375 0.0111895751953125 0.0296392822265625
2 0.8520188903808594 0.6808416748046875 0.0253436279296875 0.02824127197265625
7 0.7771875 0.33731239318847656 0.029375 0.0324432373046875
7 0.35554931640625 0.18249435424804689 0.02460052490234375 0.0277459716796875
2 0.7389703369140626 0.6588031005859375 0.0204248046875 0.0279217529296875
