2 0.027230682373046874 0.5693896484375 0.026119384765625 0.0288714599609375
2 0.11485763549804688 0.5024244689941406 0.02618927001953125 0.0289434814453125
2 0.18419631958007812 0.43165130615234376 0.02980987548828125 0.02701629638671875
2 0.19420394897460938 0.5558087158203125 0.0243218994140625 0.02889495849609375
3 0.0948468017578125 0.49032745361328123 0.08458465576171875 0.08725860595703125
2 0.049868927001953126 0.5764437866210937 0.024901123046875 0.025262451171875
2 0.03980743408203125 0.8865895080566406 0.02482269287109375 0.0243927001953125
2 0.06782821655273437 0.8268672180175781 0.02345184326171875 0.02375946044921875
2 0.15563583374023438 0.7650016784667969 0.02862396240234375 0.03069183349609375
2 0.18975616455078126 0.8814715576171875 0.028624267578125 0.030692138671875
2 0.4055650329589844 0.9505210876464844 0.0265899658203125 0.02659027099609375
2 0.5452766418457031 0.9500079345703125 0.0269561767578125 0.02391845703125
2 0.39802642822265627 0.6504936218261719 0.0252191162109375 0.02611968994140625
2 0.36878021240234377 0.712581787109375 0.02703399658203125 0.027685546875
2 0.2270587158203125 0.8666387939453125 0.02703399658203125 0.027685546875
2 0.4605674743652344 0.6093136596679688 0.02859039306640625 0.029482421875
2 0.35158706665039063 0.5403082275390625 0.026639404296875 0.0279852294921875
2 0.3375001525878906 0.5292300415039063 0.0264263916015625 0.02721038818359375
2 0.5828218078613281 0.5059709167480468 0.02693695068359375 0.0283892822265625
2 0.41447402954101564 0.44037818908691406 0.026864013671875 0.028101043701171877
2 0.4783966064453125 0.45880607604980467 0.02751708984375 0.028358001708984375
2 0.4808648681640625 0.4232520294189453 0.0247772216796875 0.026328582763671875
2 0.5334982299804687 0.2795038604736328 0.0264263916015625 0.027210235595703125
3 0.28637542724609377 0.41793874740600584 0.059061279296875 0.12245628356933594
2 0.24273681640625 0.5045343017578126 0.02110504150390625 0.02656768798828125
2 0.24769439697265624 0.34628173828125 0.02599273681640625 0.022348785400390626
2 0.28029052734375 0.3508770751953125 0.03244171142578125 0.0285089111328125
2 0.23149673461914064 0.3898027801513672 0.02855316162109375 0.025219268798828125
2 0.314830322265625 0.2926262664794922 0.0308837890625 0.0265899658203125
2 0.48122238159179687 0.1846216583251953 0.03156005859375 0.0265899658203125
2 0.4003564453125 0.23314132690429687 0.03156005859375 0.0265899658203125
2 0.5587213134765625 0.16688079833984376 0.02839080810546875 0.024243011474609374
2 0.55551025390625 0.14199554443359375 0.0296405029296875 0.024122772216796876
2 0.32867324829101563 0.03577285766601562 0.0115130615234375 0.026589813232421874
2 0.668175048828125 0.1199285888671875 0.0253839111328125 0.0178179931640625
2 0.7271107482910156 0.09690231323242188 0.0253839111328125 0.0178179931640625
2 0.82127197265625 0.0662005615234375 0.02631561279296875 0.0190325927734375
2 0.8444706726074219 0.03301025390625 0.0283056640625 0.018824005126953126
2 0.91885986328125 0.03645820617675781 0.03015350341796875 0.020569915771484374
2 0.9135494995117187 0.005317935943603516 0.0283056640625 0.013365249633789062
2 0.7715538024902344 0.05924285888671875 0.02706756591796875 0.01693084716796875
2 0.8016110229492187 0.03197090148925781 0.03054931640625 0.019391326904296874
2 0.6128829956054688 0.11239120483398438 0.02313751220703125 0.016994171142578125
2 0.7357865905761719 0.31026008605957034 0.0284271240234375 0.02860260009765625
2 0.8474284362792969 0.1608319854736328 0.01238037109375 0.02921295166015625
2 0.6599508666992188 0.3612938690185547 0.0291571044921875 0.028508758544921874
2 0.7160086059570312 0.27398590087890623 0.02631988525390625 0.027686767578125
2 0.7460250854492188 0.4250273132324219 0.01672149658203125 0.027313385009765625
2 0.7324545288085937 0.5162275695800781 0.01919281005859375 0.02840057373046875
2 0.7790000915527344 0.5530902099609375 0.01656158447265625 0.02594635009765625
2 0.7571966552734375 0.8502058410644531 0.0269207763671875 0.02162750244140625
2 0.7594129943847656 0.8246760559082031 0.03911041259765625 0.02818939208984375
3 0.8832235717773438 0.7733003234863282 0.08497802734375 0.04839202880859375
2 0.17048019409179688 0.41034912109375 0.03047821044921875 0.029537353515625
2 0.9559548950195312 0.7627842712402344 0.0320721435546875 0.0188690185546875
2 0.6686053466796875 0.094683837890625 0.03266754150390625 0.02240478515625
2 0.6999028015136719 0.08254425048828125 0.0326678466796875 0.02240478515625
