7 0.44788055419921874 0.020712661743164062 0.0431207275390625 0.04274063110351563
7 0.5042845153808594 0.07936470031738281 0.030226974487304686 0.06678619384765624
7 0.4105247116088867 0.1963939666748047 0.06708595275878906 0.07792526245117187
7 0.6534170532226562 0.07939956665039062 0.0693341064453125 0.05026275634765625
7 0.18399818420410155 0.33294898986816407 0.04700363159179687 0.061648101806640626
2 0.18041240692138671 0.49484542846679686 0.011168365478515624 0.0260760498046875
2 0.16602237701416014 0.5090206909179688 0.009879722595214843 0.03332427978515625
2 0.043417010307312015 0.5504855346679688 0.026568050384521483 0.0120013427734375
2 0.23156137466430665 0.5848500061035157 0.026568031311035155 0.0120013427734375
2 0.27795310974121096 0.5827023315429688 0.026568031311035155 0.0120013427734375
2 0.3421391296386719 0.5882734680175781 0.022766494750976564 0.01292816162109375
2 0.5652494812011719 0.44429237365722657 0.03359039306640625 0.018739166259765624
2 0.48639514923095706 0.35917198181152343 0.03408271789550781 0.03380386352539062
2 0.20102928161621095 0.6168846130371094 0.010312576293945313 0.0243927001953125
2 0.17976627349853516 0.615086669921875 0.013390884399414063 0.0340020751953125
2 0.08075437545776368 0.667142333984375 0.010312557220458984 0.0243927001953125
2 0.11941417694091797 0.7204067993164063 0.010312557220458984 0.0243927001953125
2 0.11920101165771485 0.7835047912597656 0.009879722595214843 0.0365118408203125
2 0.04948041915893555 0.7647911071777344 0.0324826431274414 0.01626617431640625
7 0.37441322326660154 0.7922821044921875 0.05934394836425781 0.0501318359375
7 0.5068409729003907 0.8551625061035156 0.06174858093261719 0.0388812255859375
2 0.35551933288574217 0.6236264038085938 0.016880340576171875 0.02860992431640625
2 0.37375720977783206 0.6267350769042969 0.018133087158203123 0.0322503662109375
2 0.3907425308227539 0.6330769348144532 0.016880340576171875 0.0286102294921875
2 0.578393440246582 0.7171389770507812 0.030663604736328124 0.0292095947265625
2 0.6011597824096679 0.7991839599609375 0.0268255615234375 0.0180413818359375
7 0.4451005554199219 0.9365486145019531 0.035925674438476565 0.05449066162109375
2 0.01825601577758789 0.855885009765625 0.023625431060791017 0.011168212890625
2 0.020403776168823242 0.870489501953125 0.02362542152404785 0.011168212890625
2 0.02276635617017746 0.9456614685058594 0.03006888508796692 0.0223858642578125
2 0.023195855617523194 0.96112548828125 0.026632328033447266 0.01650604248046875
2 0.04701445996761322 0.9509300231933594 0.026380436420440675 0.020845947265625
2 0.11018038749694824 0.9344929504394531 0.02741901397705078 0.01288665771484375
2 0.5824568939208984 0.95212890625 0.02402008056640625 0.0120758056640625
2 0.5801116943359375 0.9675686645507813 0.02362548828125 0.011168212890625
7 0.7671109008789062 0.959810791015625 0.05856185913085937 0.0430072021484375
2 0.7305815887451171 0.7865240478515625 0.024232177734375 0.01333953857421875
2 0.7863067626953125 0.7155819702148437 0.0159698486328125 0.02888763427734375
2 0.7729600524902344 0.7033494567871094 0.010780792236328125 0.02414337158203125
2 0.7725515747070313 0.7935995483398437 0.02362548828125 0.012027587890625
2 0.7849876403808593 0.8262017822265625 0.01078094482421875 0.02414337158203125
2 0.8043174743652344 0.8283494567871094 0.01078094482421875 0.02414337158203125
2 0.9308419799804688 0.8238832092285157 0.0094500732421875 0.0330755615234375
7 0.8657646179199219 0.5674398803710937 0.0528350830078125 0.03221649169921875
7 0.707044677734375 0.4639176368713379 0.03951889038085937 0.06074256896972656
7 0.9645487213134766 0.5014704895019532 0.05894546508789063 0.03687835693359375
2 0.9790818023681641 0.37107124328613283 0.01486480712890625 0.03148284912109375
2 0.9566151428222657 0.37478530883789063 0.011189422607421874 0.0292095947265625
7 0.9039712524414063 0.10713813781738281 0.05555755615234375 0.0362237548828125
7 0.7432447052001954 0.09975837707519532 0.06137649536132812 0.04951675415039063
7 0.09824915885925294 0.27863014221191407 0.039751720428466794 0.06334457397460938
