2 0.9333126831054688 0.7832501220703125 0.012183837890625 0.0132501220703125
2 0.9221878051757812 0.7732501220703125 0.012183837890625 0.0132501220703125
2 0.916312255859375 0.7692498779296875 0.0121826171875 0.01324951171875
2 0.9110623168945312 0.7654998779296875 0.0121826171875 0.01324951171875
2 0.9063125610351562 0.7611248779296875 0.0121826171875 0.01324951171875
2 0.9000628662109375 0.7566253662109375 0.012183837890625 0.0132501220703125
2 0.8953128051757813 0.752750244140625 0.012183837890625 0.0132501220703125
2 0.925562744140625 0.73737548828125 0.012183837890625 0.0132501220703125
2 0.9350625610351563 0.7453750610351563 0.012183837890625 0.0132501220703125
2 0.9404376220703125 0.7496249389648437 0.012183837890625 0.0132501220703125
2 0.9390625 0.7325003051757812 0.012183837890625 0.0132501220703125
2 0.8809371948242187 0.7013751220703125 0.012183837890625 0.0132501220703125
2 0.8884378051757813 0.6920001220703125 0.012183837890625 0.0132501220703125
2 0.8839373779296875 0.6888751220703125 0.012183837890625 0.0132501220703125
2 0.8913125610351562 0.7092498779296875 0.0121826171875 0.01324951171875
2 0.908062744140625 0.706375732421875 0.012183837890625 0.0132501220703125
2 0.9200625610351563 0.7336248779296874 0.0121826171875 0.01324951171875
2 0.913812255859375 0.7297503662109375 0.012183837890625 0.0132501220703125
2 0.9239376831054688 0.7207501220703125 0.012183837890625 0.0132501220703125
2 0.9295623779296875 0.7245001220703124 0.012183837890625 0.0132501220703125
2 0.9353128051757813 0.7282501220703125 0.012183837890625 0.0132501220703125
2 0.946187744140625 0.7535000610351562 0.012183837890625 0.0132501220703125
2 0.9439376831054688 0.7351251220703126 0.012183837890625 0.0132501220703125
2 0.950562744140625 0.7395001220703125 0.012183837890625 0.0132501220703125
2 0.9553128051757812 0.742750244140625 0.012183837890625 0.0132501220703125
2 0.9519375610351563 0.7566250610351563 0.012183837890625 0.0132501220703125
2 0.8429376220703125 0.706875 0.012183837890625 0.0132501220703125
2 0.8491879272460937 0.7116253662109375 0.012183837890625 0.0132501220703125
2 0.838187255859375 0.703125 0.012183837890625 0.0132501220703125
2 0.8927499389648438 0.6282501220703125 0.0146435546875 0.01300048828125
2 0.8977499389648438 0.6220001220703125 0.0146435546875 0.01300048828125
5 0.8536297607421875 0.12273773193359375 0.0325439453125 0.0287420654296875
5 0.86175537109375 0.11407012939453125 0.0325433349609375 0.0287420654296875
5 0.786322021484375 0.20264007568359374 0.0325433349609375 0.0287420654296875
