0 0.932681884765625 0.47637310028076174 0.031162109375 0.02279876708984375
0 0.9838250732421875 0.5520923614501954 0.032994384765625 0.024796142578125
0 0.9466708374023437 0.5567263412475586 0.0400030517578125 0.030111160278320313
0 0.9089755249023438 0.5639723587036133 0.0294256591796875 0.021805191040039064
0 0.8728546142578125 0.5714008331298828 0.0312762451171875 0.024479522705078124
0 0.835692138671875 0.5766626358032226 0.032664794921875 0.02469978332519531
0 0.8273944091796875 0.4934059143066406 0.03314697265625 0.0264013671875
0 0.7949880981445312 0.5002703475952148 0.0339404296875 0.027404708862304686
0 0.7602215576171875 0.5083512878417968 0.0330859375 0.025458526611328126
0 0.7254266357421875 0.5147761917114257 0.033238525390625 0.024283599853515626
0 0.6912783813476563 0.5233319473266601 0.0349700927734375 0.026718521118164064
0 0.6167941284179688 0.15792349815368653 0.0410076904296875 0.03898660659790039
0 0.5784796142578125 0.5497431564331055 0.036728515625 0.03924980163574219
0 0.5391116333007813 0.6058287048339843 0.036123046875 0.03783599853515625
0 0.5606259155273438 0.7034165191650391 0.037679443359375 0.039997100830078125
0 0.5389105224609375 0.731019515991211 0.0393359375 0.040928192138671875
0 0.7194827270507812 0.5956916427612304 0.044517822265625 0.03403892517089844
0 0.5188668823242187 0.7586067199707032 0.03672119140625 0.040058135986328125
0 0.4985845947265625 0.7873895263671875 0.036475830078125 0.0388189697265625
0 0.4787176513671875 0.8156190490722657 0.035601806640625 0.0382183837890625
0 0.45779388427734374 0.844658432006836 0.0373248291015625 0.03903030395507812
0 0.41927764892578123 0.7783255767822266 0.03824462890625 0.0378875732421875
0 0.45886810302734377 0.7202593994140625 0.0389642333984375 0.040204315185546874
0 0.47956878662109376 0.6922422790527344 0.03703369140625 0.03869842529296875
2 0.8193121337890625 0.8478749084472657 0.013125 0.0135577392578125
2 0.8262503051757812 0.8527500915527344 0.0145361328125 0.01649993896484375
2 0.8308123779296875 0.8771875762939453 0.017874755859375 0.02000335693359375
2 0.86612548828125 0.8800000762939453 0.01625 0.017930755615234373
2 0.8740936279296875 0.8846855163574219 0.016436767578125 0.018120269775390625
2 0.8807037353515625 0.8886228942871094 0.0143438720703125 0.0155816650390625
2 0.9116729736328125 0.9133951568603516 0.014154052734375 0.015921173095703126
2 0.9043960571289062 0.9084275817871094 0.0173638916015625 0.018604736328125
2 0.8969375610351562 0.9055620574951172 0.0138751220703125 0.015259857177734376
2 0.885155029296875 0.9404118347167969 0.0163018798828125 0.01792572021484375
2 0.8785000610351562 0.9361248779296875 0.0160003662109375 0.01760009765625
2 0.872489013671875 0.9311146545410156 0.01477294921875 0.016271514892578123
2 0.8653125 0.9274374389648438 0.0149951171875 0.016374969482421876
2 0.8585397338867188 0.9200762176513672 0.0185791015625 0.018847503662109376
2 0.93375 0.9382500457763672 0.019749755859375 0.0163470458984375
2 0.9286880493164062 0.9447504425048828 0.019375 0.018397064208984376
2 0.7626254272460937 0.872562255859375 0.015250244140625 0.016444244384765626
2 0.7698123168945312 0.8779376983642578 0.0161248779296875 0.017229766845703126
2 0.7766259765625 0.8813749694824219 0.013702392578125 0.01600006103515625
2 0.7830517578125 0.8893504333496094 0.017147216796875 0.019049835205078126
2 0.790284423828125 0.8939772796630859 0.017181396484375 0.01870574951171875
2 0.8026876831054688 0.9015621948242187 0.018125 0.018880462646484374
2 0.816875 0.9103126525878906 0.014749755859375 0.017211151123046876
2 0.8200634765625 0.9244999694824219 0.0203582763671875 0.012750091552734375
2 0.8072491455078125 0.9363748931884766 0.017744140625 0.012750091552734375
2 0.793494873046875 0.9586312866210938 0.016490478515625 0.012011871337890626
2 0.7844949340820313 0.9716310119628906 0.0164898681640625 0.01201171875
2 0.7762454223632812 0.9841307830810547 0.016490478515625 0.012011871337890626
2 0.6778372192382812 0.6314556884765625 0.0116741943359375 0.016911773681640624
