5 0.6729376220703125 0.8429374694824219 0.01512481689453125 0.02044647216796875
5 0.6024998474121094 0.8171250915527344 0.0082061767578125 0.01074981689453125
5 0.5744552612304688 0.797435302734375 0.0115936279296875 0.01312164306640625
5 0.5665499877929687 0.7922712707519531 0.00940032958984375 0.01220733642578125
5 0.7366950988769532 0.8223255920410156 0.007509765625 0.00927947998046875
5 0.5893731689453126 0.7486689758300781 0.00931610107421875 0.00747344970703125
5 0.7450111389160157 0.7564630126953125 0.00857086181640625 0.01016021728515625
5 0.7378128051757813 0.6160002136230469 0.0098748779296875 0.0139404296875
0 0.7353814697265625 0.5804354858398437 0.0151910400390625 0.01365875244140625
0 0.7628228759765625 0.5896903991699218 0.01573455810546875 0.01487457275390625
5 0.7261160278320312 0.609866943359375 0.0102679443359375 0.0129840087890625
