2 0.015508270263671875 0.36191162109375 0.02715057373046875 0.012001953125
2 0.33995994567871096 0.035625762939453125 0.02571014404296875 0.0132611083984375
2 0.3396604919433594 0.04976669311523438 0.025111083984375 0.0131927490234375
2 0.37199951171875 0.10402633666992188 0.012444610595703126 0.0349420166015625
2 0.4528644561767578 0.21175262451171875 0.024253692626953125 0.011563720703125
2 0.3416101837158203 0.2263580322265625 0.024253692626953125 0.011563720703125
2 0.4901202392578125 0.32817840576171875 0.02620330810546875 0.01446533203125
2 0.3458306121826172 0.333765869140625 0.023705902099609374 0.0141693115234375
2 0.36060997009277346 0.356314697265625 0.03018035888671875 0.012027587890625
2 0.36043533325195315 0.3724261474609375 0.023705902099609374 0.0141693115234375
7 0.7293881225585938 0.374981689453125 0.04405487060546875 0.0545843505859375
7 0.8020010375976563 0.2403448486328125 0.0585888671875 0.0658111572265625
7 0.7378651428222657 0.453267822265625 0.026719970703125 0.04861328125
2 0.39643524169921873 0.4038873291015625 0.0237103271484375 0.029853515625
2 0.4138019561767578 0.43213653564453125 0.025627593994140625 0.0304864501953125
2 0.45403778076171875 0.3659796142578125 0.0206903076171875 0.027061767578125
2 0.5090208435058594 0.45747467041015627 0.02069061279296875 0.027061767578125
2 0.5206427001953124 0.485081787109375 0.0141265869140625 0.0247174072265625
2 0.4428790283203125 0.4766998291015625 0.026183624267578125 0.013525390625
2 0.5687382507324219 0.5278167724609375 0.0261834716796875 0.0135260009765625
2 0.5365118408203124 0.5839776611328125 0.01245697021484375 0.0335260009765625
2 0.6265034484863281 0.7057562255859375 0.02237213134765625 0.031357421875
2 0.9367803955078124 0.8544647216796875 0.02377593994140625 0.0354864501953125
2 0.9523196411132813 0.8649057006835937 0.02061614990234375 0.0309283447265625
2 0.8962628173828125 0.18835968017578125 0.02065582275390625 0.0249139404296875
2 0.8816581726074219 0.161727294921875 0.02065582275390625 0.0249139404296875
7 0.893817138671875 0.9437423706054687 0.0248291015625 0.0232403564453125
