7 0.02218097686767578 0.3562760925292969 0.04621261596679688 0.0592840576171875
2 0.11834197998046875 0.013960494995117187 0.0094500732421875 0.027920989990234374
2 0.2525890350341797 0.01905426025390625 0.01071563720703125 0.02779937744140625
7 0.6949549865722656 0.12295242309570313 0.058603515625 0.03424163818359375
7 0.8319575500488281 0.03684860229492187 0.04947509765625 0.05022735595703125
2 0.8077751159667969 0.27663253784179687 0.0213067626953125 0.02835052490234375
2 0.7966065979003907 0.2435565185546875 0.0213067626953125 0.02835052490234375
2 0.7283078002929687 0.5985826110839844 0.01762237548828125 0.02448455810546875
2 0.3316151428222656 0.7027490234375 0.027920989990234374 0.011168212890625
2 0.3924343872070313 0.6712387084960938 0.018975830078125 0.02460784912109375
2 0.3421393585205078 0.719931640625 0.027807464599609377 0.01460479736328125
2 0.33995994567871096 0.8481257629394531 0.02571014404296875 0.0132611083984375
2 0.3396604919433594 0.8622666931152344 0.025111083984375 0.0131927490234375
2 0.37199951171875 0.9165263366699219 0.012444610595703126 0.0349420166015625
2 0.8816581726074219 0.974227294921875 0.02065582275390625 0.0249139404296875
2 0.7826461791992188 0.5163229370117187 0.02878021240234375 0.02051513671875
2 0.9718643188476562 0.1494842529296875 0.029210205078125 0.01117645263671875
7 0.22718292236328125 0.12303176879882813 0.05675689697265625 0.05918670654296875
