2 0.9741525268554687 0.9642449951171875 0.0147637939453125 0.014375
2 0.8578390502929687 0.8218719482421875 0.0147637939453125 0.014375
2 0.8637713623046875 0.8163632202148438 0.0147637939453125 0.014375
2 0.849576416015625 0.8328887939453125 0.0147637939453125 0.014375
2 0.04059036254882813 0.6095709228515624 0.00906890869140625 0.0163922119140625
2 0.016011810302734374 0.5893994140625 0.01072601318359375 0.017701416015625
2 0.03199981689453125 0.5505624389648438 0.01882659912109375 0.0126251220703125
2 0.08132125854492188 0.61760009765625 0.01483428955078125 0.010450439453125
2 0.07279159545898438 0.644232177734375 0.0081671142578125 0.0157867431640625
2 0.25181243896484373 0.6898126220703125 0.019627685546875 0.018125
2 0.31287567138671873 0.6295623779296875 0.01875244140625 0.017125244140625
2 0.282437744140625 0.61012451171875 0.016824951171875 0.015999755859375
2 0.29326324462890624 0.6009844970703125 0.0167242431640625 0.015718994140625
2 0.5525930786132812 0.7355007934570312 0.014747314453125 0.0215618896484375
2 0.8585678100585937 0.1502777099609375 0.0165380859375 0.010826416015625
2 0.8122760009765625 0.10205413818359375 0.017918701171875 0.0157586669921875
2 0.4119012451171875 0.08552719116210937 0.0139471435546875 0.015445556640625
2 0.4038128662109375 0.08156265258789062 0.0151202392578125 0.015625
