2 0.5465243530273437 0.8133242797851562 0.013780517578125 0.0170953369140625
2 0.559654541015625 0.8348576354980469 0.0156500244140625 0.0199188232421875
2 0.59248046875 0.8412603759765624 0.010162353515625 0.021004638671875
2 0.5429873657226563 0.7211383056640625 0.017684326171875 0.014024658203125
2 0.476187744140625 0.690787353515625 0.0157904052734375 0.02147430419921875
2 0.45656280517578124 0.6580107116699219 0.0157354736328125 0.0223223876953125
2 0.6138217163085937 0.6493902587890625 0.00731689453125 0.01423370361328125
2 0.707215576171875 0.7154473876953125 0.0099578857421875 0.01321197509765625
2 0.6745062255859375 0.7307467651367188 0.00911865234375 0.02185821533203125
2 0.7757110595703125 0.8070121765136719 0.0092230224609375 0.01504058837890625
2 0.7664633178710938 0.7887196350097656 0.0081304931640625 0.01521514892578125
2 0.9706301879882813 0.7574188232421875 0.0154205322265625 0.0174798583984375
2 0.8285433959960937 0.5274531555175781 0.0180615234375 0.01480926513671875
2 0.5021408081054688 0.42104354858398435 0.0079132080078125 0.01708709716796875
2 0.5131167602539063 0.4880047607421875 0.006314697265625 0.01240478515625
2 0.4285565185546875 0.48516250610351563 0.0146746826171875 0.02052886962890625
2 0.40518280029296877 0.48810989379882813 0.0136785888671875 0.0235772705078125
2 0.3904327392578125 0.06649459838867187 0.0207025146484375 0.014775390625
2 0.624342041015625 0.27285743713378907 0.0204351806640625 0.012034912109375
2 0.6933636474609375 0.9179313659667969 0.0144769287109375 0.0183868408203125
