2 0.37526458740234375 0.09204055786132813 0.0262353515625 0.0180792236328125
2 0.29057525634765624 0.046056365966796874 0.0333148193359375 0.0210968017578125
3 0.28623443603515625 0.5145474243164062 0.03367431640625 0.027830810546875
3 0.27734283447265623 0.5304415893554687 0.041756591796875 0.0362701416015625
5 0.442279052734375 0.7276890563964844 0.0667437744140625 0.0509112548828125
2 0.7077984619140625 0.03358444213867187 0.030740966796875 0.024365234375
2 0.839312744140625 0.13625244140625 0.030740966796875 0.024365234375
2 0.826595458984375 0.3009539794921875 0.030740966796875 0.02436492919921875
3 0.8486337280273437 0.11536102294921875 0.1119775390625 0.074393310546875
2 0.6532638549804688 0.028069915771484374 0.030740966796875 0.024365234375
