2 0.04461944580078125 0.06983612060546875 0.0275592041015625 0.02581207275390625
2 0.049212493896484376 0.7611090087890625 0.02541015625 0.0160760498046875
2 0.5656887817382813 0.9596707153320313 0.02639007568359375 0.018558349609375
2 0.571922607421875 0.9432672119140625 0.026390380859375 0.0185589599609375
2 0.5624079895019531 0.9750906372070313 0.026390380859375 0.018558349609375
3 0.310367431640625 0.482237548828125 0.06627288818359375 0.035411376953125
5 0.44202651977539065 0.8690731811523438 0.08248260498046875 0.0442425537109375
5 0.44996673583984376 0.8513909912109375 0.0823468017578125 0.0454864501953125
5 0.43323501586914065 0.884632568359375 0.08300537109375 0.044224853515625
5 0.42650909423828126 0.9020208740234374 0.08923858642578125 0.04742431640625
5 0.42195068359375 0.9211856079101562 0.0919329833984375 0.0495977783203125
5 0.41535430908203125 0.9399148559570313 0.08267730712890625 0.0448443603515625
5 0.4137139892578125 0.9599282836914063 0.08267730712890625 0.04646240234375
5 0.40589401245117185 0.9758645629882813 0.0865069580078125 0.0446685791015625
5 0.4872050476074219 0.9041534423828125 0.04658782958984375 0.08867431640625
5 0.5008206176757812 0.9118637084960938 0.04822845458984375 0.088267822265625
5 0.5182687377929688 0.921483154296875 0.04900421142578125 0.0920745849609375
5 0.4962150573730469 0.8043927001953125 0.0364404296875 0.09345703125
5 0.59071533203125 0.7784976196289063 0.0862860107421875 0.0522161865234375
5 0.6423248291015625 0.8428292846679688 0.08976776123046876 0.0488299560546875
5 0.7091543579101562 0.8574020385742187 0.079068603515625 0.0650701904296875
5 0.7398443603515625 0.8157403564453125 0.0496380615234375 0.063658447265625
5 0.7239178466796875 0.8073690795898437 0.0510235595703125 0.0679132080078125
5 0.6957028198242188 0.7873556518554687 0.053846435546875 0.0738189697265625
5 0.7094816589355468 0.7971981811523438 0.05384674072265625 0.0738189697265625
5 0.6819227600097656 0.7748886108398437 0.05384613037109375 0.073818359375
5 0.6701116943359375 0.7653738403320313 0.05384613037109375 0.073818359375
5 0.6510931396484375 0.7591232299804688 0.05148895263671875 0.07254150390625
5 0.7723094177246094 0.8236090087890625 0.06299224853515625 0.083583984375
5 0.7880580139160156 0.8324676513671875 0.06299224853515625 0.083583984375
5 0.8031495666503906 0.8431295776367187 0.0616796875 0.0796832275390625
5 0.8143046569824218 0.8575653076171875 0.06167999267578125 0.0796832275390625
5 0.825458984375 0.8706890869140625 0.0616796875 0.0796832275390625
5 0.8397088623046876 0.8828628540039063 0.0594281005859375 0.080311279296875
5 0.8633531188964844 0.9098956298828125 0.0554461669921875 0.0708538818359375
5 0.8507220458984375 0.8977557373046875 0.060367431640625 0.079652099609375
5 0.8748358154296875 0.92285400390625 0.05872711181640625 0.075692138671875
5 0.8900920104980469 0.9318771362304688 0.06561676025390625 0.081927490234375
5 0.9032151794433594 0.94237548828125 0.06561676025390625 0.081927490234375
3 0.8865092468261718 0.5297891235351563 0.05319061279296875 0.046722412109375
3 0.8968186950683594 0.5143511962890625 0.05284637451171875 0.04625
5 0.9429857635498047 0.4214886474609375 0.07456558227539062 0.0564263916015625
5 0.95229248046875 0.40679473876953126 0.074295654296875 0.0576019287109375
3 0.3112263488769531 0.5035952758789063 0.06573822021484375 0.03442138671875
5 0.3192677307128906 0.5197549438476563 0.05053192138671875 0.0242376708984375
5 0.33487152099609374 0.531351318359375 0.03303619384765625 0.01810546875
5 0.34540390014648437 0.5480645751953125 0.06730072021484375 0.028551025390625
5 0.3622528076171875 0.5639532470703125 0.0585723876953125 0.0258599853515625
5 0.4049821472167969 0.4581796264648437 0.03021575927734375 0.029697265625
5 0.42836029052734376 0.47372589111328123 0.0262884521484375 0.0265850830078125
3 0.40322097778320315 0.20129364013671874 0.04059722900390625 0.0378515625
3 0.40967636108398436 0.18252716064453126 0.054560546875 0.050712890625
3 0.43022903442382815 0.13691162109375 0.0282476806640625 0.0252703857421875
3 0.3884783935546875 0.039524383544921875 0.04486358642578125 0.04047393798828125
3 0.4016361999511719 0.0269146728515625 0.04486358642578125 0.04047393798828125
3 0.4141090393066406 0.015179519653320312 0.04696868896484375 0.0340899658203125
5 0.37404022216796873 0.059994354248046874 0.0330865478515625 0.03481353759765625
3 0.480242919921875 0.09920242309570312 0.05259124755859375 0.0495989990234375
3 0.4994514465332031 0.09179244995117188 0.0378289794921875 0.03591522216796875
3 0.5177372741699219 0.05911819458007812 0.05192169189453125 0.04807952880859375
2 0.54577880859375 0.005899276733398438 0.0211883544921875 0.01462738037109375
