3 0.13357437133789063 0.7630767822265625 0.07980438232421876 0.0580157470703125
5 0.165787353515625 0.7070965576171875 0.074422607421875 0.0545904541015625
5 0.188740234375 0.6692559814453125 0.074423828125 0.0545904541015625
3 0.211383056640625 0.6348263549804688 0.080438232421875 0.0595538330078125
3 0.2684552001953125 0.5413092041015625 0.080516357421875 0.058001708984375
3 0.3005865478515625 0.5093194580078125 0.096861572265625 0.0680120849609375
3 0.3117535400390625 0.49132965087890623 0.0968603515625 0.0680120849609375
3 0.316739501953125 0.46827392578125 0.0830224609375 0.0558526611328125
3 0.33762451171875 0.42949127197265624 0.08108154296875 0.052109375
3 0.335726318359375 0.40276031494140624 0.056070556640625 0.044776611328125
3 0.357781982421875 0.39292633056640625 0.080343017578125 0.055281982421875
3 0.3804278564453125 0.38032867431640627 0.1033251953125 0.067928466796875
3 0.40322265625 0.34684600830078127 0.107947998046875 0.07106201171875
3 0.36891357421875 0.34891998291015625 0.056065673828125 0.0438970947265625
2 0.5124188232421875 0.33959136962890624 0.024837646484375 0.029256591796875
3 0.504556884765625 0.5164413452148438 0.04919921875 0.03825927734375
3 0.472548828125 0.5647271728515625 0.059722900390625 0.044044189453125
3 0.5266748046875 0.60024169921875 0.06386962890625 0.049317626953125
3 0.5310174560546875 0.5797705078125 0.06386962890625 0.049317626953125
3 0.548388671875 0.5636416625976562 0.06409423828125 0.049317626953125
3 0.558157958984375 0.5454962158203125 0.04378173828125 0.035980224609375
3 0.4843359375 0.5971408081054688 0.0851171875 0.062344970703125
3 0.4789080810546875 0.6169912719726562 0.086878662109375 0.0642059326171875
3 0.4472705078125 0.6697210693359374 0.08634033203125 0.0642059326171875
3 0.4324407958984375 0.6343487548828125 0.04082275390625 0.0344525146484375
5 0.4793731689453125 0.6413397216796874 0.078048095703125 0.0552105712890625
3 0.407413330078125 0.7329962158203125 0.08573974609375 0.0642059326171875
3 0.39691162109375 0.7522512817382813 0.06119140625 0.041826171875
3 0.535205078125 0.23826995849609375 0.035380859375 0.028226318359375
2 0.5279486083984375 0.2513845825195313 0.027574462890625 0.0224676513671875
2 0.5725885009765626 0.172655029296875 0.026231689453125 0.021737060546875
2 0.5884075927734375 0.14877288818359374 0.026231689453125 0.02173583984375
3 0.886177978515625 0.9019805908203125 0.03538330078125 0.046715087890625
