2 0.0117889404296875 0.0547407865524292 0.0239593505859375 0.012402524948120117
2 0.05407501220703125 0.0547407865524292 0.024818115234375 0.012402524948120117
2 0.21738006591796874 0.14600976943969726 0.01197509765625 0.02741472244262695
2 0.4703610229492188 0.2605240631103516 0.0103448486328125 0.027921142578125
2 0.5360348510742188 0.24675107955932618 0.0248175048828125 0.012402534484863281
2 0.5407598876953125 0.31934561252593996 0.0248175048828125 0.012402534484863281
2 0.434063720703125 0.35846221923828125 0.028780517578125 0.0098797607421875
2 0.473797607421875 0.4121563720703125 0.010345458984375 0.027920989990234374
2 0.47486846923828124 0.44810028076171876 0.009884033203125 0.026784820556640623
2 0.539969482421875 0.4544868087768555 0.0275341796875 0.011207199096679688
2 0.512239990234375 0.5009353256225586 0.0098834228515625 0.026784744262695313
2 0.4351593017578125 0.605260124206543 0.0275347900390625 0.011207275390625
2 0.5524273681640625 0.675706787109375 0.0275341796875 0.011207275390625
2 0.5103091430664063 0.29789516448974607 0.0103448486328125 0.027921142578125
2 0.5218008422851562 0.7182359313964843 0.0135333251953125 0.029163665771484375
2 0.52771728515625 0.7492560577392579 0.0133392333984375 0.0272613525390625
7 0.25749664306640624 0.9216407012939453 0.06372802734375 0.06616943359375
2 0.746134033203125 0.15313573837280273 0.0094500732421875 0.024484519958496095
2 0.7624569702148437 0.15270618438720704 0.0094500732421875 0.024484519958496095
2 0.7074264526367188 0.055170302391052244 0.024818115234375 0.012402524948120117
2 0.777584228515625 0.15340348243713378 0.0178564453125 0.026738147735595703
7 0.6303179931640625 0.2874212646484375 0.035999755859375 0.030499649047851563
