0 0.6610821533203125 0.043418502807617186 0.051131591796875 0.052523956298828126
0 0.639439697265625 0.08879119873046876 0.034385986328125 0.03475204467773438
0 0.61762451171875 0.12205963134765625 0.0309716796875 0.032344970703125
0 0.5623931884765625 0.11524940490722656 0.037550048828125 0.03779495239257812
0 0.591744384765625 0.15284812927246094 0.042154541015625 0.04188507080078125
0 0.96605712890625 0.24482200622558595 0.03766357421875 0.039150238037109375
0 0.9396685791015625 0.2815534210205078 0.0362060546875 0.03779525756835937
0 0.916666259765625 0.31612464904785154 0.03427734375 0.036693572998046875
0 0.886143798828125 0.3524737548828125 0.03232421875 0.0330279541015625
0 0.7445794677734375 0.22681556701660155 0.040509033203125 0.04351242065429688
3 0.9364996337890625 0.4366248321533203 0.02949951171875 0.024647979736328124
3 0.9481256103515625 0.4170002746582031 0.02949951171875 0.02464752197265625
3 0.915841064453125 0.4446844482421875 0.023681640625 0.01938140869140625
3 0.3693157958984375 0.3566562652587891 0.028868408203125 0.03343826293945312
2 0.874976806640625 0.9042500305175781 0.021217041015625 0.01923370361328125
2 0.8620635986328125 0.8827926635742187 0.016650390625 0.01472686767578125
2 0.8528021240234375 0.8714521789550781 0.0173046875 0.01467987060546875
2 0.84520751953125 0.6911904907226563 0.0174658203125 0.01563079833984375
2 0.7214068603515625 0.6864686584472657 0.016187744140625 0.01618743896484375
2 0.7172509765625 0.7395628356933593 0.019249267578125 0.01688507080078125
2 0.736624755859375 0.7588746643066406 0.0175 0.01649932861328125
2 0.709749755859375 0.723812255859375 0.01697021484375 0.01587493896484375
2 0.441500244140625 0.0514373779296875 0.01925048828125 0.016705474853515624
2 0.415250244140625 0.04500015258789063 0.0185009765625 0.0165179443359375
2 0.3799261474609375 0.08392387390136719 0.0158984375 0.01409698486328125
2 0.377738037109375 0.09377082824707031 0.01852294921875 0.01530029296875
2 0.3690423583984375 0.09908523559570312 0.014415283203125 0.011920623779296875
2 0.364000244140625 0.10568763732910157 0.0172509765625 0.014585723876953125
2 0.35915771484375 0.11499359130859375 0.018934326171875 0.016274566650390624
2 0.3533746337890625 0.12 0.018250732421875 0.016845550537109375
2 0.3425946044921875 0.13561614990234375 0.013939208984375 0.0134832763671875
2 0.3201312255859375 0.16928276062011718 0.019515380859375 0.0184344482421875
2 0.329736328125 0.15556907653808594 0.019219970703125 0.01711151123046875
2 0.3337493896484375 0.14718734741210937 0.01800048828125 0.0165911865234375
2 0.332625732421875 0.10356292724609376 0.020999755859375 0.018032073974609375
2 0.3121722412109375 0.1268616485595703 0.01715576171875 0.016223602294921875
2 0.3068743896484375 0.14231246948242188 0.017249755859375 0.014536285400390625
2 0.29762451171875 0.09462493896484375 0.01699951171875 0.014411468505859375
2 0.291624755859375 0.100999755859375 0.01824951171875 0.01552001953125
2 0.283135986328125 0.11396011352539062 0.019229736328125 0.017670440673828124
2 0.2872509765625 0.10693763732910157 0.01699951171875 0.014598236083984376
2 0.0068121337890625 0.035374908447265624 0.013125 0.0135577392578125
2 0.01375030517578125 0.040250091552734374 0.0145361328125 0.01649993896484375
2 0.0183123779296875 0.06468757629394531 0.017874755859375 0.02000335693359375
2 0.05362548828125 0.06750007629394532 0.01625 0.017930755615234373
2 0.0615936279296875 0.07218551635742188 0.016436767578125 0.018120269775390625
2 0.0682037353515625 0.07612289428710937 0.0143438720703125 0.0155816650390625
2 0.0991729736328125 0.10089515686035157 0.014154052734375 0.015921173095703126
2 0.09189605712890625 0.09592758178710938 0.0173638916015625 0.018604736328125
2 0.08443756103515625 0.09306205749511719 0.0138751220703125 0.015259857177734376
2 0.072655029296875 0.12791183471679687 0.0163018798828125 0.01792572021484375
2 0.06600006103515625 0.1236248779296875 0.0160003662109375 0.01760009765625
2 0.059989013671875 0.11861465454101562 0.01477294921875 0.016271514892578123
2 0.0528125 0.11493743896484375 0.0149951171875 0.016374969482421876
2 0.04603973388671875 0.10757621765136718 0.0185791015625 0.018847503662109376
2 0.12125 0.1257500457763672 0.019749755859375 0.0163470458984375
2 0.11618804931640625 0.13225044250488283 0.019375 0.018397064208984376
2 0.005124969482421875 0.09781265258789062 0.0117498779296875 0.017211151123046876
2 0.008342132568359376 0.11199996948242187 0.01774261474609375 0.012750091552734375
2 0.1907769775390625 0.24056884765625 0.01655517578125 0.017388153076171874
2 0.15893829345703125 0.21162498474121094 0.019124755859375 0.017665252685546876
2 0.13331298828125 0.33081275939941407 0.0158746337890625 0.016735992431640624
2 0.07806304931640624 0.40175010681152346 0.0148748779296875 0.015635833740234376
2 0.06718719482421875 0.39912498474121094 0.0148748779296875 0.015635833740234376
2 0.06081207275390625 0.3933747863769531 0.01487548828125 0.015636138916015625
2 0.053187255859375 0.38774986267089845 0.0148748779296875 0.015635833740234376
2 0.043812255859375 0.3840000152587891 0.0148748779296875 0.015635833740234376
2 0.0369378662109375 0.37625022888183596 0.0148748779296875 0.015635833740234376
2 0.02868743896484375 0.3689997100830078 0.0148748779296875 0.015635833740234376
2 0.02056243896484375 0.3625002288818359 0.0148748779296875 0.015635833740234376
2 0.01031219482421875 0.3572498321533203 0.0148748779296875 0.015635833740234376
2 0.01760894775390625 0.7560250854492188 0.01503173828125 0.01629974365234375
2 0.00787506103515625 0.7519375610351563 0.01164794921875 0.01512481689453125
2 0.20682891845703125 0.5910110473632812 0.0155938720703125 0.0167724609375
2 0.208468017578125 0.6306001281738282 0.0170660400390625 0.0154498291015625
2 0.315750732421875 0.5726255798339843 0.016488037109375 0.01774993896484375
2 0.3013677978515625 0.5678248596191406 0.01551513671875 0.01692901611328125
2 0.1074090576171875 0.49026840209960937 0.01731689453125 0.01853668212890625
2 0.11512542724609375 0.49612472534179686 0.0145001220703125 0.0153729248046875
2 0.12500030517578126 0.5020622253417969 0.0182623291015625 0.019375
2 0.13212554931640624 0.5098123168945312 0.0170001220703125 0.0193878173828125
2 0.1528741455078125 0.7163746643066407 0.021500244140625 0.01680999755859375
2 0.12862548828125 0.7521249389648438 0.018499755859375 0.0159759521484375
2 0.5733123779296875 0.3171874237060547 0.01487548828125 0.017205963134765623
2 0.50997802734375 0.6152783203125 0.016204833984375 0.020556640625
2 0.478687744140625 0.6549995422363282 0.0221240234375 0.0204327392578125
2 0.48856201171875 0.6188121032714844 0.016708984375 0.0186248779296875
2 0.47888671875 0.6107046508789062 0.021273193359375 0.021590576171875
2 0.3825628662109375 0.9878752136230469 0.024124755859375 0.01840545654296875
2 0.3461883544921875 0.9220623779296875 0.019375 0.01554962158203125
2 0.0670001220703125 0.9132501220703125 0.021500244140625 0.02002655029296875
