2 0.05782989501953125 0.15765426635742188 0.030740966796875 0.024365234375
2 0.202169189453125 0.2474151611328125 0.028043212890625 0.02274658203125
2 0.2530377197265625 0.25672088623046874 0.028043212890625 0.02274658203125
2 0.13504638671875 0.060772552490234374 0.028914794921875 0.025391845703125
2 0.236800537109375 0.1483489990234375 0.0307421875 0.02436553955078125
2 0.457171630859375 0.16003143310546875 0.029205322265625 0.02663787841796875
2 0.4309808349609375 0.11223983764648438 0.0282373046875 0.02534759521484375
2 0.59435791015625 0.253369140625 0.027166748046875 0.02534912109375
2 0.68592041015625 0.3192303466796875 0.02642333984375 0.02431640625
2 0.63120361328125 0.3908192443847656 0.028463134765625 0.02481414794921875
2 0.558441162109375 0.4204827880859375 0.02941162109375 0.02458709716796875
2 0.4696026611328125 0.4120652770996094 0.02811279296875 0.02388336181640625
2 0.48200927734375 0.4719287109375 0.028114013671875 0.02388397216796875
2 0.569935302734375 0.49785781860351563 0.0269677734375 0.023011474609375
2 0.542020263671875 0.6588389587402343 0.0269677734375 0.023011474609375
2 0.6248443603515625 0.7123136901855469 0.03545166015625 0.03008697509765625
2 0.5725885009765626 0.977655029296875 0.026231689453125 0.021737060546875
2 0.5884075927734375 0.9537728881835937 0.026231689453125 0.02173583984375
2 0.7855059814453125 0.6228584289550781 0.0269677734375 0.023011474609375
2 0.853125 0.6526345825195312 0.026966552734375 0.0230108642578125
2 0.9619952392578125 0.7283169555664063 0.026966552734375 0.0230108642578125
2 0.8003936767578125 0.7323493957519531 0.0269677734375 0.023011474609375
2 0.929117431640625 0.59866455078125 0.0269677734375 0.02301116943359375
2 0.7917095947265625 0.5636152648925781 0.0269677734375 0.023011474609375
3 0.7614068603515625 0.5711422729492187 0.060311279296875 0.04550933837890625
3 0.838909912109375 0.517413330078125 0.048787841796875 0.04085540771484375
2 0.8995037841796875 0.47285995483398435 0.02802734375 0.02512420654296875
2 0.7358868408203125 0.43129653930664064 0.03186767578125 0.02698516845703125
2 0.7350457763671875 0.17960617065429688 0.0274267578125 0.02918792724609375
2 0.39740966796875 0.4950906372070312 0.02697509765625 0.023541259765625
2 0.454033203125 0.5515968322753906 0.02868896484375 0.02389556884765625
2 0.4104107666015625 0.5879794311523437 0.028114013671875 0.02388397216796875
2 0.816043701171875 0.2628776550292969 0.02642333984375 0.02431640625
