0 0.28602294921875 0.5196876525878906 0.062440185546875 0.060867919921875
0 0.33236083984375 0.44295822143554686 0.0635052490234375 0.06256927490234375
0 0.40357666015625 0.34841079711914064 0.0646112060546875 0.06251800537109375
0 0.2835028076171875 0.2624901580810547 0.0629010009765625 0.06163238525390625
0 0.245921630859375 0.31032279968261717 0.0644134521484375 0.06294937133789062
0 0.11259048461914062 0.3513044738769531 0.06176177978515625 0.06040252685546875
0 0.07443649291992188 0.40259811401367185 0.06262939453125 0.06164718627929688
0 0.034393310546875 0.44681276321411134 0.05127288818359375 0.05482963562011719
5 0.8425250244140625 0.29534324645996096 0.01025634765625 0.016339874267578124
6 0.8129376220703125 0.25506256103515623 0.018125 0.01787506103515625
6 0.8191876220703125 0.23518753051757812 0.018125 0.01787506103515625
6 0.8254376220703125 0.21618743896484374 0.018125 0.01787506103515625
3 0.762249755859375 0.2188751983642578 0.01204833984375 0.01925018310546875
3 0.7728750610351562 0.226624755859375 0.01204833984375 0.019250335693359374
3 0.784000244140625 0.22975013732910157 0.0120489501953125 0.019250335693359374
5 0.7944677734375 0.23003280639648438 0.01093505859375 0.0169342041015625
5 0.79456298828125 0.27756271362304685 0.0163751220703125 0.009342193603515625
