2 0.2136322021484375 0.889290771484375 0.0162762451171875 0.0084503173828125
2 0.223970947265625 0.9507046508789062 0.01589599609375 0.0096014404296875
3 0.41567779541015626 0.93935302734375 0.0308709716796875 0.0109112548828125
2 0.459130859375 0.9101602172851563 0.0149310302734375 0.007274169921875
2 0.5476791381835937 0.953231201171875 0.01815673828125 0.008040771484375
2 0.634095458984375 0.9689913940429687 0.0137884521484375 0.008677978515625
2 0.7320059204101562 0.922220458984375 0.017802734375 0.0076788330078125
2 0.7410589599609375 0.9010690307617187 0.0140850830078125 0.008232421875
2 0.8330789184570313 0.9062371826171876 0.0157391357421875 0.0086138916015625
2 0.8637060546875 0.955528564453125 0.017802734375 0.0076788330078125
2 0.8891653442382812 0.9058538818359375 0.0157403564453125 0.008614501953125
2 0.8809341430664063 0.9186798095703125 0.0157403564453125 0.0086138916015625
2 0.8947488403320313 0.9296807861328125 0.0119952392578125 0.0080499267578125
2 0.9083407592773437 0.9679656982421875 0.0119952392578125 0.0080499267578125
2 0.9651614379882812 0.933419189453125 0.0157403564453125 0.0086138916015625
2 0.9862173461914062 0.9110226440429687 0.0157403564453125 0.008614501953125
2 0.9107949829101563 0.8858139038085937 0.008233642578125 0.0211297607421875
2 0.8918289184570313 0.8876052856445312 0.0158538818359375 0.0199725341796875
2 0.9590335083007813 0.8411395263671875 0.0178570556640625 0.008140869140625
2 0.9627667236328125 0.436326904296875 0.01902099609375 0.0084161376953125
2 0.96100341796875 0.31816131591796876 0.0181201171875 0.006827392578125
