0 0.790421142578125 0.7744563293457031 0.02870269775390625 0.0393408203125
0 0.8763548278808594 0.6786900329589843 0.02629852294921875 0.03198455810546875
0 0.8752699279785157 0.7155665588378907 0.026298828125 0.03198455810546875
0 0.8761318969726563 0.7535061645507812 0.025311279296875 0.031942138671875
0 0.9824224853515625 0.6805670166015625 0.025311279296875 0.031942138671875
0 0.9824227905273437 0.7559469604492187 0.025311279296875 0.031942138671875
0 0.9799748229980468 0.7925547790527344 0.02436492919921875 0.0316259765625
0 0.9816015625 0.8310581970214844 0.02436492919921875 0.0316259765625
0 0.9788845825195313 0.8679501342773438 0.024063720703125 0.03036865234375
0 0.8701535034179687 0.9042840576171876 0.024063720703125 0.03036865234375
