2 0.0617322301864624 0.004203205108642578 0.014852666854858398 0.009417343139648437
2 0.12396430969238281 0.07146949768066406 0.01116607666015625 0.0158013916015625
2 0.05787619590759277 0.011570587158203124 0.014852657318115234 0.011439208984375
2 0.052252798080444335 0.019443359375 0.014852657318115234 0.011439208984375
2 0.04968215465545654 0.02603057861328125 0.014852666854858398 0.011439208984375
2 0.04454073905944824 0.03181488037109375 0.014852657318115234 0.011439208984375
2 0.04229134082794189 0.03952682495117187 0.014852628707885743 0.011439056396484374
2 0.021886491775512697 0.07519515991210937 0.014852657318115234 0.011439208984375
2 0.01883378267288208 0.08451393127441406 0.014852662086486817 0.011439208984375
2 0.01337102174758911 0.09511802673339843 0.014852662086486817 0.011439208984375
2 0.04748735427856445 0.11311302185058594 0.014852628707885743 0.011439056396484374
2 0.05150403022766113 0.10636489868164062 0.014852657318115234 0.011439208984375
2 0.0576094913482666 0.096724853515625 0.014852657318115234 0.011439208984375
2 0.07897843956947327 0.05703971862792969 0.014852666854858398 0.011439208984375
2 0.08395901679992676 0.050291748046875 0.014852657318115234 0.011439208984375
2 0.09118921279907227 0.03293952941894531 0.014852657318115234 0.011439208984375
2 0.01117631196975708 0.17979026794433595 0.014852662086486817 0.011439208984375
2 0.09392054557800293 0.02619140625 0.014852657318115234 0.011439208984375
2 0.08813647270202636 0.04129417419433594 0.014852619171142578 0.011439208984375
2 0.05687507629394531 0.30173866271972655 0.013814373016357422 0.018644256591796873
2 0.1174485969543457 0.21658103942871093 0.014305648803710937 0.019280242919921874
