2 0.6276657104492187 0.9678433227539063 0.01641845703125 0.01849609375
2 0.6133743286132812 0.9576873779296875 0.01625 0.018116455078125
2 0.6078668212890626 0.95330078125 0.0167669677734375 0.0181494140625
2 0.601824951171875 0.948323974609375 0.0178497314453125 0.0181494140625
2 0.5860629272460938 0.9371875 0.018125 0.01930419921875
2 0.5734381103515624 0.92800048828125 0.020875244140625 0.0211981201171875
2 0.560625 0.9206246948242187 0.0179998779296875 0.0184619140625
2 0.60481201171875 0.9007501220703125 0.01887451171875 0.020120849609375
2 0.59518798828125 0.8942501831054688 0.0171246337890625 0.01795654296875
2 0.6552508544921875 0.9336874389648437 0.014000244140625 0.0153179931640625
2 0.6601876831054687 0.9396249389648438 0.0158746337890625 0.01740966796875
2 0.6748516845703125 0.9503720092773438 0.016546630859375 0.017257080078125
2 0.7309677124023437 0.9745205688476563 0.0181866455078125 0.0162078857421875
2 0.7933120727539062 0.9673748779296875 0.0188751220703125 0.01702392578125
3 0.26182861328125 0.6316372680664063 0.0236566162109375 0.02172607421875
2 0.23281219482421875 0.4745001220703125 0.0151568603515625 0.0154998779296875
2 0.23846923828125 0.47954345703125 0.014810791015625 0.01708740234375
2 0.2160626220703125 0.449749755859375 0.0195770263671875 0.0110003662109375
2 0.2242498779296875 0.4365625 0.0175 0.016600341796875
2 0.2527197265625 0.48829345703125 0.014810791015625 0.01708740234375
2 0.25862640380859375 0.49745269775390627 0.012998046875 0.0141552734375
2 0.281719970703125 0.5124188232421875 0.014810791015625 0.01708740234375
2 0.29077239990234377 0.5215618896484375 0.0140447998046875 0.01562255859375
2 0.299691162109375 0.521331787109375 0.0156304931640625 0.0191632080078125
2 0.31520782470703124 0.5306842041015625 0.013916015625 0.015631103515625
2 0.3507501220703125 0.49274993896484376 0.0142498779296875 0.0158966064453125
2 0.32369049072265627 0.4847067260742188 0.0156304931640625 0.0191632080078125
2 0.2928125 0.47524993896484374 0.019375 0.0167108154296875
2 0.29793731689453123 0.468187255859375 0.0166253662109375 0.0146881103515625
2 0.23781219482421875 0.4226251220703125 0.019124755859375 0.011510009765625
2 0.24742401123046875 0.4110760498046875 0.0191534423828125 0.01554931640625
2 0.2441876220703125 0.36393798828125 0.01653076171875 0.0158746337890625
2 0.252437744140625 0.40149993896484376 0.015625 0.0103912353515625
2 0.256876220703125 0.39478607177734376 0.0174969482421875 0.0098211669921875
2 0.25805877685546874 0.38619903564453123 0.0176324462890625 0.0101483154296875
2 0.25718780517578127 0.36593780517578123 0.016624755859375 0.01804443359375
2 0.26914306640625 0.380787353515625 0.0202130126953125 0.0110736083984375
2 0.2716253662109375 0.371812744140625 0.0179998779296875 0.0104071044921875
2 0.275784912109375 0.3635357666015625 0.0154315185546875 0.0105718994140625
2 0.27556304931640624 0.3534381103515625 0.0166259765625 0.014158935546875
2 0.3593914794921875 0.368289794921875 0.01578369140625 0.016829833984375
2 0.37425079345703127 0.4249380493164063 0.0202508544921875 0.0163507080078125
2 0.4026873779296875 0.4329998779296875 0.01862548828125 0.0162890625
2 0.3038909912109375 0.46136810302734377 0.0172174072265625 0.0159857177734375
2 0.3077505493164063 0.45281219482421875 0.0197503662109375 0.016864013671875
2 0.3123748779296875 0.44593719482421873 0.0157501220703125 0.0139886474609375
2 0.3464129638671875 0.412122802734375 0.0141754150390625 0.0134954833984375
2 0.33239898681640623 0.42093505859375 0.0139520263671875 0.012120361328125
2 0.32743743896484373 0.428062744140625 0.0161248779296875 0.01285400390625
2 0.32150054931640626 0.43487518310546874 0.0179998779296875 0.01424072265625
2 0.3170623779296875 0.4411248779296875 0.019625244140625 0.0155401611328125
2 0.33950042724609375 0.416812744140625 0.01625 0.014293212890625
2 0.40587371826171875 0.4502166748046875 0.0155029296875 0.01068359375
2 0.7186257934570313 0.564625244140625 0.02175048828125 0.0202325439453125
2 0.735750732421875 0.5657504272460937 0.02324951171875 0.0190228271484375
