2 0.3098126220703125 0.13062484741210936 0.014625091552734375 0.01757049560546875
7 0.27793777465820313 0.0216876220703125 0.0225738525390625 0.01762481689453125
2 0.8368122863769532 0.2696875 0.016875 0.0150494384765625
2 0.7011871337890625 0.24056655883789063 0.00737579345703125 0.0126171875
2 0.7111521911621094 0.2382965087890625 0.01394561767578125 0.01565704345703125
2 0.9271875 0.29818756103515626 0.0188751220703125 0.020357666015625
2 0.9906877136230469 0.32375015258789064 0.02037506103515625 0.0215185546875
2 0.9085362243652344 0.34952850341796876 0.01510528564453125 0.0163067626953125
2 0.8985096740722657 0.5907579040527344 0.01711822509765625 0.0177191162109375
2 0.6731033325195312 0.5026612854003907 0.01432861328125 0.01235260009765625
2 0.6072528076171875 0.4527899169921875 0.01939208984375 0.01829864501953125
2 0.5928379821777344 0.3743730163574219 0.017425537109375 0.0197540283203125
2 0.5660943603515625 0.37143875122070313 0.01743896484375 0.01812286376953125
2 0.5166876220703125 0.36268768310546873 0.018125 0.0170233154296875
2 0.5671875 0.44868743896484375 0.016875 0.0149053955078125
2 0.5623124694824219 0.456187744140625 0.014375 0.0126446533203125
2 0.5571249389648437 0.46281219482421876 0.0117498779296875 0.01010009765625
2 0.4609522247314453 0.24157989501953125 0.014095611572265625 0.016409912109375
2 0.3153577423095703 0.22876617431640625 0.018033905029296873 0.019844970703125
2 0.12818756103515624 0.5568121337890625 0.02042510986328125 0.02387481689453125
2 0.1647498321533203 0.5710000610351562 0.01466033935546875 0.0157501220703125
2 0.17246612548828125 0.5748619079589844 0.014068145751953125 0.01627685546875
2 0.178687744140625 0.5800628662109375 0.014124908447265626 0.01639434814453125
2 0.11250015258789063 0.6525628662109375 0.00902740478515625 0.018125
2 0.12275001525878906 0.6570631408691406 0.008753814697265626 0.01787506103515625
2 0.13162490844726563 0.6590628051757812 0.009499969482421875 0.0146588134765625
2 0.1373748779296875 0.6597499084472657 0.0095001220703125 0.0145904541015625
4 0.21859169006347656 0.7640066528320313 0.02979522705078125 0.025277099609375
4 0.21049575805664061 0.7874111938476562 0.01760711669921875 0.007750244140625
4 0.06688179016113281 0.7932102966308594 0.0209698486328125 0.02257415771484375
4 0.030185928344726564 0.757861328125 0.023317108154296873 0.0212713623046875
2 0.023332901000976562 0.7653901672363281 0.01933502197265625 0.0175201416015625
2 0.018541946411132812 0.7741183471679688 0.02016693115234375 0.0187359619140625
2 0.012937545776367188 0.7813748168945313 0.0201251220703125 0.017630615234375
2 0.007875022888183593 0.7933122253417969 0.017375030517578126 0.01835052490234375
2 0.0074720954895019535 0.8952345275878906 0.015124893188476563 0.0174688720703125
2 0.013937530517578125 0.8995623779296875 0.01537506103515625 0.01708984375
2 0.02118736267089844 0.9040625 0.019124908447265623 0.0199530029296875
2 0.027999954223632814 0.909000244140625 0.0157501220703125 0.01726593017578125
2 0.032937850952148434 0.9133126831054688 0.017125091552734374 0.0185577392578125
2 0.042437591552734376 0.9241250610351562 0.015124969482421875 0.017200927734375
2 0.024374923706054687 0.9608123779296875 0.015316925048828124 0.0163751220703125
