2 0.18198135375976562 0.7926541137695312 0.0126324462890625 0.0118756103515625
2 0.007483673095703125 0.9311041259765624 0.01263275146484375 0.011876220703125
2 0.07312179565429687 0.989210205078125 0.0126324462890625 0.0118756103515625
2 0.5905348205566406 0.29752899169921876 0.01112701416015625 0.020306396484375
2 0.5049662780761719 0.2282928466796875 0.0111663818359375 0.0178076171875
2 0.40692718505859377 0.11678863525390625 0.01013397216796875 0.01711669921875
2 0.39275772094726563 0.15642333984375 0.01412750244140625 0.00839599609375
2 0.38793365478515623 0.14947998046875 0.015380859375 0.011849365234375
2 0.3710261535644531 0.04023147583007813 0.01599945068359375 0.0127166748046875
2 0.2719374084472656 0.43774993896484377 0.012125244140625 0.01292724609375
2 0.5590187072753906 0.5218994140625 0.00878692626953125 0.0179510498046875
2 0.5660287475585938 0.5140399169921875 0.0121929931640625 0.01907958984375
2 0.5723548889160156 0.50635009765625 0.00970977783203125 0.01420166015625
2 0.8530903625488281 0.6095709228515624 0.00906890869140625 0.0163922119140625
2 0.8285118103027344 0.5893994140625 0.01072601318359375 0.017701416015625
2 0.8444998168945312 0.5505624389648438 0.01882659912109375 0.0126251220703125
2 0.8938212585449219 0.61760009765625 0.01483428955078125 0.010450439453125
2 0.8852915954589844 0.644232177734375 0.0081671142578125 0.0157867431640625
2 0.805250244140625 0.6894375610351563 0.01463592529296875 0.014124755859375
