2 0.29961341857910156 0.112740478515625 0.02362541198730469 0.012027587890625
7 0.3637755584716797 0.12800994873046875 0.035029296875 0.0310882568359375
2 0.006441638469696045 0.152091064453125 0.010312554836273193 0.02439208984375
2 0.036080838441848756 0.15209075927734375 0.010312554836273193 0.02439208984375
2 0.04982654571533203 0.15251983642578126 0.010312566757202149 0.02439208984375
2 0.06271314144134521 0.15294921875 0.010312566757202149 0.0243927001953125
2 0.07431105136871338 0.15337890625 0.010312557220458984 0.02439208984375
2 0.020187356770038606 0.1529498291015625 0.010312566757202149 0.0243927001953125
2 0.08956186294555664 0.15204437255859374 0.012457046508789062 0.030845947265625
2 0.30262027740478514 0.06119415283203125 0.02362541198730469 0.012027587890625
2 0.6003485870361328 0.20363433837890624 0.03317390441894531 0.0149481201171875
2 0.08854860305786133 0.2535955810546875 0.02565195083618164 0.0136676025390625
2 0.08811910629272461 0.2673403930664062 0.025651912689208984 0.0136676025390625
2 0.08676992416381836 0.21798126220703126 0.022997188568115234 0.0214776611328125
2 0.21414718627929688 0.26589630126953123 0.027091560363769532 0.01077880859375
2 0.312499942779541 0.2929376220703125 0.011177291870117187 0.0244842529296875
2 0.12134878158569336 0.7323709106445313 0.027061843872070314 0.011597900390625
2 0.12263744354248046 0.7169070434570313 0.027061843872070314 0.011597900390625
2 0.12134880065917969 0.6745962524414062 0.0253436279296875 0.011168212890625
2 0.09042096138000488 0.7317266845703125 0.02534364700317383 0.011168212890625
2 0.1226374626159668 0.7467611694335937 0.0253436279296875 0.011168212890625
2 0.12607388496398925 0.7600775146484375 0.02534364700317383 0.011168212890625
2 0.20286611557006837 0.7602981567382813 0.024680213928222658 0.0115863037109375
2 0.20415468215942384 0.7332363891601562 0.024680366516113283 0.0115875244140625
2 0.20286611557006837 0.6606414794921875 0.024680213928222658 0.0115863037109375
2 0.1990001106262207 0.807978515625 0.024680213928222658 0.0115863037109375
2 0.20415468215942384 0.826878662109375 0.024680366516113283 0.0115875244140625
2 0.2002886962890625 0.8410543823242187 0.024680366516113283 0.0115875244140625
2 0.20200691223144532 0.8590948486328125 0.024680366516113283 0.0115875244140625
2 0.20329561233520507 0.8767071533203125 0.024680366516113283 0.0115875244140625
2 0.08741409301757813 0.7480499267578125 0.0253436279296875 0.011168212890625
2 0.24613241195678712 0.539976806640625 0.010312538146972656 0.02439208984375
2 0.2701873207092285 0.898223876953125 0.010312538146972656 0.02439208984375
2 0.2847921943664551 0.9012313842773437 0.010312538146972656 0.02439208984375
2 0.2998265075683594 0.9025201416015625 0.010312576293945313 0.02439208984375
2 0.2551529884338379 0.9020901489257812 0.010312538146972656 0.02439208984375
2 0.24033504486083984 0.9041921997070312 0.012599830627441405 0.0322161865234375
2 0.09063572883605957 0.9041921997070312 0.00945016860961914 0.027921142578125
2 0.10545948982238769 0.9039065551757812 0.010730533599853516 0.029925537109375
2 0.06443299293518066 0.8840032958984375 0.010309276580810546 0.030498046875
2 0.1194172477722168 0.9025616455078125 0.011165504455566405 0.026378173828125
2 0.1331614875793457 0.9003262329101562 0.010309276580810546 0.0265423583984375
2 0.14948453903198242 0.9033331298828124 0.010309276580810546 0.0265423583984375
2 0.8280082702636719 0.30691162109375 0.02715057373046875 0.012001953125
