2 0.067257080078125 0.18963260650634767 0.02559051513671875 0.028167343139648436
2 0.105252685546875 0.2629090881347656 0.026778564453125 0.029956550598144532
2 0.5587213134765625 0.9793807983398437 0.02839080810546875 0.024243011474609374
2 0.55551025390625 0.9544955444335937 0.0296405029296875 0.024122772216796876
2 0.5985539245605469 0.7955242919921875 0.03041412353515625 0.0251800537109375
2 0.32867324829101563 0.8482728576660157 0.0115130615234375 0.026589813232421874
2 0.335606689453125 0.7298328399658203 0.017384033203125 0.02929290771484375
2 0.274532470703125 0.5183883285522461 0.02220703125 0.029649429321289063
2 0.5401905822753906 0.17040307998657225 0.02214111328125 0.011310462951660155
2 0.6800167846679688 0.023327972888946533 0.0201202392578125 0.030098628997802735
2 0.6055374145507812 0.01713268980383873 0.0296051025390625 0.026324558854103088
2 0.7175578308105469 0.06932301044464112 0.02157257080078125 0.0311898136138916
2 0.7584416198730469 0.2654579162597656 0.01710693359375 0.0320123291015625
2 0.6625553894042969 0.24931472778320313 0.02836181640625 0.025493583679199218
2 0.7430570983886718 0.3168490791320801 0.01772308349609375 0.03117624282836914
2 0.9510488891601563 0.1644072151184082 0.02169677734375 0.013024940490722656
2 0.8947052001953125 0.5743515777587891 0.02460845947265625 0.0220587158203125
2 0.6938609313964844 0.7281089782714844 0.0264276123046875 0.022555084228515626
2 0.7826210021972656 0.6398028659820557 0.01315765380859375 0.025827789306640626
2 0.8375825500488281 0.6858554077148438 0.01288360595703125 0.028885040283203125
2 0.8423391723632813 0.7883309173583984 0.01319580078125 0.025860443115234374
2 0.9647683715820312 0.6404963684082031 0.0216412353515625 0.022769012451171876
2 0.668175048828125 0.9324285888671875 0.0253839111328125 0.0178179931640625
2 0.7271107482910156 0.9094023132324218 0.0253839111328125 0.0178179931640625
2 0.82127197265625 0.8787005615234375 0.02631561279296875 0.0190325927734375
2 0.8444706726074219 0.84551025390625 0.0283056640625 0.018824005126953126
2 0.91885986328125 0.8489582061767578 0.03015350341796875 0.020569915771484374
2 0.9135494995117187 0.8164532470703125 0.0283056640625 0.018824005126953126
2 0.7715538024902344 0.8717428588867188 0.02706756591796875 0.01693084716796875
2 0.8016110229492187 0.8444709014892579 0.03054931640625 0.019391326904296874
2 0.6128829956054688 0.9248912048339843 0.02313751220703125 0.016994171142578125
2 0.8474284362792969 0.9733319854736329 0.01238037109375 0.02921295166015625
2 0.97900634765625 0.5057475280761718 0.0271844482421875 0.024104766845703125
2 0.9777960205078124 0.2506852912902832 0.030701904296875 0.0252618408203125
2 0.9750546264648438 0.08484088897705078 0.0307012939453125 0.02526176452636719
2 0.981214599609375 0.8050457763671875 0.02595947265625 0.016916656494140626
2 0.6686053466796875 0.907183837890625 0.03266754150390625 0.02240478515625
2 0.6999028015136719 0.8950442504882813 0.0326678466796875 0.02240478515625
