5 0.018835983276367187 0.8706890869140625 0.043798828125 0.0796832275390625
5 0.02783515930175781 0.8828628540039063 0.05692291259765625 0.080311279296875
5 0.050853118896484376 0.9098956298828125 0.0554461669921875 0.0708538818359375
5 0.0382220458984375 0.8977557373046875 0.060367431640625 0.079652099609375
5 0.0623358154296875 0.92285400390625 0.05872711181640625 0.075692138671875
5 0.07759201049804687 0.9318771362304688 0.06561676025390625 0.081927490234375
5 0.09071517944335937 0.94237548828125 0.06561676025390625 0.081927490234375
3 0.07400924682617188 0.5297891235351563 0.05319061279296875 0.046722412109375
3 0.08431869506835937 0.5143511962890625 0.05284637451171875 0.04625
5 0.13048576354980468 0.4214886474609375 0.07456558227539062 0.0564263916015625
5 0.13979248046875 0.40679473876953126 0.074295654296875 0.0576019287109375
5 0.32541473388671877 0.14169467926025392 0.065726318359375 0.052882537841796876
3 0.342388916015625 0.1289014434814453 0.053709716796875 0.04653060913085937
5 0.32086029052734377 0.1590899658203125 0.0377142333984375 0.031798095703125
2 0.975450439453125 0.9727194213867187 0.02662109375 0.020205078125
2 0.9921875 0.9334869384765625 0.027197265625 0.021929931640625
5 0.913792724609375 0.10502151489257812 0.0808203125 0.05641937255859375
5 0.9071926879882812 0.09060882568359375 0.0800103759765625 0.0556634521484375
5 0.8971783447265625 0.07758529663085938 0.081533203125 0.05504058837890625
5 0.9014559936523437 0.05719024658203125 0.0793121337890625 0.05196563720703125
5 0.90211181640625 0.03531509399414062 0.081702880859375 0.05832427978515625
5 0.98580810546875 0.12158294677734376 0.073236083984375 0.0660479736328125
5 0.97052490234375 0.10984745025634765 0.073236083984375 0.06604843139648438
5 0.9218072509765625 0.178624267578125 0.0723919677734375 0.0671392822265625
5 0.9089794921875 0.16770751953125 0.0723919677734375 0.0671392822265625
