2 0.41086761474609373 0.019544677734375 0.011597900390625 0.02792083740234375
7 0.40414276123046877 0.13268524169921875 0.0411895751953125 0.0667529296875
7 0.546851806640625 0.13064224243164063 0.0468695068359375 0.06127532958984375
2 0.32152069091796875 0.5599226379394531 0.011597900390625 0.02620269775390625
2 0.3501080322265625 0.5601571655273437 0.0275341796875 0.011207275390625
2 0.4849871826171875 0.9080955505371093 0.0275347900390625 0.011207275390625
2 0.34080535888671876 0.9138626098632813 0.029547119140625 0.01243194580078125
2 0.30478729248046876 0.9143218994140625 0.021009521484375 0.01077392578125
2 0.205540771484375 0.9890460205078125 0.011597900390625 0.026202392578125
2 0.621156005859375 0.8531126403808593 0.0275341796875 0.011207275390625
2 0.6529214477539063 0.8507305908203125 0.035223388671875 0.01262176513671875
2 0.6344720458984375 0.8655699157714843 0.0275347900390625 0.011207275390625
2 0.5755307006835938 0.9095941162109376 0.0299267578125 0.010767822265625
2 0.6213491821289062 0.8294673156738281 0.0250067138671875 0.02835052490234375
7 0.8654214477539063 0.7681672668457031 0.0567547607421875 0.06840423583984374
7 0.8505416870117187 0.6243086242675782 0.02400390625 0.05636627197265625
2 0.9944381713867188 0.5206382751464844 0.0275341796875 0.011207275390625
2 0.73456298828125 0.34335922241210937 0.01197509765625 0.0329388427734375
7 0.6909881591796875 0.12358383178710937 0.0260992431640625 0.04664703369140625
2 0.6615335083007813 0.2577516174316406 0.0275341796875 0.011207275390625
