2 0.040875091552734374 0.772125244140625 0.015535888671875 0.0175
2 0.08275054931640625 0.7951251220703125 0.0237506103515625 0.020128173828125
2 0.15312530517578124 0.849375 0.0164996337890625 0.0164996337890625
2 0.18375030517578125 0.7844381713867188 0.0170001220703125 0.0185137939453125
2 0.20666046142578126 0.8010211181640625 0.01617919921875 0.017042236328125
3 0.04812469482421875 0.8554403686523437 0.032001953125 0.0251300048828125
2 0.6276878356933594 0.8533123779296875 0.01962493896484375 0.01674072265625
2 0.5730364990234375 0.8383340454101562 0.01792694091796875 0.0154180908203125
2 0.5752505493164063 0.8293753051757813 0.016500244140625 0.015380859375
2 0.5810798645019531 0.8255630493164062 0.01734100341796875 0.0151263427734375
2 0.5880650329589844 0.8189498901367187 0.0163702392578125 0.0144000244140625
2 0.5974996948242187 0.8133917236328125 0.020751953125 0.017783203125
