0 0.30984954833984374 0.047710113525390625 0.0275213623046875 0.0394073486328125
0 0.3108251953125 0.09130584716796875 0.0284942626953125 0.038673095703125
0 0.23983642578125 0.08236572265625 0.0173675537109375 0.0191485595703125
0 0.23890594482421876 0.11520416259765626 0.015411376953125 0.01888580322265625
0 0.31140594482421874 0.13450439453125 0.0287969970703125 0.039669189453125
0 0.31203704833984375 0.187772216796875 0.0278814697265625 0.0381280517578125
0 0.3122137451171875 0.23167343139648439 0.0271270751953125 0.03814208984375
0 0.314686279296875 0.3929571533203125 0.027791748046875 0.03859283447265625
0 0.31018341064453125 0.4757447814941406 0.0284674072265625 0.03971649169921875
0 0.31020538330078123 0.5248680114746094 0.027764892578125 0.0402911376953125
0 0.17722808837890625 0.7328860473632812 0.0663275146484375 0.066746826171875
