3 0.637274169921875 0.671446533203125 0.0181976318359375 0.0213134765625
2 0.2252197265625 0.222650146484375 0.0156890869140625 0.01719970703125
3 0.26220977783203125 0.27270965576171874 0.021669921875 0.0215814208984375
3 0.247037353515625 0.28676361083984375 0.022325439453125 0.0209722900390625
2 0.25381317138671877 0.2838128662109375 0.0170208740234375 0.0151251220703125
2 0.257655029296875 0.27809478759765627 0.0160595703125 0.015560302734375
3 0.273062744140625 0.3345001220703125 0.0216253662109375 0.024185791015625
2 0.2867718505859375 0.3448150634765625 0.013956298828125 0.0168701171875
2 0.29116943359375 0.350367431640625 0.012911376953125 0.01551513671875
2 0.248125 0.3013751220703125 0.01375 0.0150445556640625
2 0.26812530517578126 0.329375 0.01375 0.0150445556640625
2 0.3789785766601563 0.6349209594726563 0.0112933349609375 0.00765869140625
2 0.3552288818359375 0.6637960815429688 0.0112933349609375 0.00765869140625
2 0.388853759765625 0.6941702270507812 0.011292724609375 0.00765869140625
2 0.413853759765625 0.7364202880859375 0.011292724609375 0.00765869140625
2 0.326485595703125 0.7207086181640625 0.013470458984375 0.00808349609375
2 0.28851531982421874 0.6484906005859375 0.0097186279296875 0.01523193359375
2 0.398853759765625 0.7537954711914062 0.011292724609375 0.00765869140625
2 0.389228515625 0.7652963256835937 0.0112933349609375 0.00765869140625
2 0.38522857666015625 0.7715460205078125 0.0112933349609375 0.00765869140625
2 0.44210357666015626 0.7710458374023438 0.0112933349609375 0.00765869140625
