0 0.884952392578125 0.20484832763671876 0.047752685546875 0.05090789794921875
0 0.9442803955078125 0.05597122192382813 0.0280096435546875 0.037086181640625
0 0.9118783569335938 0.037174072265625 0.0279638671875 0.03416595458984375
0 0.8792367553710938 0.02620208740234375 0.02791748046875 0.0364483642578125
0 0.8458856201171875 0.021390838623046873 0.0271832275390625 0.03475830078125
2 0.5223312377929688 0.798778076171875 0.0080877685546875 0.01530609130859375
2 0.514010009765625 0.7978085327148438 0.0075201416015625 0.0151171875
2 0.5047061157226562 0.7955279541015625 0.0080877685546875 0.01530609130859375
2 0.4973846435546875 0.794808349609375 0.0075201416015625 0.01511688232421875
2 0.4886346435546875 0.7953083801269532 0.0075201416015625 0.01511688232421875
2 0.4788311767578125 0.7921530151367188 0.0080877685546875 0.01530609130859375
2 0.47108123779296873 0.7910281372070312 0.0080877685546875 0.01530609130859375
2 0.46345611572265627 0.7890278625488282 0.0080877685546875 0.01530609130859375
2 0.45845611572265627 0.7652780151367188 0.0080877685546875 0.01530609130859375
2 0.5579562377929688 0.8057778930664062 0.0080877685546875 0.01530609130859375
2 0.5665097045898437 0.8065583801269531 0.0075201416015625 0.01511688232421875
2 0.5750811767578125 0.8085282897949219 0.0080877685546875 0.01530609130859375
2 0.5834564208984375 0.8087779235839844 0.0080877685546875 0.01530609130859375
2 0.43887481689453123 0.722562255859375 0.01625 0.00787841796875
2 0.436875 0.7384375 0.01625 0.00787841796875
2 0.7447927856445312 0.9700164794921875 0.0143353271484375 0.01478271484375
2 0.04606781005859375 0.9552777099609375 0.0165380859375 0.010826416015625
