3 0.27460784912109376 0.07976959228515625 0.0269482421875 0.0302191162109375
3 0.3097412109375 0.10300003051757813 0.03056884765625 0.0356500244140625
5 0.29124755859375 0.10584030151367188 0.0227447509765625 0.0269305419921875
3 0.9911245727539062 0.858375244140625 0.0317498779296875 0.0383001708984375
3 0.9193792724609375 0.9413125610351563 0.0319927978515625 0.0378759765625
5 0.6433480834960937 0.7538908386230468 0.0256439208984375 0.03418731689453125
5 0.5827352905273437 0.7055827331542969 0.034730224609375 0.029248046875
2 0.7721878051757812 0.018562774658203125 0.018125 0.016263427734375
2 0.8795001220703125 0.1007501220703125 0.021500244140625 0.02002655029296875
2 0.6796881103515625 0.16818756103515625 0.020374755859375 0.020526123046875
2 0.62168701171875 0.06081253051757812 0.0173748779296875 0.014197998046875
2 0.6265386962890624 0.05195693969726563 0.0158270263671875 0.01233612060546875
2 0.6378326416015625 0.03533950805664063 0.015914306640625 0.01333160400390625
2 0.6427444458007813 0.027323760986328126 0.01728515625 0.0141473388671875
2 0.6546414184570313 0.019033203125 0.017215576171875 0.01481658935546875
2 0.5048129272460937 0.00890625 0.0171490478515625 0.01837493896484375
2 0.41506256103515626 0.41962493896484376 0.0161248779296875 0.0108074951171875
2 0.5599893188476562 0.6337026977539062 0.01760498046875 0.0196551513671875
2 0.5522384643554688 0.6295777893066407 0.01760498046875 0.0196551513671875
2 0.544989013671875 0.6253274536132812 0.01760498046875 0.0196551513671875
2 0.5372390747070312 0.6197024536132812 0.01760498046875 0.0196551513671875
2 0.5301138305664063 0.6135775756835937 0.01760498046875 0.0196551513671875
2 0.5226138305664062 0.6088276672363281 0.01760498046875 0.01965545654296875
2 0.6504400634765625 0.6481011962890625 0.0148699951171875 0.0157977294921875
2 0.6584405517578125 0.6541009521484376 0.0148699951171875 0.01579803466796875
2 0.629892578125 0.6346629333496093 0.013284912109375 0.0145758056640625
2 0.6217672729492187 0.6289134216308594 0.013284912109375 0.01457611083984375
2 0.6157669067382813 0.624537353515625 0.013284912109375 0.01457611083984375
2 0.5933935546875 0.6086634826660157 0.013284912109375 0.01457611083984375
2 0.5856423950195313 0.6037882995605469 0.013284912109375 0.01457611083984375
2 0.5781430053710938 0.5979136657714844 0.013284912109375 0.01457611083984375
2 0.5715167236328125 0.5926625061035157 0.0132843017578125 0.0145758056640625
2 0.5630621337890624 0.587562255859375 0.0151251220703125 0.0163201904296875
2 0.5615628051757813 0.5652499389648438 0.015625 0.0141436767578125
2 0.5892672729492188 0.5307307434082031 0.0163018798828125 0.01353851318359375
2 0.5829885864257812 0.5376205444335938 0.0162725830078125 0.01249114990234375
2 0.57206298828125 0.5485630798339843 0.014375 0.01225982666015625
2 0.7031253051757812 0.9210000610351563 0.014000244140625 0.0158319091796875
2 0.7091934204101562 0.9279220581054688 0.013885498046875 0.015594482421875
2 0.7151205444335937 0.9320992660522461 0.0137396240234375 0.015551300048828124
2 0.7258700561523438 0.9372238159179688 0.0137396240234375 0.0155517578125
2 0.7332833862304687 0.942166748046875 0.01506591796875 0.0163330078125
2 0.777008056640625 0.972069091796875 0.016234130859375 0.0173883056640625
2 0.793353271484375 0.9653216552734375 0.016793212890625 0.0158935546875
2 0.7945004272460937 0.9568753051757812 0.017249755859375 0.0164666748046875
3 0.35175018310546874 0.9172502136230469 0.0339996337890625 0.0288397216796875
2 0.5386251831054687 0.8863749694824219 0.0145001220703125 0.01702606201171875
2 0.5242501831054688 0.83003173828125 0.013499755859375 0.014063720703125
2 0.49202239990234375 0.8511793518066406 0.0147052001953125 0.01615264892578125
2 0.4184368896484375 0.8028121948242187 0.013125 0.01528594970703125
2 0.4260623168945312 0.8081874084472657 0.0157232666015625 0.01612518310546875
