3 0.9911245727539062 0.053375244140625 0.0317498779296875 0.0383001708984375
3 0.9193792724609375 0.13631256103515624 0.0319927978515625 0.0378759765625
2 0.7031253051757812 0.11600006103515625 0.014000244140625 0.0158319091796875
2 0.7091934204101562 0.12292205810546875 0.013885498046875 0.015594482421875
2 0.7151205444335937 0.12709926605224608 0.0137396240234375 0.015551300048828124
2 0.7258700561523438 0.13222381591796875 0.0137396240234375 0.0155517578125
2 0.7332833862304687 0.137166748046875 0.01506591796875 0.0163330078125
2 0.777008056640625 0.167069091796875 0.016234130859375 0.0173883056640625
2 0.793353271484375 0.1603216552734375 0.016793212890625 0.0158935546875
2 0.7945004272460937 0.15187530517578124 0.017249755859375 0.0164666748046875
2 0.816312255859375 0.194000244140625 0.0151251220703125 0.01728759765625
2 0.7668124389648437 0.20399993896484375 0.016624755859375 0.0136865234375
2 0.7626885986328125 0.2119451904296875 0.015623779296875 0.012139892578125
2 0.793125 0.2286871337890625 0.018499755859375 0.016011962890625
2 0.8587506103515625 0.224437255859375 0.016500244140625 0.017235107421875
2 0.8679379272460938 0.22962554931640625 0.01637451171875 0.0181396484375
2 0.8725619506835938 0.23499969482421876 0.014625244140625 0.01554443359375
2 0.8804376220703125 0.23937530517578126 0.016875 0.017894287109375
2 0.8886874389648437 0.2442498779296875 0.0158746337890625 0.01687744140625
2 0.8951876831054687 0.2504998779296875 0.0158746337890625 0.01687744140625
2 0.9046875 0.2554998779296875 0.015875244140625 0.01687744140625
2 0.9121871948242187 0.2625006103515625 0.015875244140625 0.01687744140625
2 0.948563232421875 0.28675018310546874 0.0161248779296875 0.0175091552734375
2 0.9395159912109375 0.27977569580078127 0.01546875 0.01675048828125
5 0.44343719482421873 0.8273440551757812 0.0071258544921875 0.0140625
3 0.35175018310546874 0.11225021362304688 0.0339996337890625 0.0288397216796875
2 0.5386251831054687 0.08137496948242187 0.0145001220703125 0.01702606201171875
2 0.5242501831054688 0.02503173828125 0.013499755859375 0.014063720703125
2 0.49202239990234375 0.04617935180664062 0.0147052001953125 0.01615264892578125
2 0.4260623168945312 0.004406204223632812 0.0157232666015625 0.01125
