0 0.19021484375 0.014983367919921876 0.0280255126953125 0.030375213623046876
0 0.202855224609375 0.05518310546875 0.028555908203125 0.0328662109375
2 0.17611907958984374 0.19867340087890625 0.0073486328125 0.0199114990234375
2 0.28932220458984376 0.09404815673828125 0.0073150634765625 0.0194757080078125
2 0.301312255859375 0.09328353881835938 0.007314453125 0.01947509765625
2 0.36001312255859375 0.10316543579101563 0.0080352783203125 0.02472808837890625
2 0.3783868408203125 0.10375213623046875 0.008533935546875 0.01876007080078125
2 0.25847900390625 0.201473388671875 0.007530517578125 0.0182830810546875
2 0.2431732177734375 0.200963134765625 0.007530517578125 0.0182830810546875
2 0.2334796142578125 0.20198333740234375 0.007530517578125 0.0182830810546875
2 0.19961700439453126 0.20068084716796875 0.0073980712890625 0.01822998046875
2 0.20114776611328125 0.22440521240234376 0.0073974609375 0.01822998046875
2 0.25089263916015625 0.22466033935546875 0.0073980712890625 0.01822998046875
2 0.2848211669921875 0.22491546630859374 0.0073980712890625 0.01822998046875
2 0.1850762939453125 0.22338470458984375 0.0073980712890625 0.01822998046875
2 0.1603314208984375 0.2234442138671875 0.00790771484375 0.0215386962890625
2 0.38022918701171876 0.20833404541015624 0.0073974609375 0.01822998046875
2 0.41390289306640626 0.20807891845703125 0.0073974609375 0.01822998046875
