2 0.821038818359375 0.9026980590820313 0.01607421875 0.0064581298828125
2 0.8663189697265625 0.8855030822753907 0.0067431640625 0.01770599365234375
2 0.9241546630859375 0.9539321899414063 0.016900634765625 0.0064581298828125
2 0.8700494384765625 0.9958384704589843 0.007606201171875 0.01517547607421875
2 0.9122003173828125 0.8163748168945313 0.0144091796875 0.00602691650390625
2 0.9349169921875 0.8340988159179688 0.0136328125 0.0064581298828125
2 0.8613006591796875 0.7129042053222656 0.00816650390625 0.0152178955078125
2 0.9803973388671875 0.6113624572753906 0.0148095703125 0.00617889404296875
2 0.9208941650390625 0.4058576202392578 0.016995849609375 0.0076104736328125
2 0.7766925048828125 0.41525543212890625 0.0054541015625 0.01349029541015625
2 0.7401727294921875 0.34410667419433594 0.00845947265625 0.015566864013671876
2 0.8457232666015625 0.19991401672363282 0.008616943359375 0.01564361572265625
2 0.90779296875 0.2138346862792969 0.01449462890625 0.005596923828125
2 0.799368896484375 0.017508544921875 0.01626708984375 0.012772979736328125
2 0.1779913330078125 0.2847119903564453 0.009412841796875 0.017541046142578124
2 0.1738360595703125 0.46704208374023437 0.01467529296875 0.00701629638671875
2 0.3611260986328125 0.5241896057128906 0.018961181640625 0.0097894287109375
2 0.194483642578125 0.47741424560546875 0.02203857421875 0.01077423095703125
2 0.3126849365234375 0.7413218688964843 0.017344970703125 0.0105242919921875
2 0.13146240234375 0.7969905090332031 0.0140087890625 0.00849334716796875
2 0.11447555541992188 0.7928361511230468 0.01819000244140625 0.01163238525390625
2 0.0760638427734375 0.8534884643554688 0.0095867919921875 0.01661956787109375
2 0.03609619140625 0.940731201171875 0.0106231689453125 0.01827911376953125
7 0.528487548828125 0.989154052734375 0.018829345703125 0.0287750244140625
7 0.6142840576171875 0.7443537902832031 0.0133935546875 0.0260345458984375
7 0.6105584716796875 0.79157470703125 0.030032958984375 0.0205535888671875
7 0.5520648193359375 0.7529183959960938 0.02947265625 0.01559906005859375
7 0.4401470947265625 0.7372471618652344 0.019268798828125 0.026845703125
7 0.746094970703125 0.5272810363769531 0.016689453125 0.02947357177734375
7 0.543406982421875 0.2979412841796875 0.015655517578125 0.0287347412109375
7 0.520123291015625 0.21946189880371095 0.033262939453125 0.021067962646484376
7 0.6689739990234375 0.216693115234375 0.028436279296875 0.01589019775390625
4 0.5604913330078125 0.22022544860839843 0.00978759765625 0.026414947509765627
2 0.4909814453125 0.16825973510742187 0.01565185546875 0.018180999755859375
2 0.56211669921875 0.1906585693359375 0.00899658203125 0.020482330322265624
2 0.91762451171875 0.20137542724609375 0.016971435546875 0.00593994140625
2 0.9175909423828125 0.19228561401367186 0.01550537109375 0.007274169921875
2 0.922186279296875 0.2131507110595703 0.012825927734375 0.006938934326171875
7 0.9507049560546875 0.0449273681640625 0.017044677734375 0.029785308837890625
7 0.9595965576171875 0.093017578125 0.030653076171875 0.01746673583984375
7 0.3325994873046875 0.05962852478027344 0.020921630859375 0.02871368408203125
2 0.211326904296875 0.7480500793457031 0.013795166015625 0.03803924560546875
2 0.2402838134765625 0.8139443969726563 0.017374267578125 0.0249481201171875
2 0.1688287353515625 0.9248068237304687 0.01738525390625 0.03063934326171875
