3 0.075330810546875 0.6460662841796875 0.1212689208984375 0.03133209228515625
2 0.135279541015625 0.6185578918457031 0.02439697265625 0.01408172607421875
3 0.28852325439453125 0.6057939147949218 0.03154296875 0.015316162109375
3 0.4656890869140625 0.5922581481933594 0.0303680419921875 0.01830718994140625
2 0.5617343139648437 0.07033538818359375 0.026917724609375 0.023410491943359375
2 0.7755111694335938 0.20832374572753906 0.0294677734375 0.025350799560546877
2 0.76444091796875 0.33033897399902346 0.0263995361328125 0.023255615234375
2 0.8339077758789063 0.3468343353271484 0.0282373046875 0.02376312255859375
2 0.79515869140625 0.5937672424316406 0.0233203125 0.0187310791015625
2 0.8910443115234375 0.6595936584472656 0.0268450927734375 0.02120330810546875
2 0.8967120361328125 0.5958438110351563 0.025587158203125 0.01519866943359375
2 0.9810958862304687 0.4588970184326172 0.02850341796875 0.024183807373046876
2 0.4011334228515625 0.3781558990478516 0.0342730712890625 0.027779083251953125
2 0.46569061279296875 0.32495635986328125 0.0295843505859375 0.0257867431640625
2 0.2278363037109375 0.07495445251464844 0.023740234375 0.032444305419921875
2 0.9138714599609375 0.2864790344238281 0.0282373046875 0.02376312255859375
