2 0.6119375610351563 0.5260623168945312 0.020625 0.01795501708984375
2 0.6347506713867187 0.5423126220703125 0.0189996337890625 0.0166217041015625
2 0.640374755859375 0.5350625610351563 0.019000244140625 0.016622314453125
2 0.6471255493164062 0.5295628356933594 0.0189996337890625 0.0166217041015625
2 0.6264999389648438 0.5145001220703125 0.0179998779296875 0.01625152587890625
2 0.6174996948242187 0.5188749694824218 0.0179998779296875 0.01625152587890625
2 0.5914999389648438 0.490625 0.0179998779296875 0.016251220703125
2 0.5968746948242187 0.4841252136230469 0.0179998779296875 0.01625152587890625
2 0.65768798828125 0.5795628356933594 0.01762451171875 0.01592864990234375
2 0.6619381713867187 0.5714375305175782 0.019375 0.0168865966796875
2 0.6674383544921875 0.5646876525878907 0.019375 0.0168865966796875
2 0.6733126831054688 0.5581877136230469 0.019375 0.01688690185546875
2 0.6789376831054688 0.5516876220703125 0.018375244140625 0.01605804443359375
3 0.7073764038085938 0.34971664428710936 0.00974853515625 0.0298175048828125
2 0.6455633544921875 0.30718795776367186 0.015625 0.0183575439453125
2 0.6762503051757812 0.33031280517578127 0.015 0.016279296875
2 0.6387164306640625 0.3032000732421875 0.013568115234375 0.014849853515625
