2 0.422196044921875 0.9379840087890625 0.02777412414550781 0.0182373046875
2 0.18343059539794923 0.7409040832519531 0.02177295684814453 0.01360931396484375
2 0.14443944931030273 0.6017353820800782 0.02409341812133789 0.01423858642578125
2 0.050524415969848635 0.5926441955566406 0.026111831665039064 0.0130584716796875
2 0.1072103214263916 0.543765869140625 0.014210186004638671 0.02361480712890625
2 0.08438289523124695 0.2969146728515625 0.025884976387023927 0.012909393310546875
2 0.10343201637268067 0.4083754730224609 0.029383163452148437 0.01542816162109375
2 0.02440176025032997 0.38161224365234375 0.02920888364315033 0.014798431396484376
2 0.03200675040483475 0.39592727661132815 0.027296303510665892 0.013875579833984375
2 0.045969787240028384 0.09792198181152344 0.025884883403778078 0.01290924072265625
2 0.9159319305419922 0.4494647216796875 0.015313568115234375 0.02896728515625
2 0.9139633178710938 0.5955221557617187 0.02880828857421875 0.01503662109375
2 0.9169448852539063 0.6096749877929688 0.02601348876953125 0.014991455078125
2 0.9203699493408203 0.6264907836914062 0.0260333251953125 0.01506561279296875
2 0.9780435180664062 0.5645539855957031 0.025866851806640626 0.0142047119140625
2 0.966498794555664 0.5361567687988281 0.02586700439453125 0.0142047119140625
2 0.9921121215820312 0.5316941833496094 0.028514556884765625 0.01437164306640625
2 0.9743054962158203 0.550914306640625 0.03113616943359375 0.01335174560546875
2 0.9784806823730469 0.5818577575683593 0.032158203125 0.015523681640625
2 0.9692807006835937 0.36630821228027344 0.0272027587890625 0.014048309326171874
2 0.9656979370117188 0.3508491516113281 0.02667205810546875 0.012225494384765626
2 0.9688103485107422 0.3823040008544922 0.027588958740234374 0.018067169189453124
2 0.6117993927001953 0.8175143432617188 0.016857147216796875 0.024073486328125
2 0.7056501007080078 0.7989492797851563 0.0122955322265625 0.02233642578125
2 0.9715217590332031 0.39741981506347657 0.02705657958984375 0.013438873291015625
2 0.9748223876953125 0.4110919952392578 0.027099609375 0.013628997802734376
2 0.9417597198486328 0.40198760986328125 0.02705657958984375 0.013438873291015625
2 0.9454867553710937 0.4168571472167969 0.025524749755859374 0.0138079833984375
2 0.9461788177490235 0.43236114501953127 0.025524749755859374 0.0138079833984375
2 0.9745565032958985 0.42723899841308594 0.025524749755859374 0.0138079833984375
2 0.9794014739990234 0.4410818481445313 0.02552490234375 0.013808135986328124
2 0.9536090850830078 0.4473553466796875 0.023568267822265624 0.0130657958984375
2 0.9842015838623047 0.4556609344482422 0.023568267822265624 0.01306610107421875
2 0.9580703735351562 0.4606884002685547 0.0232281494140625 0.011208953857421875
2 0.9869122314453125 0.47099014282226564 0.02756011962890625 0.01330780029296875
2 0.9578975677490235 0.4755857849121094 0.02578857421875 0.01519012451171875
2 0.9891333770751953 0.5017996215820313 0.0289312744140625 0.0164923095703125
2 0.9568648529052735 0.49123382568359375 0.03083953857421875 0.0149981689453125
2 0.9881296539306641 0.485401611328125 0.028170318603515626 0.01383087158203125
2 0.9615864562988281 0.5059526062011719 0.025609130859375 0.01694366455078125
2 0.9740449523925782 0.6818937683105468 0.008444061279296875 0.0218389892578125
2 0.9632231903076172 0.8112037658691407 0.02360809326171875 0.0162994384765625
2 0.9544895935058594 0.822939453125 0.02524566650390625 0.016910400390625
2 0.9080153656005859 0.8017088317871094 0.024530792236328126 0.02386566162109375
2 0.8224376678466797 0.9060627746582032 0.018584136962890626 0.02462493896484375
2 0.8559074401855469 0.8373725891113282 0.02531494140625 0.01749481201171875
2 0.7137696075439454 0.9275112915039062 0.01996063232421875 0.0234771728515625
2 0.624584617614746 0.9413502502441407 0.01991943359375 0.02479949951171875
2 0.6417135524749756 0.9423516845703125 0.024906044006347657 0.0291851806640625
2 0.7260884857177734 0.9211709594726563 0.024906158447265625 0.0291851806640625
2 0.743259048461914 0.9209564208984375 0.023898468017578126 0.0291510009765625
2 0.6474097442626953 0.8211041259765625 0.015652923583984374 0.0262359619140625
2 0.576191520690918 0.8263365173339844 0.014978103637695313 0.02767303466796875
2 0.5553581619262695 0.8235588073730469 0.014978103637695313 0.02767303466796875
2 0.5949536895751953 0.8240409851074219 0.01634269714355469 0.034193115234375
2 0.550868034362793 0.8447917175292968 0.03190719604492188 0.02013885498046875
2 0.6749497985839844 0.9307096862792968 0.0297607421875 0.03094207763671875
2 0.9727714538574219 0.7965719604492187 0.0357073974609375 0.0181439208984375
2 0.8969989013671875 0.49006210327148436 0.0265264892578125 0.01554046630859375
2 0.890401611328125 0.4445759582519531 0.0265264892578125 0.01554046630859375
2 0.9067708587646485 0.5364582824707032 0.021180572509765624 0.0146319580078125
2 0.9036457824707032 0.5215277099609374 0.021180572509765624 0.0146319580078125
2 0.8998264312744141 0.5052084350585937 0.021180572509765624 0.0146319580078125
2 0.9081597900390626 0.5531251525878906 0.021180572509765624 0.014632568359375
2 0.9140625762939453 0.5819444274902343 0.021180572509765624 0.014632568359375
2 0.8954373931884766 0.47462677001953124 0.018847808837890626 0.0139410400390625
