2 0.7078392028808593 0.016755523681640624 0.018321685791015625 0.019989013671875
2 0.9406875610351563 0.5568121337890625 0.02042510986328125 0.02387481689453125
2 0.9772498321533203 0.5710000610351562 0.01466033935546875 0.0157501220703125
2 0.9849661254882812 0.5748619079589844 0.014068145751953125 0.01627685546875
2 0.991187744140625 0.5800628662109375 0.014124908447265626 0.01639434814453125
2 0.9250001525878906 0.6525628662109375 0.00902740478515625 0.018125
2 0.935250015258789 0.6570631408691406 0.008753814697265626 0.01787506103515625
2 0.9441249084472656 0.6590628051757812 0.009499969482421875 0.0146588134765625
2 0.9498748779296875 0.6597499084472657 0.0095001220703125 0.0145904541015625
4 0.8793817901611328 0.7932102966308594 0.0209698486328125 0.02257415771484375
4 0.8426859283447266 0.757861328125 0.023317108154296873 0.0212713623046875
2 0.8358329010009765 0.7653901672363281 0.01933502197265625 0.0175201416015625
2 0.8310419464111328 0.7741183471679688 0.02016693115234375 0.0187359619140625
2 0.8254375457763672 0.7813748168945313 0.0201251220703125 0.017630615234375
2 0.8195625305175781 0.7933122253417969 0.020625 0.01835052490234375
2 0.7851899719238281 0.7743812561035156 0.013879852294921875 0.01801300048828125
2 0.7757557678222656 0.8670658874511719 0.01423828125 0.01611785888671875
2 0.781875 0.8711251831054687 0.015500030517578124 0.01740203857421875
2 0.7895625305175781 0.87518798828125 0.01662506103515625 0.01740753173828125
2 0.7953749084472657 0.8801875305175781 0.016788787841796875 0.0186248779296875
2 0.8133597564697266 0.89051513671875 0.0144696044921875 0.01571990966796875
2 0.8198817443847656 0.8952345275878906 0.015486297607421875 0.0174688720703125
2 0.8264375305175782 0.8995623779296875 0.01537506103515625 0.01708984375
2 0.8336873626708985 0.9040625 0.019124908447265623 0.0199530029296875
2 0.8404999542236328 0.909000244140625 0.0157501220703125 0.01726593017578125
2 0.8454378509521484 0.9133126831054688 0.017125091552734374 0.0185577392578125
2 0.8549375915527344 0.9241250610351562 0.015124969482421875 0.017200927734375
2 0.8368749237060547 0.9608123779296875 0.015316925048828124 0.0163751220703125
2 0.7091629791259766 0.8817266845703124 0.016424407958984377 0.0190472412109375
2 0.660062484741211 0.8894999694824218 0.01662506103515625 0.01890350341796875
2 0.7381251525878906 0.8922500610351562 0.01725006103515625 0.0147991943359375
2 0.74169677734375 0.8866091918945312 0.017893524169921876 0.0145318603515625
2 0.7809889984130859 0.906417236328125 0.01752166748046875 0.0199151611328125
2 0.7341499328613281 0.8991468811035156 0.02220001220703125 0.01845611572265625
2 0.7298122406005859 0.9047500610351562 0.02162506103515625 0.01833770751953125
2 0.724437484741211 0.9096250915527344 0.019375 0.01599639892578125
2 0.7208625793457031 0.9155928039550781 0.020774993896484375 0.018564453125
2 0.7166250610351562 0.9220002746582031 0.020999908447265625 0.01770355224609375
2 0.7110020446777344 0.9351476669311524 0.016245880126953126 0.017204742431640625
2 0.7348126983642578 0.953375244140625 0.016624908447265625 0.0196319580078125
2 0.7411873626708985 0.9581878662109375 0.01562957763671875 0.0176251220703125
2 0.7454374694824218 0.9626251220703125 0.01415740966796875 0.01550048828125
2 0.7516252136230469 0.965687255859375 0.014351959228515626 0.0158746337890625
2 0.756875 0.9714999389648438 0.0147503662109375 0.0162554931640625
2 0.7634874725341797 0.97501708984375 0.014852294921875 0.0162835693359375
2 0.7701250457763672 0.9793753051757812 0.013721923828125 0.015250244140625
2 0.7752822875976563 0.9830026245117187 0.01471893310546875 0.01549560546875
2 0.7808841705322266 0.9870761108398437 0.0152313232421875 0.0160980224609375
2 0.7865000915527344 0.991187744140625 0.011999969482421874 0.0145233154296875
2 0.7915628051757813 0.9949380493164063 0.012063446044921875 0.014375
2 0.7169374847412109 0.989437255859375 0.020125274658203126 0.0174700927734375
2 0.3587354278564453 0.7432673645019531 0.01757896423339844 0.01422027587890625
2 0.38524494171142576 0.7209147644042969 0.01578338623046875 0.00910369873046875
2 0.41680503845214845 0.7416253662109376 0.014119720458984375 0.01751312255859375
2 0.3290003967285156 0.7751634216308594 0.016418075561523436 0.01931915283203125
2 0.3362403869628906 0.7786543273925781 0.016888275146484374 0.018603515625
2 0.35658607482910154 0.7904751586914063 0.016063995361328125 0.01677978515625
2 0.3612102127075195 0.8877610778808593 0.015329437255859375 0.016478271484375
2 0.5164661407470703 0.9359613037109376 0.014432220458984376 0.0134222412109375
2 0.5334374618530273 0.9688125610351562 0.01787513732910156 0.016717529296875
2 0.3881230926513672 0.9730072021484375 0.01594696044921875 0.018013916015625
2 0.3972499465942383 0.9805001831054687 0.01609405517578125 0.017249755859375
2 0.44261577606201175 0.99346923828125 0.015768508911132812 0.017562255859375
