7 0.5068409729003907 0.04266250610351562 0.06174858093261719 0.0388812255859375
7 0.4451005554199219 0.12404861450195312 0.035925674438476565 0.05449066162109375
2 0.01825601577758789 0.043385009765625 0.023625431060791017 0.011168212890625
2 0.020403776168823242 0.057989501953125 0.02362542152404785 0.011168212890625
2 0.02276635617017746 0.1331614685058594 0.03006888508796692 0.0223858642578125
2 0.023195855617523194 0.14862548828125 0.026632328033447266 0.01650604248046875
2 0.04701445996761322 0.13843002319335937 0.026380436420440675 0.020845947265625
2 0.11018038749694824 0.12199295043945313 0.02741901397705078 0.01288665771484375
2 0.5824568939208984 0.13962890625 0.02402008056640625 0.0120758056640625
2 0.5801116943359375 0.15506866455078125 0.02362548828125 0.011168212890625
2 0.29610309600830076 0.289730224609375 0.025491409301757813 0.01244964599609375
2 0.2974720001220703 0.30288497924804686 0.0253564453125 0.01212738037109375
2 0.2953178787231445 0.317655029296875 0.024944343566894532 0.0133160400390625
2 0.29961341857910156 0.980240478515625 0.02362541198730469 0.012027587890625
2 0.30262027740478514 0.9286941528320313 0.02362541198730469 0.012027587890625
7 0.7614231109619141 0.8075761413574218 0.05357147216796875 0.07032440185546875
7 0.7710481262207032 0.5762457275390624 0.04725082397460938 0.0253436279296875
7 0.8337556457519532 0.3562760925292969 0.0499139404296875 0.0592840576171875
7 0.7671109008789062 0.147310791015625 0.05856185913085937 0.0430072021484375
2 0.7849876403808593 0.0137017822265625 0.01078094482421875 0.02414337158203125
2 0.8043174743652344 0.015849456787109376 0.01078094482421875 0.02414337158203125
2 0.9308419799804688 0.013960494995117187 0.0094500732421875 0.027920989990234374
7 0.4012705612182617 0.22684326171875 0.03334236145019531 0.0538262939453125
