2 0.7991522216796875 0.8122130584716797 0.0177099609375 0.007893218994140624
2 0.799368896484375 0.830008544921875 0.01626708984375 0.012772979736328125
2 0.895162353515625 0.808122787475586 0.0153076171875 0.0066015625
2 0.6921746826171875 0.12786903381347656 0.009451904296875 0.015789012908935546
2 0.5799462890625 0.11668560028076172 0.008304443359375 0.021258697509765626
2 0.5736944580078125 0.631027717590332 0.010203857421875 0.018369674682617188
2 0.6034014892578125 0.6428674983978272 0.01708740234375 0.011337471008300782
2 0.62273193359375 0.6384523391723633 0.016878662109375 0.009835433959960938
2 0.655821533203125 0.631920509338379 0.01757568359375 0.01011016845703125
2 0.699052734375 0.6252870559692383 0.013575439453125 0.007462692260742187
2 0.01154052734375 0.3476740264892578 0.015020751953125 0.014032669067382812
2 0.2348199462890625 0.04959373474121094 0.0084130859375 0.014549560546875
2 0.261170654296875 0.2643095588684082 0.0159375 0.009047355651855469
2 0.4909814453125 0.9807597351074219 0.01565185546875 0.018180999755859375
7 0.67611083984375 0.7955589294433594 0.015313720703125 0.013792877197265624
7 0.7330596923828125 0.813361587524414 0.025198974609375 0.039433441162109374
7 0.6962127685546875 0.7570201873779296 0.01607666015625 0.023611297607421877
7 0.9277850341796875 0.7820657348632812 0.029383544921875 0.014735260009765626
7 0.9507049560546875 0.8574273681640625 0.017044677734375 0.029785308837890625
7 0.9595965576171875 0.905517578125 0.030653076171875 0.01746673583984375
7 0.7326763916015625 0.5669984436035156 0.017420654296875 0.029862213134765624
2 0.802198486328125 0.5416374588012696 0.015816650390625 0.007853775024414063
2 0.4036181640625 0.44955982208251954 0.016370849609375 0.011294403076171876
7 0.6865289306640625 0.24636636734008788 0.0319970703125 0.022198829650878906
7 0.9353948974609375 0.3243683242797852 0.0151220703125 0.028538055419921875
7 0.991385498046875 0.16347625732421875 0.01186767578125 0.013782539367675782
7 0.9687969970703125 0.16807043075561523 0.01454833984375 0.03177639007568359
2 0.723487548828125 0.10403939247131348 0.0136572265625 0.01627185821533203
2 0.8908685302734375 0.0938018035888672 0.016884765625 0.00726613998413086
7 0.1823883056640625 0.12888971328735352 0.033385009765625 0.021944808959960937
7 0.314227294921875 0.33365692138671876 0.033106689453125 0.01989898681640625
7 0.2602410888671875 0.34810489654541016 0.0332421875 0.019716720581054687
7 0.188165283203125 0.31709846019744875 0.048992919921875 0.04690767288208008
7 0.3325994873046875 0.8721285247802735 0.020921630859375 0.02871368408203125
7 0.034337158203125 0.5002401733398437 0.02690185546875 0.026586151123046874
2 0.08999969482421875 0.040390495657920834 0.0156170654296875 0.00902120590209961
