2 0.03651824951171875 0.7230995178222657 0.0249603271484375 0.031468505859375
2 0.19871734619140624 0.959468994140625 0.028907470703125 0.022749481201171876
2 0.2616326904296875 0.7599256896972656 0.027294921875 0.022332611083984374
2 0.255118408203125 0.7276673889160157 0.027294921875 0.022332611083984374
2 0.139779052734375 0.6871575164794922 0.0286273193359375 0.0239483642578125
2 0.36864410400390624 0.7077460479736328 0.02854248046875 0.020612335205078124
2 0.21075439453125 0.7246076202392578 0.034722900390625 0.02783203125
2 0.319324951171875 0.8005583190917969 0.027294921875 0.022332611083984374
2 0.413414306640625 0.85470947265625 0.0277020263671875 0.025176239013671876
2 0.23446319580078126 0.314467453956604 0.0177362060546875 0.02739290237426758
2 0.5983837890625 0.675428237915039 0.026480712890625 0.02879669189453125
2 0.5556158447265624 0.7671464538574219 0.0253131103515625 0.018997802734375
2 0.5184246826171875 0.9491004943847656 0.0247515869140625 0.027357177734375
2 0.400386962890625 0.8677371215820312 0.0277020263671875 0.025176239013671876
2 0.5054949951171875 0.9639439392089844 0.0237060546875 0.0255859375
2 0.484713134765625 0.9180381774902344 0.0237060546875 0.0255859375
2 0.880743408203125 0.9079936218261718 0.02730712890625 0.021322784423828126
2 0.45229156494140627 0.918535385131836 0.033721923828125 0.030207366943359376
2 0.311448974609375 0.7630752563476563 0.027294921875 0.022332611083984374
2 0.359195556640625 0.8070664978027344 0.027294921875 0.022332611083984374
2 0.18194976806640625 0.6449781036376954 0.02854248046875 0.020612335205078124
2 0.20126251220703126 0.6964797973632812 0.02854248046875 0.020612335205078124
2 0.1562786865234375 0.6712057495117187 0.0334747314453125 0.02561431884765625
