0 0.5360821533203125 0.043418502807617186 0.051131591796875 0.052523956298828126
0 0.514439697265625 0.08879119873046876 0.034385986328125 0.03475204467773438
0 0.49262451171875 0.12205963134765625 0.0309716796875 0.032344970703125
0 0.4373931884765625 0.11524940490722656 0.037550048828125 0.03779495239257812
0 0.466744384765625 0.15284812927246094 0.042154541015625 0.04188507080078125
0 0.84105712890625 0.24482200622558595 0.03766357421875 0.039150238037109375
0 0.8146685791015625 0.2815534210205078 0.0362060546875 0.03779525756835937
0 0.791666259765625 0.31612464904785154 0.03427734375 0.036693572998046875
0 0.761143798828125 0.3524737548828125 0.03232421875 0.0330279541015625
0 0.6195794677734375 0.22681556701660155 0.040509033203125 0.04351242065429688
3 0.8114996337890625 0.4366248321533203 0.02949951171875 0.024647979736328124
3 0.8231256103515625 0.4170002746582031 0.02949951171875 0.02464752197265625
3 0.790841064453125 0.4446844482421875 0.023681640625 0.01938140869140625
3 0.2443157958984375 0.3566562652587891 0.028868408203125 0.03343826293945312
2 0.749976806640625 0.9042500305175781 0.021217041015625 0.01923370361328125
2 0.7370635986328125 0.8827926635742187 0.016650390625 0.01472686767578125
2 0.7278021240234375 0.8714521789550781 0.0173046875 0.01467987060546875
2 0.9101312255859375 0.6299020385742188 0.017564697265625 0.00982086181640625
2 0.72020751953125 0.6911904907226563 0.0174658203125 0.01563079833984375
2 0.5964068603515625 0.6864686584472657 0.016187744140625 0.01618743896484375
2 0.5922509765625 0.7395628356933593 0.019249267578125 0.01688507080078125
2 0.611624755859375 0.7588746643066406 0.0175 0.01649932861328125
2 0.584749755859375 0.723812255859375 0.01697021484375 0.01587493896484375
2 0.316500244140625 0.0514373779296875 0.01925048828125 0.016705474853515624
2 0.290250244140625 0.04500015258789063 0.0185009765625 0.0165179443359375
2 0.2549261474609375 0.08392387390136719 0.0158984375 0.01409698486328125
2 0.252738037109375 0.09377082824707031 0.01852294921875 0.01530029296875
2 0.2440423583984375 0.09908523559570312 0.014415283203125 0.011920623779296875
2 0.239000244140625 0.10568763732910157 0.0172509765625 0.014585723876953125
2 0.23415771484375 0.11499359130859375 0.018934326171875 0.016274566650390624
2 0.2283746337890625 0.12 0.018250732421875 0.016845550537109375
2 0.2175946044921875 0.13561614990234375 0.013939208984375 0.0134832763671875
2 0.1951312255859375 0.16928276062011718 0.019515380859375 0.0184344482421875
2 0.204736328125 0.15556907653808594 0.019219970703125 0.01711151123046875
2 0.2087493896484375 0.14718734741210937 0.01800048828125 0.0165911865234375
2 0.207625732421875 0.10356292724609376 0.020999755859375 0.018032073974609375
2 0.1871722412109375 0.1268616485595703 0.01715576171875 0.016223602294921875
2 0.1818743896484375 0.14231246948242188 0.017249755859375 0.014536285400390625
2 0.17262451171875 0.09462493896484375 0.01699951171875 0.014411468505859375
2 0.166624755859375 0.100999755859375 0.01824951171875 0.01552001953125
2 0.158135986328125 0.11396011352539062 0.019229736328125 0.017670440673828124
2 0.1622509765625 0.10693763732910157 0.01699951171875 0.014598236083984376
2 0.0657769775390625 0.24056884765625 0.01655517578125 0.017388153076171874
2 0.03393829345703125 0.21162498474121094 0.019124755859375 0.017665252685546876
2 0.00831298828125 0.33081275939941407 0.0158746337890625 0.016735992431640624
2 0.08182891845703125 0.5910110473632812 0.0155938720703125 0.0167724609375
2 0.083468017578125 0.6306001281738282 0.0170660400390625 0.0154498291015625
2 0.190750732421875 0.5726255798339843 0.016488037109375 0.01774993896484375
2 0.1763677978515625 0.5678248596191406 0.01551513671875 0.01692901611328125
2 0.00746917724609375 0.5098123168945312 0.0156256103515625 0.0193878173828125
2 0.0278741455078125 0.7163746643066407 0.021500244140625 0.01680999755859375
2 0.00539398193359375 0.7521249389648438 0.0128753662109375 0.0159759521484375
2 0.4483123779296875 0.3171874237060547 0.01487548828125 0.017205963134765623
2 0.38497802734375 0.6152783203125 0.016204833984375 0.020556640625
2 0.353687744140625 0.6549995422363282 0.0221240234375 0.0204327392578125
2 0.36356201171875 0.6188121032714844 0.016708984375 0.0186248779296875
2 0.35388671875 0.6107046508789062 0.021273193359375 0.021590576171875
2 0.2575628662109375 0.9878752136230469 0.024124755859375 0.01840545654296875
2 0.2211883544921875 0.9220623779296875 0.019375 0.01554962158203125
