2 0.13176280975341798 0.9056918334960937 0.021082077026367187 0.0204510498046875
3 0.3363499069213867 0.7782466125488281 0.029752578735351563 0.02788909912109375
2 0.422196044921875 0.1254840087890625 0.02777412414550781 0.0182373046875
2 0.6117993927001953 0.007682876586914062 0.016857147216796875 0.01705108642578125
2 0.9544895935058594 0.010439453125 0.02524566650390625 0.016910400390625
2 0.8224376678466797 0.09356277465820312 0.018584136962890626 0.02462493896484375
2 0.8559074401855469 0.024872589111328124 0.02531494140625 0.01749481201171875
2 0.7137696075439454 0.11501129150390625 0.01996063232421875 0.0234771728515625
2 0.624584617614746 0.12885025024414062 0.01991943359375 0.02479949951171875
2 0.5207716751098633 0.7387239074707032 0.02013641357421875 0.02123992919921875
2 0.5675934219360351 0.7934574890136719 0.02754295349121094 0.02791534423828125
2 0.6007218170166015 0.8218504333496094 0.02280181884765625 0.02296600341796875
2 0.49585906982421873 0.9818923950195313 0.025182723999023438 0.02349609375
2 0.5050455474853516 0.9704098510742187 0.025182723999023438 0.02349609375
2 0.7575460815429688 0.924212646484375 0.027574005126953124 0.02821533203125
2 0.8421916198730469 0.8300526428222657 0.02497467041015625 0.02624664306640625
2 0.9451400756835937 0.71090087890625 0.021793212890625 0.023079833984375
3 0.921099853515625 0.8615359497070313 0.0987445068359375 0.10238739013671876
2 0.9901547241210937 0.5841246032714844 0.026908416748046875 0.0265167236328125
2 0.6417135524749756 0.1298516845703125 0.024906044006347657 0.0291851806640625
2 0.7260884857177734 0.10867095947265625 0.024906158447265625 0.0291851806640625
2 0.743259048461914 0.1084564208984375 0.023898468017578126 0.0291510009765625
2 0.6474097442626953 0.010427017211914063 0.015652923583984374 0.02172210693359375
2 0.576191520690918 0.013836517333984374 0.014978103637695313 0.02767303466796875
2 0.5553581619262695 0.012126617431640625 0.014978103637695313 0.02489532470703125
2 0.5949536895751953 0.013930206298828124 0.01634269714355469 0.028637542724609374
2 0.550868034362793 0.032291717529296875 0.03190719604492188 0.02013885498046875
2 0.6749497985839844 0.11820968627929687 0.0297607421875 0.03094207763671875
