2 0.089410400390625 0.23009294509887696 0.0158062744140625 0.025975608825683595
2 0.0925164794921875 0.433114013671875 0.0135198974609375 0.024123001098632812
2 0.07146820068359375 0.6896224212646485 0.0264715576171875 0.021240386962890625
2 0.35396820068359375 0.7730496978759765 0.024935302734375 0.021286468505859375
2 0.25471343994140627 0.7826654052734375 0.024935302734375 0.02128631591796875
2 0.4491921997070312 0.8118218231201172 0.024935302734375 0.021286468505859375
2 0.27952789306640624 0.7119459533691406 0.024935302734375 0.021286468505859375
2 0.10354949951171875 0.5879845809936524 0.029251708984375 0.01819999694824219
2 0.15100677490234374 0.5972898101806641 0.029251708984375 0.018199920654296875
2 0.27558929443359376 0.5801797103881836 0.02636474609375 0.013957443237304688
2 0.3316778564453125 0.5703547668457031 0.0318414306640625 0.017260284423828126
2 0.4122210693359375 0.5260545349121094 0.027294921875 0.014398422241210938
2 0.4964569091796875 0.5465512847900391 0.0282745361328125 0.01756866455078125
2 0.617108154296875 0.5797166061401368 0.02881103515625 0.016745452880859376
2 0.6779022216796875 0.5924337387084961 0.02881103515625 0.016745452880859376
2 0.7611834716796875 0.6095557403564453 0.029742431640625 0.019979782104492187
2 0.8490182495117188 0.7230995178222657 0.0249603271484375 0.031468505859375
2 0.5617343139648437 0.8828353881835938 0.026917724609375 0.023410491943359375
2 0.952279052734375 0.6871575164794922 0.0286273193359375 0.0239483642578125
2 0.9944497680664063 0.6449781036376954 0.02854248046875 0.020612335205078124
2 0.9687786865234375 0.6712057495117187 0.0334747314453125 0.02561431884765625
2 0.19546142578125 0.5681314468383789 0.029251708984375 0.01819999694824219
2 0.34022064208984376 0.5264795303344727 0.029853515625 0.017680282592773437
2 0.3313970947265625 0.5478032302856445 0.0298529052734375 0.017680282592773437
2 0.5200491333007813 0.5694225311279297 0.0288116455078125 0.016745452880859376
2 0.41784332275390623 0.5650106811523438 0.02881103515625 0.016745452880859376
2 0.6514315795898438 0.565963134765625 0.02881103515625 0.016745452880859376
2 0.05904510498046875 0.6219153594970703 0.03632080078125 0.020926513671875
2 0.15841278076171875 0.6909081268310547 0.018468017578125 0.0323577880859375
2 0.2278363037109375 0.8874544525146484 0.023740234375 0.032444305419921875
2 0.19827423095703126 0.6752378845214844 0.0313934326171875 0.027465667724609375
