0 0.7396612548828125 0.470340576171875 0.03155548095703125 0.053992919921875
0 0.7776972961425781 0.49838226318359374 0.024412841796875 0.0387432861328125
2 0.43926910400390623 0.5885308837890625 0.014959259033203125 0.0154986572265625
2 0.4478895568847656 0.594163818359375 0.0170721435546875 0.0173297119140625
2 0.7856491088867188 0.5784405517578125 0.0126324462890625 0.011876220703125
2 0.7889576721191406 0.5928689575195313 0.0126324462890625 0.0118756103515625
2 0.6449728393554688 0.6605227661132812 0.0126324462890625 0.011876220703125
2 0.7429631042480469 0.5553555297851562 0.0126324462890625 0.011876220703125
2 0.7906336975097656 0.5703887939453125 0.0126324462890625 0.0118756103515625
2 0.9944813537597657 0.7926541137695312 0.0126324462890625 0.0118756103515625
2 0.7403567504882812 0.8722805786132812 0.0126324462890625 0.011876220703125
2 0.7285206604003907 0.8810687255859375 0.0126324462890625 0.0118756103515625
2 0.8199836730957031 0.9311041259765624 0.01263275146484375 0.011876220703125
2 0.8856217956542969 0.989210205078125 0.0126324462890625 0.0118756103515625
2 0.5490010070800782 0.977015380859375 0.0126324462890625 0.0118756103515625
2 0.5398545837402344 0.9886724853515625 0.0126324462890625 0.0118756103515625
2 0.5669345092773438 0.762703857421875 0.0126324462890625 0.011876220703125
2 0.5400337219238281 0.716434326171875 0.0126324462890625 0.0118756103515625
2 0.7330915832519531 0.9915127563476562 0.01233489990234375 0.01283203125
6 0.14033905029296875 0.6542974853515625 0.0270452880859375 0.026507568359375
6 0.16267486572265624 0.6738079833984375 0.0270452880859375 0.0265069580078125
2 0.5248921203613282 0.324332275390625 0.0134661865234375 0.0150860595703125
2 0.5996983337402344 0.36927978515625 0.01885345458984375 0.0161907958984375
