2 0.42256912231445315 0.5365005493164062 0.013299560546875 0.022587890625
2 0.43300155639648436 0.513338623046875 0.0175146484375 0.0149310302734375
2 0.4664312744140625 0.679951171875 0.01674957275390625 0.01554931640625
2 0.49511917114257814 0.6846630859375 0.01018585205078125 0.019525146484375
2 0.5485260009765625 0.6715499877929687 0.01320831298828125 0.00708251953125
2 0.46432586669921877 0.6902880859375 0.01674957275390625 0.01554931640625
2 0.46394287109375 0.7289556884765624 0.01674957275390625 0.01554931640625
2 0.5508230590820312 0.6583416748046875 0.0132080078125 0.00708251953125
2 0.5573310852050781 0.6424542236328125 0.00746551513671875 0.0179638671875
2 0.5751339721679688 0.6384344482421875 0.00746551513671875 0.0179638671875
2 0.5873846435546874 0.6379556274414062 0.00748992919921875 0.0172283935546875
2 0.5972434997558593 0.63479736328125 0.00772674560546875 0.0158880615234375
2 0.6249043273925782 0.6379550170898437 0.00748992919921875 0.0172283935546875
2 0.6414625549316406 0.6420709228515625 0.00772674560546875 0.0158880615234375
2 0.6586906433105468 0.641688232421875 0.00772674560546875 0.015888671875
2 0.6504591369628906 0.6411138916015625 0.00772674560546875 0.015888671875
2 0.6688363647460938 0.6430282592773438 0.00772674560546875 0.0158880615234375
2 0.6768754577636719 0.642645263671875 0.00772674560546875 0.015888671875
2 0.6858732604980469 0.6430282592773438 0.00772674560546875 0.0158880615234375
2 0.6964012145996094 0.645899658203125 0.00772674560546875 0.0158880615234375
2 0.6590730285644532 0.6811215209960938 0.00772674560546875 0.015888671875
2 0.6501724243164062 0.681600341796875 0.007884521484375 0.0179937744140625
2 0.6682621765136719 0.6801644897460938 0.00772674560546875 0.015888671875
2 0.8326953125 0.5620562744140625 0.00772674560546875 0.0158880615234375
2 0.6772589111328124 0.6797817993164063 0.00772674560546875 0.0158880615234375
2 0.6403141784667968 0.6822698974609375 0.00772674560546875 0.015888671875
2 0.8734625244140625 0.5223904418945312 0.00772674560546875 0.0158880615234375
2 0.6427175903320312 0.49258514404296877 0.017442626953125 0.0152691650390625
2 0.6658688354492187 0.49907745361328126 0.01928009033203125 0.0197161865234375
2 0.7017616271972656 0.48807037353515625 0.0175811767578125 0.0187591552734375
2 0.7842648315429688 0.4657400512695313 0.0195245361328125 0.01709716796875
2 0.7787983703613282 0.4897805786132812 0.01820831298828125 0.01031005859375
2 0.6473970031738281 0.5030975341796875 0.014927978515625 0.0139739990234375
2 0.6510340881347656 0.5145834350585937 0.014927978515625 0.0139739990234375
2 0.6529481506347656 0.52491943359375 0.014927978515625 0.0139739990234375
2 0.6552449035644531 0.5350650024414062 0.014927978515625 0.0139739990234375
2 0.6539053344726562 0.5565048217773437 0.014927978515625 0.0139739990234375
2 0.6705592346191406 0.5524850463867188 0.014927978515625 0.0139739990234375
2 0.6692193603515625 0.5333425903320312 0.014927978515625 0.0139739990234375
2 0.6671136474609375 0.5457852172851563 0.014927978515625 0.0139739990234375
2 0.6667306518554688 0.5676071166992187 0.014927978515625 0.0139739990234375
2 0.6686451721191407 0.509031982421875 0.014927978515625 0.0139739990234375
2 0.6997509765625 0.5041497802734375 0.0154974365234375 0.0141656494140625
2 0.34035232543945315 0.7921484375 0.00689117431640625 0.0137567138671875
2 0.6676876831054688 0.5230056762695312 0.014927978515625 0.0139739990234375
2 0.6978370666503906 0.5137213134765625 0.01549774169921875 0.0141656494140625
2 0.6978367614746094 0.5631082153320313 0.01549774169921875 0.0141656494140625
2 0.7003254699707031 0.5365008544921875 0.01549774169921875 0.0141656494140625
2 0.7848391723632813 0.5950765991210938 0.01684600830078125 0.0088397216796875
2 0.7848393249511719 0.5847393798828125 0.01684600830078125 0.0088397216796875
2 0.061351165771484376 0.9491152954101563 0.0145465087890625 0.0074652099609375
2 0.15628143310546874 0.9255740356445312 0.0181524658203125 0.007840576171875
2 0.6516873168945313 0.9472052001953125 0.0181524658203125 0.007840576171875
2 0.199942626953125 0.8901571655273437 0.014547119140625 0.0074658203125
2 0.1815496826171875 0.9265310668945312 0.0181524658203125 0.007840576171875
2 0.8080812072753907 0.9207879638671875 0.018153076171875 0.007841796875
2 0.7171919250488281 0.9350384521484375 0.0158465576171875 0.0065240478515625
0 0.9474090576171875 0.284932861328125 0.0215545654296875 0.030029296875
0 0.94745361328125 0.32645416259765625 0.026533203125 0.0367059326171875
0 0.82256103515625 0.26573150634765624 0.0344512939453125 0.023780517578125
0 0.8011524963378907 0.24583770751953124 0.0269708251953125 0.0253570556640625
0 0.7589689636230469 0.249405517578125 0.02880828857421875 0.02444580078125
0 0.7806779479980469 0.26364288330078123 0.0358233642578125 0.0260003662109375
0 0.7379595947265625 0.26539520263671873 0.03107635498046875 0.024752197265625
0 0.69599853515625 0.26701873779296875 0.03566619873046875 0.026781005859375
0 0.6740933227539062 0.2449810791015625 0.03642333984375 0.0290179443359375
0 0.6532774353027344 0.26717987060546877 0.03368896484375 0.024847412109375
0 0.6115901184082031 0.26315673828125 0.023017578125 0.0181640625
0 0.5904412841796876 0.24736358642578124 0.03262664794921875 0.0220257568359375
0 0.5702960205078125 0.2674505615234375 0.02773406982421875 0.0236181640625
0 0.5487449645996094 0.24614715576171875 0.0321759033203125 0.0237396240234375
0 0.8382786560058594 0.363875732421875 0.0335150146484375 0.0279901123046875
0 0.7944778442382813 0.36389495849609377 0.03224090576171875 0.033499755859375
0 0.75513427734375 0.3508660888671875 0.029705810546875 0.0249078369140625
0 0.735606689453125 0.37358154296875 0.03211456298828125 0.0261102294921875
0 0.6931663513183594 0.37267578125 0.0346026611328125 0.025361328125
0 0.64975830078125 0.375347900390625 0.0350543212890625 0.0234002685546875
2 0.4850736999511719 0.318409423828125 0.01770843505859375 0.007755126953125
0 0.7145002746582031 0.34934967041015624 0.02777252197265625 0.023560791015625
0 0.6710606384277343 0.349864501953125 0.03257354736328125 0.0230560302734375
0 0.6284298706054687 0.3510968017578125 0.0318597412109375 0.0225604248046875
0 0.5866615295410156 0.3497250366210938 0.0318597412109375 0.02256103515625
0 0.5458079528808594 0.34774322509765626 0.0318597412109375 0.02256103515625
0 0.5029725646972656 0.350487060546875 0.0318597412109375 0.0225604248046875
0 0.4626304626464844 0.34973052978515623 0.031402587890625 0.02378173828125
0 0.6083607482910156 0.37214111328125 0.0321661376953125 0.02338134765625
0 0.5672024536132813 0.37199493408203127 0.03186676025390625 0.023699951171875
0 0.5240623474121093 0.373214111328125 0.03186676025390625 0.023699951171875
0 0.48125152587890624 0.37425079345703127 0.03093841552734375 0.022501220703125
0 0.5058845520019531 0.248634033203125 0.03487579345703125 0.0248748779296875
2 0.8529055786132812 0.4697503662109375 0.042896728515625 0.0406884765625
2 0.882550048828125 0.5097781372070312 0.00772674560546875 0.015888671875
2 0.9005392456054687 0.5097784423828124 0.00772674560546875 0.015888671875
2 0.8912669372558594 0.5112619018554687 0.00772674560546875 0.015888671875
2 0.8903395080566406 0.5311062622070313 0.00772674560546875 0.0158880615234375
2 0.898128662109375 0.591566162109375 0.00772674560546875 0.0158880615234375
2 0.8999836730957032 0.53221923828125 0.00772674560546875 0.0158880615234375
2 0.9061032104492187 0.5924935913085938 0.00772674560546875 0.015888671875
2 0.9153762817382812 0.5891555786132813 0.00772674560546875 0.015888671875
2 0.9253912353515625 0.58544677734375 0.00772674560546875 0.015888671875
2 0.9420828247070312 0.5819229125976563 0.00772705078125 0.0158880615234375
2 0.9329949951171875 0.586929931640625 0.0077264404296875 0.0158880615234375
2 0.9502426147460937 0.5826641845703125 0.00772705078125 0.015888671875
0 0.722283935546875 0.47845977783203125 0.03945892333984375 0.034464111328125
0 0.5610377502441406 0.4856109619140625 0.03245513916015625 0.0247259521484375
0 0.49708908081054687 0.5108950805664062 0.0491229248046875 0.0334771728515625
0 0.3944561767578125 0.492806396484375 0.03585296630859375 0.03885986328125
0 0.5177217102050782 0.484227294921875 0.03050323486328125 0.0247100830078125
0 0.47398162841796876 0.48472320556640625 0.0305804443359375 0.0213031005859375
0 0.37116653442382813 0.529932861328125 0.03566864013671875 0.0385406494140625
0 0.3496331787109375 0.565472412109375 0.0342730712890625 0.0373956298828125
0 0.40729095458984377 0.5256643676757813 0.0309075927734375 0.0335150146484375
0 0.39046249389648435 0.5627557373046875 0.03583953857421875 0.0393243408203125
0 0.2178411865234375 0.5740838623046876 0.03631561279296875 0.04034912109375
0 0.10713348388671876 0.5375442504882812 0.03320709228515625 0.03433349609375
0 0.09071044921875 0.5032254028320312 0.0327752685546875 0.0348358154296875
0 0.05142242431640625 0.5803326416015625 0.0370318603515625 0.04013427734375
0 0.07270187377929688 0.5428469848632812 0.03861358642578125 0.0422869873046875
0 0.1330377197265625 0.4283587646484375 0.03291717529296875 0.0356622314453125
0 0.1493244934082031 0.46098907470703127 0.0294097900390625 0.032274169921875
0 0.1701177978515625 0.4245550537109375 0.037247314453125 0.040775146484375
0 0.19253662109375 0.3864739990234375 0.03428497314453125 0.037056884765625
0 0.21249893188476562 0.34853790283203123 0.0285504150390625 0.0298907470703125
0 0.17777206420898437 0.3511083984375 0.03949615478515625 0.0439697265625
0 0.19835891723632812 0.31629180908203125 0.03672332763671875 0.0403790283203125
0 0.23503997802734375 0.312183837890625 0.03666595458984375 0.0393988037109375
0 0.2195404052734375 0.2792022705078125 0.0355743408203125 0.039954833984375
0 0.12348236083984375 0.27486236572265627 0.0366534423828125 0.0408795166015625
0 0.04379425048828125 0.3538970947265625 0.027952880859375 0.03521484375
0 0.08164108276367188 0.351090087890625 0.04095489501953125 0.04222900390625
0 0.0590631103515625 0.38798492431640624 0.03333099365234375 0.034765625
0 0.0378363037109375 0.4245846557617188 0.03157958984375 0.033045654296875
0 0.23907516479492188 0.5378097534179688 0.03631561279296875 0.04034912109375
0 0.2612666320800781 0.49723297119140625 0.03352020263671875 0.0377197265625
0 0.283433837890625 0.46121734619140625 0.03208953857421875 0.0349755859375
0 0.30324127197265627 0.4237738037109375 0.0343743896484375 0.038231201171875
0 0.3256745910644531 0.3867950439453125 0.03562957763671875 0.039456787109375
0 0.3470344543457031 0.34837188720703127 0.03562957763671875 0.039456787109375
0 0.36733978271484374 0.31112823486328123 0.0320361328125 0.0376446533203125
0 0.38757537841796874 0.27211456298828124 0.0315008544921875 0.0373614501953125
0 0.3278643798828125 0.641234130859375 0.02496429443359375 0.0328863525390625
2 0.03991012573242188 0.7889053344726562 0.01890167236328125 0.017703857421875
2 0.0565911865234375 0.6732785034179688 0.00703765869140625 0.0131488037109375
2 0.06466522216796874 0.67099365234375 0.00682708740234375 0.0143914794921875
2 0.04727752685546875 0.6716244506835938 0.00800445556640625 0.0141693115234375
