2 0.5750811767578125 0.00540313720703125 0.0080877685546875 0.01118133544921875
2 0.5834564208984375 0.0055279541015625 0.0080877685546875 0.01143096923828125
2 0.6038751220703125 0.34006256103515625 0.0141485595703125 0.0138751220703125
2 0.6024380493164062 0.7441250610351563 0.0150762939453125 0.01625
2 0.5921875 0.8867498779296875 0.0167657470703125 0.01574951171875
2 0.5796878051757812 0.9188748168945312 0.0167657470703125 0.01574951171875
2 0.5989373779296875 0.88125 0.016766357421875 0.0157501220703125
2 0.6301873779296875 0.8679998779296875 0.016766357421875 0.01574951171875
2 0.6356875610351562 0.86375 0.015396728515625 0.015
2 0.6249374389648438 0.8502496337890625 0.0167669677734375 0.0157501220703125
2 0.6608123779296875 0.8879998779296875 0.016766357421875 0.01574951171875
2 0.6511871337890625 0.8987496948242187 0.0167669677734375 0.0157501220703125
2 0.6448123168945312 0.9052496337890625 0.016766357421875 0.0157501220703125
2 0.6385626220703124 0.9116879272460937 0.0159564208984375 0.015625
2 0.6336871337890625 0.9169375610351562 0.0159564208984375 0.015625
2 0.6289373779296875 0.9226873779296875 0.0159564208984375 0.015625
2 0.62231201171875 0.9270623779296875 0.0159564208984375 0.015625
2 0.29356231689453127 0.8306246948242187 0.016766357421875 0.0157501220703125
2 0.2713125610351563 0.851624755859375 0.0167669677734375 0.0157501220703125
2 0.2571875 0.8624996948242187 0.0167669677734375 0.0157501220703125
2 0.3686871337890625 0.805999755859375 0.0167669677734375 0.0157501220703125
2 0.3284375 0.8418746948242187 0.0167669677734375 0.0157501220703125
2 0.42918701171875 0.8153750610351562 0.016766357421875 0.0157501220703125
2 0.5105624389648438 0.9666250610351562 0.0167669677734375 0.0157501220703125
2 0.516937255859375 0.9833749389648437 0.0167669677734375 0.0157501220703125
2 0.5123748779296875 0.9884378051757813 0.0147637939453125 0.014375
2 0.45 0.9745626831054688 0.0147637939453125 0.014375
2 0.23686431884765624 0.8851556396484375 0.0147637939453125 0.014375
2 0.2483050537109375 0.8730795288085937 0.0147637939453125 0.014375
2 0.31525421142578125 0.8061300659179688 0.0147637939453125 0.014375
2 0.2209747314453125 0.97541015625 0.0147637939453125 0.014375
2 0.20550811767578125 0.9906640625 0.0147637939453125 0.014375
2 0.16165252685546874 0.9642449951171875 0.0147637939453125 0.014375
2 0.19173736572265626 0.9333123779296875 0.0147637939453125 0.014375
2 0.1959747314453125 0.92738037109375 0.0147637939453125 0.014375
2 0.2016949462890625 0.9212362670898437 0.0147637939453125 0.014375
2 0.04533905029296875 0.8218719482421875 0.0147637939453125 0.014375
2 0.0512713623046875 0.8163632202148438 0.0147637939453125 0.014375
2 0.037076416015625 0.8328887939453125 0.0147637939453125 0.014375
2 0.6995895385742188 0.8198794555664063 0.015396728515625 0.015
2 0.693780517578125 0.8254888916015625 0.015396728515625 0.015
2 0.68837158203125 0.8308975219726562 0.015396728515625 0.015
2 0.6893731689453125 0.807059326171875 0.015396728515625 0.015
2 0.722242431640625 0.7737554931640624 0.015396728515625 0.015
2 0.7390274047851563 0.7531494140625 0.015396728515625 0.015
2 0.7433941650390625 0.7471450805664063 0.015396728515625 0.015
2 0.75158203125 0.7412771606445312 0.015396728515625 0.015
2 0.7787384033203125 0.7146673583984375 0.015396728515625 0.015
2 0.735057373046875 0.8732205200195312 0.0139208984375 0.01446533203125
2 0.7414712524414062 0.8763592529296875 0.0139208984375 0.01446533203125
2 0.7454290771484375 0.883319091796875 0.0139215087890625 0.01446533203125
2 0.750887451171875 0.8879583740234375 0.0139208984375 0.01446533203125
2 0.771220703125 0.8594378662109375 0.0139208984375 0.01446533203125
2 0.7875955200195313 0.8734933471679688 0.0139202880859375 0.01446533203125
2 0.7589389038085937 0.848111572265625 0.0139202880859375 0.01446533203125
2 0.7874588012695313 0.78888671875 0.0139202880859375 0.0144647216796875
2 0.925045166015625 0.9772286987304688 0.015396728515625 0.015
2 0.9184942626953125 0.9856890869140625 0.015396728515625 0.015
2 0.9109893798828125 0.9922396850585937 0.015396728515625 0.015
2 0.785250244140625 0.3088751220703125 0.0175494384765625 0.01375
2 0.7447927856445312 0.1650164794921875 0.0143353271484375 0.01478271484375
2 0.04606781005859375 0.1502777099609375 0.0165380859375 0.010826416015625
