3 0.7111178588867187 0.4843531799316406 0.036845703125 0.06214996337890625
2 0.03980743408203125 0.07408950805664062 0.02482269287109375 0.0243927001953125
2 0.06782821655273437 0.014367218017578126 0.02345184326171875 0.02375946044921875
2 0.18975616455078126 0.0689715576171875 0.028624267578125 0.030692138671875
2 0.09414291381835938 0.2032185363769531 0.026212158203125 0.026634521484375
2 0.03836868286132813 0.21010818481445312 0.026212158203125 0.02663421630859375
2 0.0511785888671875 0.5821560668945313 0.026907958984375 0.02651641845703125
2 0.12073226928710938 0.5142427062988282 0.02690826416015625 0.02651702880859375
2 0.18142791748046874 0.45748397827148435 0.026907958984375 0.02651641845703125
2 0.15387130737304688 0.7915028381347656 0.02755889892578125 0.025811767578125
2 0.04461944580078125 0.8748361206054688 0.0275592041015625 0.02581207275390625
3 0.40967636108398436 0.9875271606445313 0.054560546875 0.050712890625
3 0.43022903442382815 0.94191162109375 0.0282476806640625 0.0252703857421875
3 0.3884783935546875 0.8445243835449219 0.04486358642578125 0.04047393798828125
3 0.4016361999511719 0.8319146728515625 0.04486358642578125 0.04047393798828125
3 0.4226976013183594 0.803043212890625 0.053336181640625 0.046326904296875
3 0.4141090393066406 0.8183140563964844 0.04696868896484375 0.04155181884765625
5 0.43356521606445314 0.7863587951660156 0.04531036376953125 0.0438720703125
5 0.37404022216796873 0.8649943542480468 0.0330865478515625 0.03481353759765625
3 0.480242919921875 0.9042024230957031 0.05259124755859375 0.0495989990234375
3 0.4994514465332031 0.8967924499511719 0.0378289794921875 0.03591522216796875
3 0.5177372741699219 0.8641181945800781 0.05192169189453125 0.04807952880859375
2 0.54577880859375 0.80948486328125 0.0211883544921875 0.0202850341796875
3 0.5865444946289062 0.7892657470703125 0.04675811767578125 0.04263092041015625
3 0.5970396423339843 0.771929931640625 0.051729736328125 0.048245849609375
3 0.5265899658203125 0.6550161743164062 0.03747528076171875 0.03262054443359375
3 0.5407814025878906 0.6361488342285156 0.034962158203125 0.03307525634765625
3 0.5992481994628907 0.6223747253417968 0.0537603759765625 0.059990234375
2 0.6401933288574219 0.7007893371582031 0.0266314697265625 0.02767547607421875
5 0.49328399658203126 0.691337890625 0.04523040771484375 0.05090545654296875
2 0.28766616821289065 0.6575840759277344 0.027738037109375 0.0236480712890625
2 0.29399688720703127 0.3495066833496094 0.03042755126953125 0.029781494140625
2 0.2188548278808594 0.4494645690917969 0.02268768310546875 0.02283294677734375
2 0.4228346252441406 0.26165023803710935 0.0265899658203125 0.02659027099609375
2 0.4055650329589844 0.13802108764648438 0.0265899658203125 0.02659027099609375
2 0.5452766418457031 0.1375079345703125 0.0269561767578125 0.02391845703125
2 0.2270587158203125 0.0541387939453125 0.02703399658203125 0.027685546875
2 0.7571966552734375 0.03770584106445313 0.0269207763671875 0.02162750244140625
2 0.7594129943847656 0.012655715942382812 0.03911041259765625 0.026270751953125
5 0.7271180725097657 0.47284088134765623 0.03501617431640625 0.0576080322265625
2 0.6518321228027344 0.3790144348144531 0.02583160400390625 0.02212493896484375
3 0.869517822265625 0.3743147277832031 0.0641448974609375 0.05074859619140625
3 0.6882791137695312 0.6657594299316406 0.054189453125 0.0506085205078125
3 0.7011627197265625 0.6523272705078125 0.054189453125 0.0506085205078125
3 0.7132675170898437 0.6395285034179687 0.05561614990234375 0.0515350341796875
5 0.7188873291015625 0.619517822265625 0.0671600341796875 0.0601092529296875
2 0.7682723999023438 0.5612294006347657 0.0250323486328125 0.02651611328125
2 0.7460687255859375 0.5815144348144531 0.02503204345703125 0.02651611328125
3 0.8060160827636719 0.5291580200195313 0.05720733642578125 0.05242950439453125
3 0.820819091796875 0.5146298217773437 0.05720733642578125 0.05242950439453125
3 0.9150631713867188 0.3446954345703125 0.0346221923828125 0.0227252197265625
