3 0.057017822265625 0.3743147277832031 0.0641448974609375 0.05074859619140625
3 0.10256317138671875 0.3446954345703125 0.0346221923828125 0.0227252197265625
5 0.32541473388671877 0.9466946792602539 0.065726318359375 0.052882537841796876
3 0.342388916015625 0.9339014434814453 0.053709716796875 0.04653060913085937
5 0.32086029052734377 0.9640899658203125 0.0377142333984375 0.031798095703125
3 0.44339752197265625 0.7535113525390625 0.03151611328125 0.0262109375
5 0.51118896484375 0.659339599609375 0.0774029541015625 0.060621337890625
5 0.2547967529296875 0.40021926879882813 0.090186767578125 0.02969268798828125
5 0.26411773681640627 0.38157928466796875 0.0901861572265625 0.02969207763671875
5 0.271256103515625 0.3640440368652344 0.0896612548828125 0.031231689453125
5 0.4045523071289063 0.4221504211425781 0.091998291015625 0.0296038818359375
5 0.38797088623046877 0.45158096313476564 0.090086669921875 0.0281610107421875
5 0.3965188598632812 0.43818572998046873 0.083607177734375 0.0298541259765625
3 0.4089910888671875 0.48067413330078124 0.0701751708984375 0.035587158203125
5 0.21833892822265624 0.43612945556640625 0.052357177734375 0.0391314697265625
5 0.39220916748046875 0.4982484436035156 0.087598876953125 0.0479107666015625
2 0.35677093505859375 0.5013705444335937 0.0260418701171875 0.02113555908203125
2 0.3779095458984375 0.5211763000488281 0.0237860107421875 0.02590545654296875
2 0.3965435791015625 0.0218359375 0.027734375 0.022086181640625
2 0.5478024291992187 0.6094549560546875 0.021719970703125 0.0200140380859375
3 0.5918133544921875 0.5417918395996094 0.0690435791015625 0.06110595703125
2 0.6224465942382813 0.49680419921875 0.03197021484375 0.02694122314453125
5 0.8783700561523438 0.5098988342285157 0.0588232421875 0.04982940673828125
5 0.913792724609375 0.9100215148925781 0.0808203125 0.05641937255859375
5 0.9071926879882812 0.8956088256835938 0.0800103759765625 0.0556634521484375
5 0.8971783447265625 0.8825852966308594 0.081533203125 0.05504058837890625
5 0.9014559936523437 0.8621902465820312 0.0793121337890625 0.05196563720703125
5 0.90211181640625 0.8403150939941406 0.081702880859375 0.05832427978515625
5 0.8751348876953124 0.8037446594238281 0.0751617431640625 0.05956390380859375
5 0.94166015625 0.7505474853515625 0.074114990234375 0.055478515625
5 0.98580810546875 0.9265829467773438 0.073236083984375 0.0660479736328125
5 0.97052490234375 0.9148474502563476 0.073236083984375 0.06604843139648438
5 0.9218072509765625 0.983624267578125 0.0723919677734375 0.0671392822265625
5 0.9089794921875 0.97270751953125 0.0723919677734375 0.0671392822265625
5 0.8818875122070312 0.41175323486328125 0.08009033203125 0.0537823486328125
2 0.7753768920898437 0.08838485717773438 0.0285546875 0.0178485107421875
2 0.6399752807617187 0.46950469970703124 0.03197021484375 0.02694091796875
2 0.655316162109375 0.44612091064453124 0.0369195556640625 0.0318963623046875
2 0.5784487915039063 0.5581898498535156 0.04522705078125 0.03649444580078125
2 0.5594830322265625 0.5826152038574218 0.04522705078125 0.03649444580078125
2 0.5350579833984375 0.620689697265625 0.040906982421875 0.0339080810546875
