3 0.38428009033203125 0.6095791625976562 0.066636962890625 0.047666015625
3 0.3713104248046875 0.624561767578125 0.066636962890625 0.047666015625
3 0.3771246337890625 0.6167352294921875 0.066636962890625 0.047666015625
3 0.3792742919921875 0.6422879028320313 0.038634033203125 0.0291912841796875
5 0.6097500610351563 0.5997503662109375 0.0352496337890625 0.023514404296875
5 0.6222500610351562 0.6167501831054687 0.035250244140625 0.021796875
5 0.5875 0.63625 0.0342498779296875 0.0225714111328125
5 0.5929998779296874 0.6484375 0.0310003662109375 0.021053466796875
5 0.578125 0.6514376831054688 0.030999755859375 0.0210528564453125
3 0.40115264892578123 0.7169363403320312 0.03174560546875 0.058250732421875
3 0.4573147583007813 0.6637142944335938 0.0331927490234375 0.064248046875
3 0.45102783203125 0.7340225219726563 0.03070068359375 0.06044677734375
5 0.44522552490234374 0.71994140625 0.0296405029296875 0.052001953125
5 0.4145465087890625 0.7136624145507813 0.0296405029296875 0.052001953125
3 0.43550689697265627 0.7170953369140625 0.028636474609375 0.0511285400390625
3 0.33850067138671874 0.8481878662109374 0.032249755859375 0.0291693115234375
3 0.3346875 0.8386251831054687 0.029375 0.026815185546875
3 0.3290625 0.8256256103515625 0.028375244140625 0.028634033203125
5 0.30738983154296873 0.819306640625 0.0402801513671875 0.0456134033203125
5 0.29280609130859375 0.805916748046875 0.0396124267578125 0.045833740234375
5 0.29818756103515626 0.8143124389648437 0.0271246337890625 0.0301263427734375
3 0.28460662841796874 0.7348370361328125 0.0592864990234375 0.03992431640625
3 0.28094573974609377 0.7431594848632812 0.0578594970703125 0.0410687255859375
3 0.24281982421875 0.7301596069335937 0.0578594970703125 0.0410693359375
5 0.2837945556640625 0.7692169189453125 0.043411865234375 0.034183349609375
5 0.28625 0.7584381103515625 0.036412353515625 0.028375244140625
3 0.45976409912109373 0.8735150146484375 0.035623779296875 0.0254571533203125
3 0.465833740234375 0.8642172241210937 0.0362091064453125 0.0248211669921875
3 0.47019500732421876 0.8371340942382812 0.036390380859375 0.026634521484375
3 0.4785308837890625 0.7723696899414062 0.0289666748046875 0.0233782958984375
3 0.5129525756835938 0.7583956909179688 0.030372314453125 0.024609375
5 0.5151083374023437 0.726170654296875 0.0410302734375 0.0308868408203125
5 0.5093829345703125 0.7374618530273438 0.0410302734375 0.03088623046875
5 0.5345932006835937 0.5152056884765625 0.0252923583984375 0.0454705810546875
5 0.49531219482421873 0.5462164306640624 0.0252923583984375 0.04547119140625
3 0.44017852783203126 0.42247589111328127 0.0432061767578125 0.0370965576171875
5 0.3215118408203125 0.540889892578125 0.0512188720703125 0.0319219970703125
5 0.677032470703125 0.5025079345703125 0.045775146484375 0.0410394287109375
5 0.62769775390625 0.5263140869140625 0.0238330078125 0.02495361328125
5 0.530665283203125 0.2378961181640625 0.03984619140625 0.0370550537109375
3 0.4931118774414063 0.2137286376953125 0.0336407470703125 0.0417620849609375
3 0.4771029663085937 0.21631195068359374 0.0395977783203125 0.0538177490234375
3 0.47041656494140627 0.201309814453125 0.0222833251953125 0.02698974609375
3 0.46236358642578124 0.1934393310546875 0.0236083984375 0.033043212890625
3 0.4583090209960938 0.17964385986328124 0.02181396484375 0.02974853515625
3 0.4140966796875 0.18564178466796874 0.0291943359375 0.028465576171875
3 0.400999755859375 0.21631256103515625 0.0304998779296875 0.0318035888671875
2 0.441258544921875 0.8892233276367187 0.0257330322265625 0.0192767333984375
2 0.41137542724609377 0.8926873779296876 0.01925048828125 0.0178912353515625
2 0.4085629272460938 0.9043746948242187 0.013125 0.011844482421875
2 0.3551876831054688 0.8695620727539063 0.0190740966796875 0.02137451171875
2 0.42774993896484376 0.8371255493164063 0.0210003662109375 0.0185174560546875
2 0.435035400390625 0.8517620849609375 0.0210699462890625 0.0152734375
2 0.4314691162109375 0.86229736328125 0.017811279296875 0.0157867431640625
2 0.41696014404296877 0.8531240844726562 0.0188299560546875 0.0182513427734375
2 0.41818756103515625 0.84268798828125 0.018125 0.015625
2 0.19625030517578124 0.7527499389648438 0.012750244140625 0.01588134765625
5 0.22250091552734375 0.6013754272460937 0.0255242919921875 0.0372503662109375
5 0.23512481689453124 0.5976251220703125 0.0167498779296875 0.024390869140625
5 0.24260772705078126 0.6026058959960937 0.0142840576171875 0.0190374755859375
5 0.2516265869140625 0.6040237426757813 0.0159967041015625 0.0208746337890625
5 0.2473126220703125 0.5828125 0.0196246337890625 0.017574462890625
5 0.2535626220703125 0.576312255859375 0.0216253662109375 0.018951416015625
5 0.25793701171875 0.5701248168945312 0.020875244140625 0.0183294677734375
2 0.743958740234375 0.8698199462890625 0.0183331298828125 0.0188897705078125
2 0.688948974609375 0.38609161376953127 0.016102294921875 0.01743408203125
2 0.7211495971679688 0.4119659423828125 0.0160491943359375 0.0176824951171875
2 0.7218756103515624 0.3420626831054687 0.015250244140625 0.0174725341796875
2 0.7313748168945312 0.34550018310546876 0.0160003662109375 0.017889404296875
2 0.7436489868164062 0.35735015869140624 0.0149530029296875 0.0166998291015625
2 0.7541250610351562 0.36112548828125 0.0132501220703125 0.0153857421875
2 0.6675 0.41856231689453127 0.01667236328125 0.01887451171875
2 0.674000244140625 0.4240625 0.014000244140625 0.01541259765625
2 0.6931228637695312 0.4336026000976563 0.01450439453125 0.0152947998046875
2 0.6983560180664062 0.43847747802734377 0.0129620361328125 0.0144549560546875
2 0.7106826782226563 0.44714202880859377 0.0173846435546875 0.018216552734375
2 0.6782522583007813 0.4505517578125 0.0122442626953125 0.0128533935546875
2 0.6688565063476563 0.462596435546875 0.01146240234375 0.0120574951171875
2 0.5140625 0.6866879272460937 0.015875244140625 0.0122381591796875
2 0.508125 0.6926251220703125 0.015999755859375 0.013018798828125
2 0.5288018798828125 0.692205810546875 0.0161468505859375 0.0136126708984375
2 0.540052490234375 0.7074444580078125 0.0166448974609375 0.0141387939453125
2 0.5657244873046875 0.7098184204101563 0.0143023681640625 0.01063720703125
2 0.5743951416015625 0.6873068237304687 0.015960693359375 0.00861328125
2 0.5747842407226562 0.6963919067382812 0.017432861328125 0.0117156982421875
2 0.5272976684570313 0.6604763793945313 0.0164056396484375 0.012779541015625
2 0.52699951171875 0.6273748779296875 0.01925048828125 0.015250244140625
2 0.5419998168945312 0.6377499389648438 0.01875 0.016240234375
2 0.5318118286132812 0.6526919555664062 0.0193780517578125 0.0129852294921875
2 0.5468804931640625 0.6845822143554687 0.016240234375 0.0121630859375
2 0.254263916015625 0.8906884765625 0.012750244140625 0.01588134765625
