2 0.029691619873046873 0.025052642822265624 0.02497467041015625 0.02624664306640625
3 0.108599853515625 0.05653594970703125 0.0987445068359375 0.10238739013671876
2 0.07168632507324219 0.4358135986328125 0.0249749755859375 0.026246337890625
2 0.09957321166992188 0.5138973999023437 0.024975128173828125 0.0262469482421875
2 0.1136810302734375 0.5299740600585937 0.0249749755859375 0.0262469482421875
2 0.031988296508789066 0.6113388061523437 0.025629425048828126 0.0262469482421875
2 0.18864845275878905 0.5891928100585937 0.03622528076171875 0.0324798583984375
2 0.16354705810546874 0.3526153564453125 0.026908416748046875 0.0265167236328125
2 0.216368408203125 0.40281219482421876 0.02690826416015625 0.0265167236328125
2 0.3328388214111328 0.31685455322265627 0.026908416748046875 0.026517333984375
2 0.36105377197265626 0.26009552001953123 0.026908416748046875 0.0265167236328125
2 0.4447151184082031 0.20924224853515624 0.02690826416015625 0.0265167236328125
2 0.4581670379638672 0.17118499755859376 0.026908111572265626 0.026517333984375
2 0.5926811218261718 0.062260894775390624 0.026907958984375 0.02651641845703125
2 0.30636451721191404 0.060246429443359374 0.024082489013671875 0.02379974365234375
2 0.8571194458007813 0.06983612060546875 0.0275592041015625 0.02581207275390625
2 0.6943763732910156 0.1715740966796875 0.02430511474609375 0.0240142822265625
2 0.6049464416503906 0.2638720703125 0.028624267578125 0.0255401611328125
2 0.8617124938964844 0.7611090087890625 0.02541015625 0.0160760498046875
