6 0.23380828857421876 0.4485102844238281 0.0129534912109375 0.01295318603515625
6 0.22247406005859374 0.4386334228515625 0.012305908203125 0.01262939453125
6 0.33614013671875 0.3605892944335938 0.01619140625 0.0171630859375
6 0.3607513427734375 0.33014892578125 0.01619140625 0.0171630859375
6 0.3864959716796875 0.1329339599609375 0.02169677734375 0.02234466552734375
6 0.4141839599609375 0.09844558715820312 0.021373291015625 0.02072540283203125
6 0.3905438232421875 0.0796630859375 0.02072509765625 0.0220208740234375
6 0.4587109375 0.07772003173828125 0.036593017578125 0.03562164306640625
6 0.4159649658203125 0.0427459716796875 0.036593017578125 0.03562164306640625
6 0.164345703125 0.47312164306640625 0.036593017578125 0.03562164306640625
6 0.256800537109375 0.5223445129394532 0.033031005859375 0.03432647705078125
6 0.21826416015625 0.49125640869140624 0.033031005859375 0.034326171875
6 0.2312176513671875 0.5544041442871094 0.033031005859375 0.03432647705078125
6 0.193328857421875 0.5223445129394532 0.033031005859375 0.03432647705078125
6 0.3889248657226563 0.45126296997070314 0.0084197998046875 0.00939117431640625
6 0.37856201171875 0.4421955871582031 0.008419189453125 0.00939117431640625
6 0.34876953125 0.34472137451171875 0.01619140625 0.0171630859375
6 0.3724090576171875 0.3165478515625 0.01619140625 0.0171630859375
6 0.38665802001953126 0.305699462890625 0.0110101318359375 0.01101043701171875
6 0.5137628173828125 0.2634391784667969 0.01068603515625 0.00939117431640625
6 0.542584228515625 0.2483807373046875 0.0165155029296875 0.0155438232421875
6 0.5212109375 0.25275253295898437 0.01068603515625 0.00939117431640625
6 0.4897991943359375 0.2909649658203125 0.0106866455078125 0.00939117431640625
5 0.4626248168945313 0.7346249389648437 0.02392578125 0.01975006103515625
5 0.4658749389648438 0.729625244140625 0.02392578125 0.01975006103515625
5 0.4701251220703125 0.7250003051757813 0.02392578125 0.01975006103515625
2 0.44263946533203125 0.5587998962402344 0.0140283203125 0.01409942626953125
2 0.4492645263671875 0.5631747436523438 0.0140283203125 0.01409942626953125
