0 0.6836750793457032 0.17149703979492187 0.04853302001953125 0.05155242919921875
2 0.6297982788085937 0.5024603271484375 0.01428131103515625 0.01574798583984375
2 0.6450253295898437 0.5145037841796875 0.014281005859375 0.01574798583984375
2 0.6500088500976563 0.5207331848144531 0.01428131103515625 0.01574798583984375
2 0.6670355224609374 0.5355448913574219 0.01428131103515625 0.015748291015625
2 0.6727108764648437 0.5419123840332031 0.01428131103515625 0.015748291015625
2 0.6981817626953125 0.5676597595214844 0.01428131103515625 0.01574798583984375
2 0.7030262756347656 0.5737507629394532 0.01428131103515625 0.01574798583984375
2 0.7091169738769532 0.5788723754882813 0.01428131103515625 0.015748291015625
2 0.6638288879394532 0.6566998291015625 0.0162469482421875 0.01148956298828125
2 0.7411517333984375 0.6200302124023438 0.00969757080078125 0.01731048583984375
2 0.715625 0.6486248779296875 0.00910980224609375 0.0179998779296875
2 0.6836875915527344 0.7144375610351562 0.01451507568359375 0.014625244140625
2 0.6403749084472656 0.7585000610351562 0.0145556640625 0.015
2 0.7923027038574219 0.6731982421875 0.0176043701171875 0.01739593505859375
2 0.8948748779296875 0.6378750610351562 0.00800018310546875 0.01724884033203125
2 0.8850001525878907 0.6382501220703125 0.0079998779296875 0.01724822998046875
2 0.7870771789550781 0.65723876953125 0.01640350341796875 0.0162274169921875
