2 0.4849871826171875 0.09559555053710937 0.0275347900390625 0.011207275390625
2 0.34080535888671876 0.10136260986328124 0.029547119140625 0.01243194580078125
2 0.30478729248046876 0.1018218994140625 0.021009521484375 0.01077392578125
2 0.205540771484375 0.1765460205078125 0.011597900390625 0.026202392578125
2 0.2051116943359375 0.22981109619140624 0.0098797607421875 0.027061767578125
2 0.24720733642578124 0.20403717041015626 0.011597900390625 0.0262030029296875
2 0.24548370361328126 0.24037567138671875 0.0116131591796875 0.0239752197265625
2 0.24849609375 0.33419189453125 0.011597900390625 0.026202392578125
2 0.246134033203125 0.4190289306640625 0.0103094482421875 0.028350830078125
2 0.2749139404296875 0.3140032958984375 0.020618896484375 0.009879150390625
2 0.16898345947265625 0.2710357666015625 0.029547119140625 0.012431640625
2 0.3170965576171875 0.48146820068359375 0.0273193359375 0.0217840576171875
7 0.513487548828125 0.3117596435546875 0.0433892822265625 0.0708233642578125
2 0.2504296875 0.60244873046875 0.010308837890625 0.028350830078125
2 0.2517181396484375 0.6716064453125 0.010308837890625 0.028350830078125
7 0.9116104125976563 0.40975677490234375 0.0472247314453125 0.0667010498046875
7 0.9645489501953125 0.62955078125 0.0245111083984375 0.053184814453125
2 0.621156005859375 0.04061264038085938 0.0275341796875 0.011207275390625
2 0.6529214477539063 0.0382305908203125 0.035223388671875 0.01262176513671875
2 0.6344720458984375 0.05306991577148437 0.0275347900390625 0.011207275390625
2 0.5755307006835938 0.0970941162109375 0.0299267578125 0.010767822265625
2 0.6213491821289062 0.016967315673828125 0.0250067138671875 0.02835052490234375
