2 0.0201953125 0.5620562744140625 0.00772674560546875 0.0158880615234375
2 0.0609625244140625 0.5223904418945312 0.00772674560546875 0.0158880615234375
2 0.190833740234375 0.9334228515625 0.018153076171875 0.007840576171875
2 0.20404205322265626 0.9535223388671875 0.0181524658203125 0.0078411865234375
2 0.2587890625 0.9422283935546875 0.0181524658203125 0.007841796875
2 0.3037738037109375 0.919639892578125 0.0181524658203125 0.0078411865234375
2 0.55522705078125 0.8686309814453125 0.0153155517578125 0.00802001953125
2 0.6655038452148437 0.9008236694335937 0.0187237548828125 0.017696533203125
2 0.7959414672851562 0.7676458740234375 0.016480712890625 0.0174200439453125
2 0.8196786499023437 0.7925311279296875 0.0148199462890625 0.016270751953125
2 0.7236798095703125 0.7373046875 0.0068914794921875 0.0183966064453125
2 0.7143841552734375 0.7456631469726562 0.0067218017578125 0.0182470703125
2 0.741290283203125 0.7427603149414063 0.007274169921875 0.0178564453125
2 0.7516311645507813 0.7450967407226563 0.0065167236328125 0.01558349609375
2 0.785150146484375 0.7258050537109375 0.0141192626953125 0.0084527587890625
2 0.7833053588867187 0.7083978271484375 0.0151275634765625 0.0080450439453125
2 0.7830218505859375 0.6984408569335937 0.015694580078125 0.00804931640625
2 0.6232766723632812 0.596129150390625 0.0193341064453125 0.00861572265625
2 0.69965576171875 0.5290359497070313 0.0098046875 0.017994384765625
2 0.719375 0.601688232421875 0.0067059326171875 0.0200848388671875
2 0.8677261352539063 0.5263552856445313 0.0078485107421875 0.0181585693359375
2 0.6987939453125 0.449881591796875 0.0076568603515625 0.0154913330078125
2 0.7182235717773438 0.3811602783203125 0.0185968017578125 0.0212481689453125
2 0.7213821411132812 0.37072784423828126 0.0173553466796875 0.0210565185546875
2 0.7218606567382813 0.4527523803710938 0.007857666015625 0.014356689453125
2 0.7216693115234375 0.2918603515625 0.0187457275390625 0.0126336669921875
2 0.7206277465820312 0.30319976806640625 0.0145257568359375 0.0119586181640625
2 0.7208078002929688 0.334835205078125 0.020347900390625 0.02010009765625
2 0.7186068725585938 0.34450286865234375 0.0149310302734375 0.0149310302734375
2 0.5630697631835937 0.4046051025390625 0.0130084228515625 0.0088140869140625
2 0.5645187377929688 0.415989990234375 0.0158709716796875 0.0085955810546875
2 0.5647021484375 0.4275799560546875 0.0162200927734375 0.007274169921875
2 0.6231817626953124 0.404801025390625 0.016025390625 0.01072021484375
2 0.8276226806640625 0.255394287109375 0.017845458984375 0.01741943359375
2 0.8712371826171875 0.42776763916015625 0.00798095703125 0.020283203125
2 0.8727993774414062 0.4097784423828125 0.00652099609375 0.01531494140625
2 0.28224456787109375 0.431475830078125 0.01672119140625 0.0079388427734375
2 0.27772674560546873 0.37400848388671876 0.011171875 0.0061041259765625
2 0.4043695068359375 0.42602081298828126 0.01079345703125 0.016461181640625
2 0.28432769775390626 0.284007568359375 0.01556884765625 0.0166552734375
0 0.2609112548828125 0.324049072265625 0.025263671875 0.0363623046875
0 0.389686279296875 0.29623382568359374 0.0251934814453125 0.033970947265625
0 0.52478515625 0.2865335083007812 0.0316583251953125 0.0406036376953125
0 0.5505078125 0.265126953125 0.02788818359375 0.030804443359375
0 0.5545278930664063 0.3092587280273438 0.0174322509765625 0.02375732421875
0 0.621085205078125 0.38289794921875 0.01472900390625 0.015126953125
0 0.7321685791015625 0.11199783325195313 0.0389794921875 0.03780548095703125
0 0.651077880859375 0.28630767822265624 0.0230322265625 0.03178955078125
0 0.676531982421875 0.2634771728515625 0.0308074951171875 0.0410638427734375
0 0.7341790771484376 0.26966949462890627 0.02302978515625 0.031514892578125
0 0.8105838012695312 0.270897216796875 0.0228375244140625 0.0307000732421875
0 0.6764376831054687 0.305836181640625 0.025242919921875 0.0346044921875
0 0.6497784423828125 0.32712493896484374 0.02577392578125 0.0300079345703125
0 0.8037176513671875 0.4581597900390625 0.0528173828125 0.0537103271484375
0 0.8107046508789062 0.41166351318359373 0.0349017333984375 0.0290997314453125
0 0.8074813842773437 0.5083740234375 0.0465142822265625 0.05092529296875
0 0.9777224731445312 0.38441375732421873 0.0391094970703125 0.0386236572265625
0 0.9008694458007812 0.2723382568359375 0.0239471435546875 0.029613037109375
0 0.9208099365234375 0.24758392333984375 0.0329608154296875 0.024462890625
0 0.9324746704101563 0.26723724365234375 0.0283056640625 0.0323333740234375
0 0.1349090576171875 0.284932861328125 0.0215545654296875 0.030029296875
0 0.13495361328125 0.32645416259765625 0.026533203125 0.0367059326171875
0 0.013643341064453125 0.26573150634765624 0.02728668212890625 0.023780517578125
0 0.025778656005859376 0.363875732421875 0.0335150146484375 0.0279901123046875
2 0.04040557861328125 0.4697503662109375 0.042896728515625 0.0406884765625
2 0.070050048828125 0.5097781372070312 0.00772674560546875 0.015888671875
2 0.08803924560546875 0.5097784423828124 0.00772674560546875 0.015888671875
2 0.07876693725585937 0.5112619018554687 0.00772674560546875 0.015888671875
2 0.07783950805664062 0.5311062622070313 0.00772674560546875 0.0158880615234375
2 0.085628662109375 0.591566162109375 0.00772674560546875 0.0158880615234375
2 0.08748367309570312 0.53221923828125 0.00772674560546875 0.0158880615234375
2 0.09360321044921875 0.5924935913085938 0.00772674560546875 0.015888671875
2 0.10287628173828126 0.5891555786132813 0.00772674560546875 0.015888671875
2 0.1128912353515625 0.58544677734375 0.00772674560546875 0.015888671875
2 0.12958282470703125 0.5819229125976563 0.00772705078125 0.0158880615234375
2 0.1204949951171875 0.586929931640625 0.0077264404296875 0.0158880615234375
2 0.13774261474609376 0.5826641845703125 0.00772705078125 0.015888671875
