2 0.13854888916015626 0.1644072151184082 0.02169677734375 0.013024940490722656
2 0.0822052001953125 0.5743515777587891 0.02460845947265625 0.0220587158203125
2 0.025082550048828124 0.6858554077148438 0.01288360595703125 0.028885040283203125
2 0.02983917236328125 0.7883309173583984 0.01319580078125 0.025860443115234374
2 0.15226837158203124 0.6404963684082031 0.0216412353515625 0.022769012451171876
2 0.009978179931640624 0.8787005615234375 0.021929779052734376 0.0190325927734375
2 0.031970672607421875 0.84551025390625 0.0283056640625 0.018824005126953126
2 0.10635986328125 0.8489582061767578 0.03015350341796875 0.020569915771484374
2 0.10104949951171875 0.8164532470703125 0.0283056640625 0.018824005126953126
2 0.03492843627929688 0.9733319854736329 0.01238037109375 0.02921295166015625
2 0.29879425048828123 0.7929000091552735 0.0261248779296875 0.01781829833984375
2 0.31635223388671874 0.7644863891601562 0.0251910400390625 0.018724517822265627
2 0.3075665283203125 0.7436952209472656 0.03401611328125 0.020285186767578126
2 0.25356353759765626 0.7608278656005859 0.0261248779296875 0.01781829833984375
2 0.3725335693359375 0.7462993621826172 0.0261248779296875 0.01781829833984375
2 0.188870849609375 0.826617431640625 0.0261248779296875 0.01781829833984375
2 0.4546331787109375 0.7033990478515625 0.03700927734375 0.023026275634765624
2 0.457099609375 0.7239582824707032 0.03700927734375 0.02302642822265625
2 0.4872442626953125 0.7371704864501953 0.02547607421875 0.018200531005859374
2 0.16650634765625 0.5057475280761718 0.0271844482421875 0.024104766845703125
2 0.3360955810546875 0.49243892669677736 0.024713134765625 0.02544776916503906
2 0.5054931640625 0.4603717041015625 0.0224163818359375 0.018949966430664062
2 0.29317474365234375 0.3516996765136719 0.0271380615234375 0.02357574462890625
2 0.30509918212890624 0.31236294269561765 0.02631591796875 0.021838436126708983
2 0.36049163818359375 0.3699849319458008 0.0280010986328125 0.023736114501953124
2 0.4176242065429687 0.29078651428222657 0.029635009765625 0.025882568359375
2 0.1652960205078125 0.2506852912902832 0.030701904296875 0.0252618408203125
2 0.39734100341796874 0.36787273406982424 0.02439697265625 0.021192169189453124
2 0.16255462646484375 0.08484088897705078 0.0307012939453125 0.02526176452636719
2 0.44277008056640627 0.10202683448791504 0.0269873046875 0.015457229614257812
2 0.4738287353515625 0.11984086036682129 0.0304425048828125 0.015645179748535156
2 0.6805474853515625 0.22858407974243164 0.02487060546875 0.02473957061767578
2 0.901910400390625 0.23009294509887696 0.0158062744140625 0.025975608825683595
2 0.9050164794921876 0.433114013671875 0.0135198974609375 0.024123001098632812
2 0.5705279541015625 0.5227077865600586 0.0310931396484375 0.026624832153320312
2 0.6471551513671875 0.5431940841674805 0.032249755859375 0.026629791259765626
2 0.6248239135742187 0.6942852783203125 0.03034912109375 0.020697784423828126
2 0.5731918334960937 0.6879113006591797 0.0290570068359375 0.0202130126953125
2 0.8121963500976562 0.6169287872314453 0.0284490966796875 0.018945465087890623
2 0.8839682006835937 0.6896224212646485 0.0264715576171875 0.021240386962890625
2 0.5481082153320312 0.8196272277832031 0.0265899658203125 0.024188232421875
2 0.9160494995117188 0.5879845809936524 0.029251708984375 0.01819999694824219
2 0.9635067749023437 0.5972898101806641 0.029251708984375 0.018199920654296875
2 0.2481805419921875 0.7856151580810546 0.026124267578125 0.0178179931640625
2 0.1865447998046875 0.7874079132080078 0.02595947265625 0.01691680908203125
2 0.168714599609375 0.8050457763671875 0.02595947265625 0.016916656494140626
2 0.8715451049804688 0.6219153594970703 0.03632080078125 0.020926513671875
2 0.9709127807617187 0.6909081268310547 0.018468017578125 0.0323577880859375
2 0.72209228515625 0.6669673156738282 0.03034912109375 0.020697784423828126
2 0.40973907470703125 0.5316828918457032 0.0247125244140625 0.025447845458984375
2 0.7004367065429687 0.27538475036621096 0.0247125244140625 0.025447845458984375
2 0.646173095703125 0.2928263092041016 0.024713134765625 0.025447845458984375
