2 0.7757557678222656 0.06206588745117188 0.01423828125 0.01611785888671875
2 0.781875 0.06612518310546875 0.015500030517578124 0.01740203857421875
2 0.7895625305175781 0.07018798828125 0.01662506103515625 0.01740753173828125
2 0.7953749084472657 0.07518753051757812 0.016788787841796875 0.0186248779296875
2 0.8133597564697266 0.08551513671875 0.0144696044921875 0.01571990966796875
2 0.8198817443847656 0.09023452758789062 0.015486297607421875 0.0174688720703125
2 0.8264375305175782 0.0945623779296875 0.01537506103515625 0.01708984375
2 0.8336873626708985 0.0990625 0.019124908447265623 0.0199530029296875
2 0.8404999542236328 0.104000244140625 0.0157501220703125 0.01726593017578125
2 0.8454378509521484 0.10831268310546875 0.017125091552734374 0.0185577392578125
2 0.8549375915527344 0.11912506103515624 0.015124969482421875 0.017200927734375
2 0.8368749237060547 0.1558123779296875 0.015316925048828124 0.0163751220703125
2 0.7091629791259766 0.0767266845703125 0.016424407958984377 0.0190472412109375
2 0.660062484741211 0.08449996948242187 0.01662506103515625 0.01890350341796875
2 0.7381251525878906 0.08725006103515626 0.01725006103515625 0.0147991943359375
2 0.74169677734375 0.08160919189453125 0.017893524169921876 0.0145318603515625
2 0.7809889984130859 0.101417236328125 0.01752166748046875 0.0199151611328125
2 0.7341499328613281 0.09414688110351563 0.02220001220703125 0.01845611572265625
2 0.7298122406005859 0.09975006103515625 0.02162506103515625 0.01833770751953125
2 0.724437484741211 0.10462509155273438 0.019375 0.01599639892578125
2 0.7208625793457031 0.11059280395507813 0.020774993896484375 0.018564453125
2 0.7166250610351562 0.11700027465820312 0.020999908447265625 0.01770355224609375
2 0.7110020446777344 0.13014766693115234 0.016245880126953126 0.017204742431640625
2 0.7348126983642578 0.148375244140625 0.016624908447265625 0.0196319580078125
2 0.7411873626708985 0.1531878662109375 0.01562957763671875 0.0176251220703125
2 0.7454374694824218 0.1576251220703125 0.01415740966796875 0.01550048828125
2 0.7516252136230469 0.160687255859375 0.014351959228515626 0.0158746337890625
2 0.756875 0.16649993896484375 0.0147503662109375 0.0162554931640625
2 0.7634874725341797 0.17001708984375 0.014852294921875 0.0162835693359375
2 0.7701250457763672 0.17437530517578126 0.013721923828125 0.015250244140625
2 0.7752822875976563 0.17800262451171875 0.01471893310546875 0.01549560546875
2 0.7808841705322266 0.18207611083984376 0.0152313232421875 0.0160980224609375
2 0.7865000915527344 0.186187744140625 0.011999969482421874 0.0145233154296875
2 0.7915628051757813 0.18993804931640626 0.012063446044921875 0.014375
2 0.7970626831054688 0.1946875 0.01293121337890625 0.015374755859375
2 0.8020130157470703 0.1983831787109375 0.012967529296875 0.01526611328125
2 0.8061250305175781 0.2029376220703125 0.011999969482421874 0.01408203125
2 0.8144998168945312 0.20462493896484374 0.0145001220703125 0.01569091796875
2 0.842225341796875 0.2239471435546875 0.017200927734375 0.0191436767578125
2 0.7169374847412109 0.184437255859375 0.020125274658203126 0.0174700927734375
2 0.7284373474121094 0.2045001220703125 0.02212493896484375 0.019273681640625
2 0.7195000457763672 0.2116876220703125 0.01875 0.0167388916015625
2 0.7599373626708984 0.225625 0.01812530517578125 0.01638671875
2 0.7623751068115234 0.242562255859375 0.022750396728515625 0.019658203125
2 0.7800075531005859 0.2282269287109375 0.022734527587890626 0.01970458984375
2 0.7846202087402344 0.21910064697265624 0.018759613037109376 0.0159515380859375
2 0.8966874694824218 0.218375244140625 0.020374908447265624 0.0160052490234375
2 0.8890625 0.2293121337890625 0.01837493896484375 0.0157452392578125
2 0.7529248046875 0.31759979248046877 0.0156500244140625 0.0144500732421875
2 0.7567654418945312 0.30858673095703126 0.015530853271484376 0.0141851806640625
2 0.9840823364257812 0.3464434814453125 0.011585540771484375 0.0076361083984375
2 0.3612102127075195 0.08276107788085937 0.015329437255859375 0.016478271484375
2 0.5164661407470703 0.1309613037109375 0.014432220458984376 0.0134222412109375
2 0.5334374618530273 0.16381256103515626 0.01787513732910156 0.016717529296875
2 0.3881230926513672 0.1680072021484375 0.01594696044921875 0.018013916015625
2 0.3972499465942383 0.17550018310546875 0.01609405517578125 0.017249755859375
2 0.44261577606201175 0.18846923828125 0.015768508911132812 0.017562255859375
2 0.2768120002746582 0.36673309326171877 0.01737445831298828 0.015533447265625
2 0.29832914352416995 0.37905975341796877 0.014092216491699219 0.0133697509765625
2 0.31275009155273437 0.39149993896484375 0.016500015258789063 0.0147796630859375
3 0.10258278846740723 0.5788803100585938 0.02591573715209961 0.020989990234375
3 0.10993755340576172 0.562249755859375 0.018875007629394532 0.016492919921875
2 0.10831242561340332 0.6320626831054688 0.016124992370605468 0.0133880615234375
2 0.10063636779785157 0.6660696411132813 0.015977420806884766 0.0163604736328125
2 0.1137001609802246 0.6760357666015625 0.014349899291992187 0.014678955078125
2 0.12025009155273438 0.6804379272460938 0.01675018310546875 0.0174298095703125
2 0.13904871940612792 0.696845703125 0.018097667694091796 0.0199822998046875
2 0.1544997787475586 0.707874755859375 0.016999969482421873 0.0172576904296875
2 0.08599997639656067 0.763125 0.016250205039978028 0.0183868408203125
2 0.10212547302246094 0.78237548828125 0.016750030517578125 0.0187738037109375
2 0.13787487030029297 0.9595626831054688 0.02174999237060547 0.018636474609375
2 0.13300004959106446 0.9659378051757812 0.01875 0.0153363037109375
2 0.12870474815368652 0.974244384765625 0.02234090805053711 0.01723876953125
2 0.12045683860778808 0.9790811157226562 0.017835979461669923 0.01566162109375
2 0.16452056884765626 0.9582012939453125 0.01579132080078125 0.0131524658203125
2 0.16868749618530274 0.9638128662109375 0.01712512969970703 0.01308349609375
2 0.17393697738647462 0.9777279663085937 0.01987373352050781 0.0119561767578125
2 0.17956531524658204 0.7722235107421875 0.01586944580078125 0.0175531005859375
2 0.1848752975463867 0.7851251220703125 0.014000015258789062 0.015596923828125
2 0.2022499656677246 0.75987548828125 0.015 0.0172186279296875
2 0.23256269454956055 0.7179373168945312 0.012497100830078125 0.01512451171875
2 0.2789374542236328 0.7883758544921875 0.011875 0.01710693359375
2 0.30267967224121095 0.7190185546875 0.019359092712402343 0.016962890625
2 0.2924375534057617 0.7326251220703125 0.016400184631347656 0.01449951171875
2 0.28275026321411134 0.7483132934570312 0.020250282287597655 0.019124755859375
2 0.320812349319458 0.6895620727539062 0.017124996185302735 0.014854736328125
2 0.35556243896484374 0.71518798828125 0.019125137329101562 0.0174517822265625
2 0.3440627288818359 0.7290621948242187 0.0191253662109375 0.01684326171875
2 0.33399993896484376 0.741812744140625 0.020250244140625 0.0181439208984375
2 0.3297499465942383 0.7507498168945312 0.019249954223632813 0.017620849609375
2 0.2342976951599121 0.5763522338867187 0.014943275451660156 0.0175457763671875
2 0.25569467544555663 0.5951763916015625 0.016360397338867187 0.01689697265625
2 0.26656261444091794 0.600062255859375 0.016875 0.0186407470703125
2 0.48724998474121095 0.9089373779296875 0.01724853515625 0.0128753662109375
2 0.5082501983642578 0.9225628662109375 0.01832794189453125 0.012125244140625
2 0.5179209518432617 0.92925537109375 0.020841903686523437 0.0157598876953125
2 0.43218757629394533 0.5305001831054688 0.0276251220703125 0.02503173828125
2 0.4784999465942383 0.5330624389648437 0.01720458984375 0.0188751220703125
2 0.49768768310546874 0.5478750610351563 0.01512542724609375 0.016143798828125
2 0.5046198272705078 0.5543365478515625 0.01426025390625 0.0155767822265625
2 0.5378240966796874 0.5922494506835938 0.00964813232421875 0.01724853515625
2 0.5361789321899414 0.5745587158203125 0.01964195251464844 0.020133056640625
2 0.6055690383911133 0.6208087158203125 0.016111907958984376 0.017132568359375
2 0.492586669921875 0.577197265625 0.019576644897460936 0.01810546875
2 0.5805001449584961 0.6689999389648438 0.02200004577636719 0.0191033935546875
2 0.5741250228881836 0.6751876831054687 0.01900001525878906 0.015977783203125
2 0.5689376449584961 0.6816250610351563 0.02037498474121094 0.015889892578125
2 0.5280625915527344 0.7203753662109375 0.0164825439453125 0.0179998779296875
2 0.5361491012573242 0.7269308471679687 0.017298202514648437 0.023138427734375
2 0.7619310760498047 0.6080487060546875 0.015388031005859375 0.0161529541015625
2 0.8425445556640625 0.6645257568359375 0.018661041259765625 0.0199481201171875
2 0.8025119781494141 0.7885723876953125 0.019524078369140625 0.0183544921875
2 0.9607484436035156 0.7580801391601563 0.015753631591796876 0.0181292724609375
2 0.9672501373291016 0.7636251831054688 0.02 0.0189599609375
