2 0.02057891845703125 0.9062371826171876 0.0157391357421875 0.0086138916015625
2 0.0512060546875 0.955528564453125 0.017802734375 0.0076788330078125
2 0.07666534423828125 0.9058538818359375 0.0157403564453125 0.008614501953125
2 0.06843414306640624 0.9186798095703125 0.0157403564453125 0.0086138916015625
2 0.08224884033203125 0.9296807861328125 0.0119952392578125 0.0080499267578125
2 0.09584075927734376 0.9679656982421875 0.0119952392578125 0.0080499267578125
2 0.15266143798828125 0.933419189453125 0.0157403564453125 0.0086138916015625
2 0.17371734619140625 0.9110226440429687 0.0157403564453125 0.008614501953125
2 0.18998870849609376 0.9198284912109375 0.0157403564453125 0.008614501953125
2 0.3054180908203125 0.962515869140625 0.01573974609375 0.008614501953125
2 0.273302001953125 0.9722775268554688 0.014268798828125 0.0078497314453125
2 0.24036590576171876 0.963179931640625 0.0119952392578125 0.008050537109375
2 0.332408447265625 0.9322705078125 0.01573974609375 0.008614501953125
2 0.365906982421875 0.9144683837890625 0.01573974609375 0.008614501953125
2 0.4598968505859375 0.9257623291015625 0.01573974609375 0.008614501953125
2 0.09829498291015625 0.8858139038085937 0.008233642578125 0.0211297607421875
2 0.07932891845703124 0.8876052856445312 0.0158538818359375 0.0199725341796875
2 0.4601190185546875 0.9361077880859375 0.01365234375 0.0070654296875
2 0.44912353515625 0.987398681640625 0.016202392578125 0.0086175537109375
2 0.51502685546875 0.9640472412109375 0.01573974609375 0.0086138916015625
2 0.5224932861328125 0.97687255859375 0.01573974609375 0.008614501953125
2 0.563648681640625 0.9885491943359375 0.01573974609375 0.0086138916015625
2 0.6084423828125 0.96366455078125 0.01573974609375 0.0086138916015625
2 0.5293841552734375 0.9360989379882813 0.01573974609375 0.0086138916015625
2 0.5525469970703125 0.9117880249023438 0.01573974609375 0.008614501953125
2 0.588533935546875 0.9253793334960938 0.01573974609375 0.0086138916015625
2 0.64194091796875 0.92518798828125 0.01573974609375 0.008614501953125
2 0.6107391357421875 0.9362905883789062 0.01573974609375 0.008614501953125
2 0.6765887451171875 0.9265283203125 0.01573974609375 0.0086138916015625
2 0.7156402587890625 0.96366455078125 0.01573974609375 0.008614501953125
2 0.7162152099609375 0.9755328369140625 0.01573974609375 0.008614501953125
2 0.75756103515625 0.9184881591796875 0.01573974609375 0.008614501953125
2 0.8058013916015625 0.9745758056640625 0.01573974609375 0.0086138916015625
2 0.798143310546875 0.98816650390625 0.01573974609375 0.0086138916015625
2 0.8856256103515625 0.9753408813476563 0.01573974609375 0.008614501953125
2 0.852698974609375 0.9634725952148437 0.01573974609375 0.008614501953125
2 0.908978271484375 0.9628985595703125 0.01573974609375 0.008614501953125
2 0.92563232421875 0.9506472778320313 0.01573974609375 0.0086138916015625
2 0.954345703125 0.9500729370117188 0.01573974609375 0.008614501953125
2 0.926207275390625 0.9866351318359375 0.01573974609375 0.0086138916015625
2 0.9606634521484375 0.9718954467773437 0.01573974609375 0.0086138916015625
2 0.962576904296875 0.9223162841796875 0.01573974609375 0.0086138916015625
2 0.98688720703125 0.9491162109375 0.01573974609375 0.0086138916015625
2 0.985738525390625 0.8306240844726562 0.0188916015625 0.0086138916015625
2 0.9905242919921875 0.842109375 0.0188916015625 0.008614501953125
2 0.9907159423828125 0.8541696166992188 0.0188916015625 0.008614501953125
2 0.9886578369140625 0.6793341064453124 0.0157958984375 0.00771728515625
2 0.987796630859375 0.6701495361328125 0.0157958984375 0.00771728515625
2 0.9900927734375 0.6012637329101562 0.0157958984375 0.0077178955078125
2 0.9839984130859375 0.12015792846679688 0.012379150390625 0.018226318359375
4 0.401417236328125 0.08087783813476562 0.019443359375 0.0254266357421875
7 0.460302734375 0.214478759765625 0.016287841796875 0.031573486328125
7 0.251201171875 0.25596954345703127 0.014219970703125 0.0242950439453125
7 0.5230352783203125 0.34901397705078124 0.021697998046875 0.027008056640625
7 0.218612060546875 0.45663177490234375 0.01587890625 0.0260748291015625
7 0.2172265625 0.5458123779296875 0.01384765625 0.028065185546875
7 0.2680023193359375 0.5328875732421875 0.032242431640625 0.0328656005859375
7 0.2635894775390625 0.621669921875 0.028656005859375 0.0268988037109375
7 0.460025634765625 0.6219754028320312 0.025423583984375 0.0249261474609375
7 0.512845458984375 0.6298153686523438 0.032286376953125 0.0169732666015625
7 0.2635809326171875 0.7007681274414063 0.0253125 0.0335162353515625
7 0.2226568603515625 0.703223876953125 0.0111102294921875 0.0219573974609375
7 0.224427490234375 0.8555426025390624 0.011632080078125 0.0264031982421875
7 0.3231884765625 0.8399777221679687 0.0312451171875 0.027401123046875
7 0.446546630859375 0.8562811279296875 0.01960205078125 0.030465087890625
7 0.497476806640625 0.8495684814453125 0.027200927734375 0.0276422119140625
7 0.74575439453125 0.8469570922851563 0.021015625 0.0295428466796875
7 0.8226556396484375 0.8136297607421875 0.03120361328125 0.031298828125
7 0.623658447265625 0.6340725708007813 0.028338623046875 0.01439697265625
7 0.6742913818359375 0.669144287109375 0.013675537109375 0.0277081298828125
7 0.9215179443359375 0.7092181396484375 0.013697509765625 0.028436279296875
2 0.6300250244140625 0.7540802001953125 0.03131103515625 0.0107171630859375
2 0.76215576171875 0.7422586059570313 0.015816650390625 0.0147882080078125
2 0.7924664306640625 0.7350662231445313 0.01606201171875 0.013663330078125
2 0.4749810791015625 0.800428466796875 0.00609375 0.01433349609375
2 0.5484661865234375 0.451092529296875 0.007200927734375 0.0177252197265625
2 0.527049560546875 0.43798370361328126 0.006832275390625 0.015303955078125
2 0.5127392578125 0.43738311767578125 0.007386474609375 0.0144940185546875
2 0.8709283447265626 0.42935211181640626 0.0158984375 0.014678955078125
7 0.72556396484375 0.364034423828125 0.025977783203125 0.018282470703125
7 0.6447576904296874 0.36526031494140626 0.01587646484375 0.024791259765625
7 0.849150390625 0.3558197021484375 0.0276953125 0.027392578125
7 0.9160614013671875 0.3305078125 0.027557373046875 0.0295758056640625
7 0.915804443359375 0.24619140625 0.014033203125 0.0274200439453125
7 0.9110968017578125 0.1822601318359375 0.0149560546875 0.029195556640625
7 0.887467041015625 0.022004547119140624 0.016441650390625 0.03358367919921875
7 0.6339593505859376 0.5672598266601563 0.01582763671875 0.027403564453125
7 0.875948486328125 0.5513455200195313 0.02241943359375 0.0318310546875
7 0.9263287353515625 0.6136349487304688 0.01545654296875 0.0252947998046875
2 0.14653350830078124 0.8411395263671875 0.0178570556640625 0.008140869140625
2 0.1502667236328125 0.436326904296875 0.01902099609375 0.0084161376953125
2 0.14850341796875 0.31816131591796876 0.0181201171875 0.006827392578125
2 0.1846112060546875 0.15600311279296875 0.015230712890625 0.0070904541015625
