2 0.8809371948242187 0.9738751220703125 0.012183837890625 0.0132501220703125
2 0.8884378051757813 0.9645001220703125 0.012183837890625 0.0132501220703125
2 0.8839373779296875 0.9613751220703125 0.012183837890625 0.0132501220703125
2 0.8913125610351562 0.9817498779296875 0.0121826171875 0.01324951171875
2 0.908062744140625 0.978875732421875 0.012183837890625 0.0132501220703125
2 0.9239376831054688 0.9932501220703125 0.012183837890625 0.0132501220703125
2 0.9295623779296875 0.9970001220703125 0.012183837890625 0.0132501220703125
2 0.8429376220703125 0.979375 0.012183837890625 0.0132501220703125
2 0.8491879272460937 0.9841253662109375 0.012183837890625 0.0132501220703125
2 0.838187255859375 0.975625 0.012183837890625 0.0132501220703125
2 0.8927499389648438 0.9007501220703125 0.0146435546875 0.01300048828125
2 0.8977499389648438 0.8945001220703125 0.0146435546875 0.01300048828125
5 0.467252197265625 0.1767425537109375 0.0325433349609375 0.0287420654296875
5 0.453363037109375 0.1930828857421875 0.0325433349609375 0.028741455078125
5 0.50660400390625 0.12894874572753906 0.0325433349609375 0.028741912841796877
5 0.8536297607421875 0.39523773193359374 0.0325439453125 0.0287420654296875
5 0.86175537109375 0.3865701293945312 0.0325433349609375 0.0287420654296875
5 0.786322021484375 0.47514007568359373 0.0325433349609375 0.0287420654296875
