2 0.02766143798828125 0.933419189453125 0.0157403564453125 0.0086138916015625
2 0.04871734619140625 0.9110226440429687 0.0157403564453125 0.008614501953125
2 0.06498870849609376 0.9198284912109375 0.0157403564453125 0.008614501953125
2 0.1804180908203125 0.962515869140625 0.01573974609375 0.008614501953125
2 0.148302001953125 0.9722775268554688 0.014268798828125 0.0078497314453125
2 0.11536590576171875 0.963179931640625 0.0119952392578125 0.008050537109375
2 0.207408447265625 0.9322705078125 0.01573974609375 0.008614501953125
2 0.240906982421875 0.9144683837890625 0.01573974609375 0.008614501953125
2 0.3348968505859375 0.9257623291015625 0.01573974609375 0.008614501953125
2 0.3351190185546875 0.9361077880859375 0.01365234375 0.0070654296875
2 0.32412353515625 0.987398681640625 0.016202392578125 0.0086175537109375
2 0.39002685546875 0.9640472412109375 0.01573974609375 0.0086138916015625
2 0.3974932861328125 0.97687255859375 0.01573974609375 0.008614501953125
2 0.438648681640625 0.9885491943359375 0.01573974609375 0.0086138916015625
2 0.4834423828125 0.96366455078125 0.01573974609375 0.0086138916015625
2 0.4043841552734375 0.9360989379882813 0.01573974609375 0.0086138916015625
2 0.4275469970703125 0.9117880249023438 0.01573974609375 0.008614501953125
2 0.463533935546875 0.9253793334960938 0.01573974609375 0.0086138916015625
2 0.51694091796875 0.92518798828125 0.01573974609375 0.008614501953125
2 0.4857391357421875 0.9362905883789062 0.01573974609375 0.008614501953125
2 0.5515887451171875 0.9265283203125 0.01573974609375 0.0086138916015625
2 0.5906402587890625 0.96366455078125 0.01573974609375 0.008614501953125
2 0.5912152099609375 0.9755328369140625 0.01573974609375 0.008614501953125
2 0.63256103515625 0.9184881591796875 0.01573974609375 0.008614501953125
2 0.6808013916015625 0.9745758056640625 0.01573974609375 0.0086138916015625
2 0.673143310546875 0.98816650390625 0.01573974609375 0.0086138916015625
2 0.7606256103515625 0.9753408813476563 0.01573974609375 0.008614501953125
2 0.727698974609375 0.9634725952148437 0.01573974609375 0.008614501953125
2 0.783978271484375 0.9628985595703125 0.01573974609375 0.008614501953125
2 0.80063232421875 0.9506472778320313 0.01573974609375 0.0086138916015625
2 0.829345703125 0.9500729370117188 0.01573974609375 0.008614501953125
2 0.801207275390625 0.9866351318359375 0.01573974609375 0.0086138916015625
2 0.8356634521484375 0.9718954467773437 0.01573974609375 0.0086138916015625
2 0.837576904296875 0.9223162841796875 0.01573974609375 0.0086138916015625
2 0.86188720703125 0.9491162109375 0.01573974609375 0.0086138916015625
2 0.87681884765625 0.962515869140625 0.01573974609375 0.008614501953125
2 0.8817950439453125 0.972469482421875 0.01573974609375 0.0086138916015625
2 0.9426678466796875 0.9336102294921875 0.01573974609375 0.0086138916015625
2 0.9652569580078125 0.9726611328125 0.01573974609375 0.0086138916015625
2 0.9798052978515625 0.942799072265625 0.01573974609375 0.0086138916015625
2 0.9748284912109375 0.98625244140625 0.01573974609375 0.008614501953125
2 0.860738525390625 0.8306240844726562 0.0188916015625 0.0086138916015625
2 0.8655242919921875 0.842109375 0.0188916015625 0.008614501953125
2 0.8657159423828125 0.8541696166992188 0.0188916015625 0.008614501953125
2 0.972518310546875 0.8337051391601562 0.007335205078125 0.0170782470703125
2 0.9792626953125 0.8342794799804687 0.007333984375 0.01707763671875
2 0.989307861328125 0.8348538208007813 0.007333984375 0.01707763671875
2 0.922718505859375 0.8856576538085937 0.007333984375 0.0170782470703125
2 0.911380615234375 0.8730282592773437 0.007333984375 0.01707763671875
2 0.922288818359375 0.8634130859375 0.007333984375 0.0170782470703125
2 0.919991455078125 0.8414553833007813 0.007333984375 0.01707763671875
2 0.9191314697265625 0.8199285888671874 0.007333984375 0.0170782470703125
2 0.9175531005859375 0.7791705322265625 0.007333984375 0.0170782470703125
2 0.90764892578125 0.8407379150390625 0.007333984375 0.0170782470703125
2 0.9176947021484375 0.7984014892578125 0.007333984375 0.01707763671875
2 0.9080804443359375 0.820789794921875 0.007333984375 0.01707763671875
2 0.9159747314453125 0.76080078125 0.007335205078125 0.0170782470703125
2 0.9152557373046875 0.7335342407226563 0.007333984375 0.0170782470703125
2 0.9057843017578125 0.7563522338867188 0.007333984375 0.0170782470703125
2 0.9716571044921875 0.6998080444335938 0.007333984375 0.0170782470703125
2 0.8636578369140625 0.6793341064453124 0.0157958984375 0.00771728515625
2 0.862796630859375 0.6701495361328125 0.0157958984375 0.00771728515625
2 0.9056396484375 0.6501522827148437 0.007333984375 0.01707763671875
2 0.8650927734375 0.6012637329101562 0.0157958984375 0.0077178955078125
2 0.9189874267578125 0.4647332763671875 0.007333984375 0.01707763671875
2 0.8728424072265625 0.5283587646484375 0.0157958984375 0.00771728515625
2 0.9153997802734375 0.3341363525390625 0.007333984375 0.0170782470703125
2 0.96620361328125 0.32595611572265626 0.007333984375 0.0170782470703125
2 0.9756744384765625 0.32595550537109375 0.007335205078125 0.0170782470703125
2 0.98701171875 0.3262432861328125 0.007333984375 0.01707763671875
2 0.93979736328125 0.357098388671875 0.0163671875 0.0090411376953125
2 0.960186767578125 0.35795867919921875 0.016483154296875 0.0073223876953125
2 0.9595556640625 0.3706671142578125 0.019752197265625 0.0091973876953125
2 0.923316650390625 0.38366912841796874 0.011959228515625 0.01568359375
2 0.9613946533203125 0.2318829345703125 0.01644775390625 0.017508544921875
2 0.8589984130859375 0.12015792846679688 0.012379150390625 0.018226318359375
2 0.9860784912109375 0.011805267333984374 0.015692138671875 0.01478240966796875
4 0.276417236328125 0.08087783813476562 0.019443359375 0.0254266357421875
7 0.335302734375 0.214478759765625 0.016287841796875 0.031573486328125
7 0.126201171875 0.25596954345703127 0.014219970703125 0.0242950439453125
7 0.3980352783203125 0.34901397705078124 0.021697998046875 0.027008056640625
7 0.093612060546875 0.45663177490234375 0.01587890625 0.0260748291015625
7 0.0922265625 0.5458123779296875 0.01384765625 0.028065185546875
7 0.1430023193359375 0.5328875732421875 0.032242431640625 0.0328656005859375
7 0.1385894775390625 0.621669921875 0.028656005859375 0.0268988037109375
7 0.335025634765625 0.6219754028320312 0.025423583984375 0.0249261474609375
7 0.387845458984375 0.6298153686523438 0.032286376953125 0.0169732666015625
7 0.1385809326171875 0.7007681274414063 0.0253125 0.0335162353515625
7 0.0976568603515625 0.703223876953125 0.0111102294921875 0.0219573974609375
7 0.099427490234375 0.8555426025390624 0.011632080078125 0.0264031982421875
7 0.1981884765625 0.8399777221679687 0.0312451171875 0.027401123046875
7 0.321546630859375 0.8562811279296875 0.01960205078125 0.030465087890625
7 0.372476806640625 0.8495684814453125 0.027200927734375 0.0276422119140625
7 0.62075439453125 0.8469570922851563 0.021015625 0.0295428466796875
7 0.6976556396484375 0.8136297607421875 0.03120361328125 0.031298828125
7 0.498658447265625 0.6340725708007813 0.028338623046875 0.01439697265625
7 0.5492913818359375 0.669144287109375 0.013675537109375 0.0277081298828125
7 0.7965179443359375 0.7092181396484375 0.013697509765625 0.028436279296875
2 0.5050250244140625 0.7540802001953125 0.03131103515625 0.0107171630859375
2 0.63715576171875 0.7422586059570313 0.015816650390625 0.0147882080078125
2 0.6674664306640625 0.7350662231445313 0.01606201171875 0.013663330078125
2 0.3499810791015625 0.800428466796875 0.00609375 0.01433349609375
2 0.4234661865234375 0.451092529296875 0.007200927734375 0.0177252197265625
2 0.402049560546875 0.43798370361328126 0.006832275390625 0.015303955078125
2 0.3877392578125 0.43738311767578125 0.007386474609375 0.0144940185546875
2 0.7459283447265626 0.42935211181640626 0.0158984375 0.014678955078125
7 0.60056396484375 0.364034423828125 0.025977783203125 0.018282470703125
7 0.5197576904296874 0.36526031494140626 0.01587646484375 0.024791259765625
7 0.724150390625 0.3558197021484375 0.0276953125 0.027392578125
7 0.7910614013671875 0.3305078125 0.027557373046875 0.0295758056640625
7 0.790804443359375 0.24619140625 0.014033203125 0.0274200439453125
7 0.7860968017578125 0.1822601318359375 0.0149560546875 0.029195556640625
7 0.762467041015625 0.022004547119140624 0.016441650390625 0.03358367919921875
7 0.5089593505859376 0.5672598266601563 0.01582763671875 0.027403564453125
7 0.750948486328125 0.5513455200195313 0.02241943359375 0.0318310546875
7 0.8013287353515625 0.6136349487304688 0.01545654296875 0.0252947998046875
2 0.02153350830078125 0.8411395263671875 0.0178570556640625 0.008140869140625
2 0.0252667236328125 0.436326904296875 0.01902099609375 0.0084161376953125
2 0.02350341796875 0.31816131591796876 0.0181201171875 0.006827392578125
2 0.0596112060546875 0.15600311279296875 0.015230712890625 0.0070904541015625
