3 0.637274169921875 0.398946533203125 0.0181976318359375 0.0213134765625
3 0.247037353515625 0.01426361083984375 0.022325439453125 0.0209722900390625
2 0.25381317138671877 0.0113128662109375 0.0170208740234375 0.0151251220703125
2 0.257655029296875 0.006141128540039062 0.0160595703125 0.01337493896484375
3 0.273062744140625 0.0620001220703125 0.0216253662109375 0.024185791015625
2 0.2867718505859375 0.0723150634765625 0.013956298828125 0.0168701171875
2 0.29116943359375 0.077867431640625 0.012911376953125 0.01551513671875
2 0.248125 0.0288751220703125 0.01375 0.0150445556640625
2 0.26812530517578126 0.056875 0.01375 0.0150445556640625
2 0.3789785766601563 0.36242095947265623 0.0112933349609375 0.00765869140625
2 0.3552288818359375 0.39129608154296874 0.0112933349609375 0.00765869140625
2 0.388853759765625 0.4216702270507813 0.011292724609375 0.00765869140625
2 0.413853759765625 0.4639202880859375 0.011292724609375 0.00765869140625
2 0.326485595703125 0.4482086181640625 0.013470458984375 0.00808349609375
2 0.28851531982421874 0.3759906005859375 0.0097186279296875 0.01523193359375
2 0.398853759765625 0.48129547119140625 0.011292724609375 0.00765869140625
2 0.389228515625 0.49279632568359377 0.0112933349609375 0.00765869140625
2 0.38522857666015625 0.4990460205078125 0.0112933349609375 0.00765869140625
2 0.44210357666015626 0.49854583740234376 0.0112933349609375 0.00765869140625
