2 0.1242803955078125 0.7994647216796875 0.02377593994140625 0.0354864501953125
2 0.13981964111328124 0.8099057006835938 0.02061614990234375 0.0309283447265625
2 0.5723417663574218 0.5398678588867187 0.0166766357421875 0.0280474853515625
2 0.0837628173828125 0.13335968017578126 0.02065582275390625 0.0249139404296875
2 0.06915817260742188 0.106727294921875 0.02065582275390625 0.0249139404296875
2 0.43298675537109377 0.15578277587890624 0.0274859619140625 0.0221630859375
2 0.3715602111816406 0.15105743408203126 0.02748565673828125 0.0221630859375
2 0.4278350830078125 0.19564453125 0.02065582275390625 0.0249139404296875
2 0.2712982177734375 0.27836669921875 0.0231219482421875 0.023692626953125
2 0.8890890502929687 0.2267437744140625 0.0293817138671875 0.0194158935546875
2 0.6900395202636719 0.5686480712890625 0.01667633056640625 0.028046875
2 0.5500048828125 0.5364315795898438 0.0166766357421875 0.0280474853515625
2 0.603233642578125 0.5239312744140625 0.026351318359375 0.0172662353515625
2 0.6342355346679688 0.5264004516601563 0.02620269775390625 0.015509033203125
7 0.7763920593261718 0.6921041870117187 0.02656707763671875 0.0533319091796875
7 0.081317138671875 0.8887423706054688 0.0248291015625 0.0232403564453125
