2 0.04229248046875 0.5255378723144531 0.0116351318359375 0.02882080078125
2 0.00483306884765625 0.8751948547363281 0.01031036376953125 0.02882080078125
2 0.004080810546875 0.9660653686523437 0.00816162109375 0.0292095947265625
2 0.1189837646484375 0.962755126953125 0.011171875 0.0263787841796875
2 0.223365478515625 0.9739239501953125 0.0111724853515625 0.02637939453125
2 0.20811859130859375 0.9662802124023437 0.0107476806640625 0.02448486328125
2 0.309556884765625 0.958687744140625 0.022637939453125 0.021627197265625
2 0.2903314208984375 0.9397348403930664 0.0275830078125 0.026377410888671876
2 0.1073870849609375 0.8158485412597656 0.0111724853515625 0.0263787841796875
2 0.13616668701171875 0.8029623413085938 0.0111724853515625 0.02637908935546875
2 0.20790252685546876 0.7836322021484375 0.0111724853515625 0.0263787841796875
2 0.297894287109375 0.7824307250976562 0.0248974609375 0.02362548828125
2 0.199742431640625 0.5161082458496093 0.012103271484375 0.02362548828125
2 0.23518096923828125 0.5107389831542969 0.0201885986328125 0.02590545654296875
2 0.217720947265625 0.4841322326660156 0.0258984375 0.03183746337890625
2 0.2631005859375 0.4432989501953125 0.025115966796875 0.01718231201171875
2 0.0788055419921875 0.3352459716796875 0.0116351318359375 0.02882080078125
2 0.08009246826171874 0.3618780517578125 0.0116351318359375 0.02882080078125
2 0.971331787109375 0.10516342163085937 0.0148291015625 0.024210205078125
2 0.6486309814453125 0.7902812194824219 0.01203857421875 0.02596649169921875
2 0.64991455078125 0.8219500732421875 0.01031005859375 0.027061767578125
2 0.6482012939453125 0.8517076110839844 0.01203857421875 0.02596649169921875
2 0.6885791015625 0.8130479431152344 0.012037353515625 0.02596649169921875
2 0.629969482421875 0.8941140747070313 0.025284423828125 0.013314208984375
