2 0.07989715576171875 0.011425628662109374 0.01675262451171875 0.023795318603515626
2 0.13767181396484374 0.0173968505859375 0.0111895751953125 0.0296392822265625
2 0.05616943359375 0.34580459594726565 0.0238299560546875 0.0258013916015625
2 0.19363037109375 0.35728256225585936 0.026866455078125 0.0281396484375
2 0.2141326904296875 0.3320448303222656 0.0257733154296875 0.02651214599609375
2 0.19036102294921875 0.395350341796875 0.0186090087890625 0.026309814453125
2 0.11469081878662109 0.7534365844726563 0.022766876220703124 0.0279742431640625
2 0.16955810546875 0.7184347534179687 0.0244970703125 0.03993408203125
2 0.055292510986328126 0.7202227783203125 0.01613311767578125 0.0229193115234375
2 0.6518472290039062 0.9344932556152343 0.02531982421875 0.01331634521484375
2 0.6474447631835938 0.7727743530273438 0.0251275634765625 0.013760986328125
2 0.7422030639648437 0.6952365112304687 0.0286492919921875 0.01072967529296875
7 0.3463372802734375 0.6128135681152344 0.0281207275390625 0.04572052001953125
7 0.34793792724609374 0.39518890380859373 0.0475494384765625 0.03436431884765625
2 0.5448883056640625 0.28178695678710936 0.0168280029296875 0.030927734375
2 0.5777490234375 0.33526641845703126 0.0295745849609375 0.0141754150390625
2 0.6158474731445313 0.33375 0.0293756103515625 0.0145782470703125
7 0.5879364013671875 0.14039047241210936 0.03197509765625 0.053504638671875
2 0.482635498046875 0.02508392333984375 0.0103741455078125 0.0243951416015625
2 0.7983462524414062 0.5773390197753906 0.0275341796875 0.011207275390625
2 0.17175018310546875 0.7976876831054688 0.027249755859375 0.02118865966796875
2 0.119476318359375 0.6754460144042969 0.0232977294921875 0.01914215087890625
2 0.06834335327148437 0.7166799926757812 0.01231292724609375 0.0236102294921875
2 0.17937469482421875 0.7475 0.0257501220703125 0.01959228515625
