0 0.468402099609375 0.3658290481567383 0.05159423828125 0.05674140930175781
0 0.3595965576171875 0.4272878646850586 0.033363037109375 0.026285552978515626
0 0.3260009765625 0.43436248779296877 0.033873291015625 0.026337890625
0 0.3193798828125 0.5198813247680664 0.034051513671875 0.026218719482421875
0 0.2813836669921875 0.5285604095458984 0.0394140625 0.03259994506835937
0 0.24460700988769532 0.5349831771850586 0.03969696044921875 0.03133125305175781
0 0.187801513671875 0.4619777297973633 0.0337481689453125 0.025771942138671875
0 0.120181884765625 0.47637310028076174 0.031162109375 0.02279876708984375
0 0.20866912841796875 0.5425682449340821 0.036173095703125 0.028356704711914062
0 0.1713250732421875 0.5520923614501954 0.032994384765625 0.024796142578125
0 0.13417083740234376 0.5567263412475586 0.0400030517578125 0.030111160278320313
0 0.09647552490234375 0.5639723587036133 0.0294256591796875 0.021805191040039064
0 0.0603546142578125 0.5714008331298828 0.0312762451171875 0.024479522705078124
0 0.023192138671875 0.5766626358032226 0.032664794921875 0.02469978332519531
0 0.015314178466796875 0.4934059143066406 0.0314678955078125 0.0264013671875
0 0.296204833984375 0.6226973342895508 0.03686279296875 0.02768653869628906
0 0.234935302734375 0.7159263610839843 0.029981689453125 0.022595367431640624
0 0.3174066162109375 0.7220050811767578 0.034674072265625 0.03629730224609375
0 0.920074462890625 0.5219113159179688 0.039217529296875 0.037796249389648436
0 0.7183392333984375 0.7772905731201172 0.054925537109375 0.05449691772460938
0 0.67861083984375 0.7669795989990235 0.030169677734375 0.03238739013671875
0 0.697489013671875 0.8168644714355469 0.041148681640625 0.04325759887695312
0 0.6610821533203125 0.8559185028076172 0.051131591796875 0.052523956298828126
0 0.639439697265625 0.9012911987304687 0.034385986328125 0.03475204467773438
0 0.61762451171875 0.9345596313476563 0.0309716796875 0.032344970703125
0 0.5623931884765625 0.9277494049072266 0.037550048828125 0.03779495239257812
0 0.591744384765625 0.9653481292724609 0.042154541015625 0.04188507080078125
0 0.4792913818359375 0.7902053833007813 0.069083251953125 0.06711166381835937
0 0.410460205078125 0.7249180603027344 0.039642333984375 0.04061721801757812
0 0.3713427734375 0.7070079803466797 0.04276611328125 0.04126815795898438
0 0.4330804443359375 0.6904301452636719 0.036328125 0.03794708251953125
0 0.454251708984375 0.6590556335449219 0.036431884765625 0.03766937255859375
0 0.49259033203125 0.614177360534668 0.050830078125 0.05297508239746094
0 0.4132196044921875 0.5818498992919922 0.036427001953125 0.03876388549804687
0 0.4362939453125 0.5499686813354492 0.035921630859375 0.03694526672363281
0 0.4582989501953125 0.5172289657592773 0.03592529296875 0.039227294921875
0 0.4817236328125 0.48477390289306643 0.03705810546875 0.03951919555664062
0 0.503687744140625 0.4531745529174805 0.035732421875 0.0359234619140625
0 0.5530584716796875 0.5320349884033203 0.0525830078125 0.053929443359375
0 0.5461431884765625 0.7054230499267579 0.05802734375 0.05726608276367187
3 0.2124969482421875 0.6411518859863281 0.0157568359375 0.02784271240234375
2 0.441500244140625 0.8639373779296875 0.01925048828125 0.016705474853515624
2 0.415250244140625 0.8575001525878906 0.0185009765625 0.0165179443359375
2 0.3799261474609375 0.8964238739013672 0.0158984375 0.01409698486328125
2 0.377738037109375 0.9062708282470703 0.01852294921875 0.01530029296875
2 0.3690423583984375 0.9115852355957031 0.014415283203125 0.011920623779296875
2 0.364000244140625 0.9181876373291016 0.0172509765625 0.014585723876953125
2 0.35915771484375 0.9274935913085938 0.018934326171875 0.016274566650390624
2 0.3533746337890625 0.9325 0.018250732421875 0.016845550537109375
2 0.3425946044921875 0.9481161499023437 0.013939208984375 0.0134832763671875
2 0.3201312255859375 0.9817827606201172 0.019515380859375 0.0184344482421875
2 0.329736328125 0.9680690765380859 0.019219970703125 0.01711151123046875
2 0.3337493896484375 0.9596873474121094 0.01800048828125 0.0165911865234375
2 0.332625732421875 0.9160629272460937 0.020999755859375 0.018032073974609375
2 0.3121722412109375 0.9393616485595703 0.01715576171875 0.016223602294921875
2 0.3068743896484375 0.9548124694824218 0.017249755859375 0.014536285400390625
2 0.29762451171875 0.9071249389648437 0.01699951171875 0.014411468505859375
2 0.291624755859375 0.913499755859375 0.01824951171875 0.01552001953125
2 0.283135986328125 0.9264601135253906 0.019229736328125 0.017670440673828124
2 0.2872509765625 0.9194376373291016 0.01699951171875 0.014598236083984376
2 0.0068121337890625 0.8478749084472657 0.013125 0.0135577392578125
2 0.01375030517578125 0.8527500915527344 0.0145361328125 0.01649993896484375
2 0.0183123779296875 0.8771875762939453 0.017874755859375 0.02000335693359375
2 0.05362548828125 0.8800000762939453 0.01625 0.017930755615234373
2 0.0615936279296875 0.8846855163574219 0.016436767578125 0.018120269775390625
2 0.0682037353515625 0.8886228942871094 0.0143438720703125 0.0155816650390625
2 0.0991729736328125 0.9133951568603516 0.014154052734375 0.015921173095703126
2 0.09189605712890625 0.9084275817871094 0.0173638916015625 0.018604736328125
2 0.08443756103515625 0.9055620574951172 0.0138751220703125 0.015259857177734376
2 0.072655029296875 0.9404118347167969 0.0163018798828125 0.01792572021484375
2 0.06600006103515625 0.9361248779296875 0.0160003662109375 0.01760009765625
2 0.059989013671875 0.9311146545410156 0.01477294921875 0.016271514892578123
2 0.0528125 0.9274374389648438 0.0149951171875 0.016374969482421876
2 0.04603973388671875 0.9200762176513672 0.0185791015625 0.018847503662109376
2 0.12125 0.9382500457763672 0.019749755859375 0.0163470458984375
2 0.11618804931640625 0.9447504425048828 0.019375 0.018397064208984376
2 0.005124969482421875 0.9103126525878906 0.0117498779296875 0.017211151123046876
2 0.008342132568359376 0.9244999694824219 0.01774261474609375 0.012750091552734375
