0 0.40814453125 0.024812774658203127 0.036800537109375 0.04159912109375
6 0.189007568359375 0.2126251220703125 0.01762451171875 0.0180889892578125
6 0.2067486572265625 0.2413824462890625 0.036873779296875 0.034322509765625
6 0.239332275390625 0.2882281494140625 0.036641845703125 0.036641845703125
6 0.06313201904296875 0.2974810791015625 0.0109039306640625 0.0112200927734375
6 0.07190277099609375 0.30633056640625 0.01106201171875 0.0115362548828125
6 0.0809100341796875 0.31478515625 0.00979736328125 0.01106201171875
6 0.1175726318359375 0.327506103515625 0.010113525390625 0.010272216796875
6 0.127686767578125 0.32632110595703123 0.0104296875 0.01106201171875
6 0.13827392578125 0.324345703125 0.009482421875 0.0099560546875
6 0.150284423828125 0.3227655029296875 0.012010498046875 0.0115362548828125
2 0.735361328125 0.6805276489257812 0.016544189453125 0.0173016357421875
2 0.7439117431640625 0.6863494873046875 0.01654296875 0.017301025390625
2 0.7524639892578125 0.6943557739257813 0.01654296875 0.017301025390625
2 0.7591961669921875 0.7025433349609375 0.01654296875 0.017301025390625
2 0.7672021484375 0.7100030517578125 0.016544189453125 0.0173016357421875
2 0.7737530517578125 0.7161892700195313 0.016544189453125 0.0173016357421875
2 0.781219482421875 0.7234881591796875 0.016527099609375 0.0173101806640625
2 0.7879510498046876 0.7293099975585937 0.016527099609375 0.0173101806640625
2 0.6536724853515625 0.7223968505859375 0.016527099609375 0.0173114013671875
2 0.661495361328125 0.729310302734375 0.016527099609375 0.0173101806640625
2 0.6786004638671875 0.7427749633789062 0.016527099609375 0.0173114013671875
2 0.702435302734375 0.7713412475585938 0.016527099609375 0.0173114013671875
2 0.7188104248046875 0.7806198120117187 0.016527099609375 0.0173101806640625
2 0.7257171630859375 0.7880596923828125 0.01654296875 0.0173016357421875
2 0.4526544189453125 0.226275634765625 0.016265869140625 0.0111053466796875
2 0.483660888671875 0.28425689697265627 0.016265869140625 0.0111053466796875
2 0.4899188232421875 0.25742156982421877 0.016265869140625 0.0111053466796875
2 0.48797119140625 0.2653466796875 0.0162646484375 0.011104736328125
2 0.472259521484375 0.3115093994140625 0.0162646484375 0.011104736328125
2 0.4750408935546875 0.30274932861328124 0.016265869140625 0.0111053466796875
2 0.275311279296875 0.780831298828125 0.021234130859375 0.0206451416015625
2 0.3244940185546875 0.7251303100585937 0.016170654296875 0.0157513427734375
2 0.3624273681640625 0.708511962890625 0.016961669921875 0.016329345703125
2 0.367269287109375 0.7030923461914063 0.01726806640625 0.0164739990234375
2 0.37304931640625 0.696373291015625 0.0153369140625 0.014884033203125
2 0.3202740478515625 0.5588751220703125 0.01465576171875 0.0156024169921875
2 0.32476318359375 0.5648150634765625 0.012613525390625 0.0126824951171875
2 0.332261962890625 0.5697528076171875 0.012354736328125 0.0130865478515625
2 0.3586572265625 0.5363134765625 0.0159228515625 0.0157244873046875
2 0.3738433837890625 0.532210693359375 0.01300537109375 0.01353515625
2 0.470809326171875 0.6053323364257812 0.015694580078125 0.015462646484375
2 0.49732666015625 0.6400869750976562 0.0177734375 0.01734130859375
2 0.346314697265625 0.4534637451171875 0.01499267578125 0.0160595703125
2 0.3512860107421875 0.4579620361328125 0.0139013671875 0.014652099609375
2 0.470628662109375 0.8138259887695313 0.015823974609375 0.0152374267578125
2 0.475289306640625 0.8076446533203125 0.0146484375 0.0151739501953125
2 0.53082275390625 0.6070980834960937 0.0155224609375 0.015245361328125
2 0.74877197265625 0.8101736450195313 0.008525390625 0.01658447265625
2 0.804407958984375 0.7658096313476562 0.017774658203125 0.018265380859375
2 0.05741668701171875 0.9207339477539063 0.0156964111328125 0.0142822265625
2 0.0516876220703125 0.9477499389648437 0.01637451171875 0.0150677490234375
2 0.04023681640625 0.9375531005859375 0.015076904296875 0.0138946533203125
