2 0.07658905029296875 0.2817437744140625 0.0293817138671875 0.0194158935546875
7 0.33438720703125 0.45305816650390623 0.0404193115234375 0.0583660888671875
2 0.58522705078125 0.5669561767578125 0.02757080078125 0.0149273681640625
2 0.7510348510742187 0.6017501831054688 0.0275701904296875 0.0149273681640625
2 0.5852261352539062 0.55406982421875 0.02757080078125 0.0149267578125
2 0.596673583984375 0.5939132690429687 0.0283245849609375 0.0215899658203125
2 0.6069601440429687 0.6136996459960937 0.0356500244140625 0.0281854248046875
2 0.6329074096679688 0.2529534912109375 0.0275701904296875 0.0149267578125
2 0.6518472290039062 0.12199325561523437 0.02531982421875 0.01331634521484375
2 0.9814834594726562 0.2710357666015625 0.029547119140625 0.012431640625
