2 0.0145574951171875 0.2983074951171875 0.0103094482421875 0.0292095947265625
2 0.033028564453125 0.6017868041992187 0.010308837890625 0.03908935546875
2 0.1402337646484375 0.46426605224609374 0.0245672607421875 0.01258544921875
2 0.2617828369140625 0.4671414184570313 0.02026123046875 0.0119873046875
2 0.2295489501953125 0.465189208984375 0.029638671875 0.010738525390625
2 0.344168701171875 0.46540008544921874 0.022906494140625 0.0111602783203125
2 0.03516265869140625 0.5134149169921876 0.0111968994140625 0.0233953857421875
2 0.1142138671875 0.3928094482421875 0.0103094482421875 0.02319580078125
2 0.0892926025390625 0.3978515625 0.012012939453125 0.0277154541015625
2 0.1859490966796875 0.39109100341796876 0.010308837890625 0.02319580078125
2 0.275296630859375 0.3958160400390625 0.01031005859375 0.02491455078125
2 0.5000244140625 0.39516876220703123 0.011954345703125 0.0287860107421875
2 0.487281494140625 0.39774932861328127 0.011597900390625 0.028275146484375
2 0.3990155029296875 0.427005615234375 0.02235107421875 0.0108331298828125
2 0.43466064453125 0.42824737548828123 0.02233642578125 0.0098797607421875
2 0.4093182373046875 0.466263427734375 0.027491455078125 0.0103460693359375
2 0.56094970703125 0.46583343505859376 0.027491455078125 0.0103460693359375
2 0.3113800048828125 0.4645452880859375 0.027491455078125 0.0103460693359375
2 0.47375 0.50019775390625 0.010308837890625 0.02319580078125
2 0.504033203125 0.5012713623046875 0.00988037109375 0.027061767578125
2 0.1006829833984375 0.7847763061523437 0.011597900390625 0.0262030029296875
7 0.3199761962890625 0.7782611083984375 0.042967529296875 0.0286474609375
2 0.0927337646484375 0.095255126953125 0.011171875 0.0263787841796875
2 0.197115478515625 0.1064239501953125 0.0111724853515625 0.02637939453125
2 0.18186859130859376 0.09878021240234375 0.0107476806640625 0.02448486328125
2 0.283306884765625 0.091187744140625 0.022637939453125 0.021627197265625
2 0.2640814208984375 0.07223484039306641 0.0275830078125 0.026377410888671876
2 0.624317626953125 0.1525958251953125 0.0116162109375 0.02595947265625
2 0.603719482421875 0.02661407470703125 0.025284423828125 0.013314208984375
2 0.705279541015625 0.371331787109375 0.025565185546875 0.0103094482421875
2 0.613228759765625 0.5117340087890625 0.01400146484375 0.028475341796875
2 0.6287750244140625 0.5112930297851562 0.01726806640625 0.0282757568359375
7 0.8359356689453125 0.93408935546875 0.03466552734375 0.0384918212890625
7 0.7622601318359375 0.14858123779296875 0.037769775390625 0.0395941162109375
