2 0.0072741203801706435 0.910447998046875 0.014419738333672286 0.008231201171875
2 0.11121745109558105 0.8962823486328125 0.014419746398925782 0.008231201171875
2 0.05359877586364746 0.8966653442382813 0.014419727325439453 0.008231201171875
2 0.28847623825073243 0.9079592895507812 0.014419288635253906 0.008231201171875
2 0.09561638832092285 0.9196365356445313 0.014546375274658203 0.0074652099609375
2 0.2644525718688965 0.9621322631835938 0.014546890258789063 0.0074658203125
2 0.3243682813644409 0.9498809814453125 0.014546375274658203 0.0074652099609375
2 0.8421707153320312 0.9410757446289062 0.014546356201171874 0.0074652099609375
2 0.7730665588378907 0.9552407836914063 0.01454681396484375 0.0074658203125
2 0.7474326705932617 0.99502685546875 0.00705352783203125 0.0100689697265625
