7 0.05292144775390625 0.7681672668457031 0.0567547607421875 0.06840423583984374
7 0.03804168701171875 0.6243086242675782 0.02400390625 0.05636627197265625
2 0.2124365234375 0.5386795043945313 0.0275341796875 0.011207275390625
2 0.2236041259765625 0.5193498229980469 0.0275341796875 0.011207275390625
2 0.2334844970703125 0.5025971984863281 0.0275341796875 0.011207275390625
2 0.18193817138671875 0.5206382751464844 0.0275341796875 0.011207275390625
2 0.18806854248046875 0.295821533203125 0.0320648193359375 0.02519622802734375
2 0.2106964111328125 0.3114263916015625 0.042943115234375 0.035223388671875
2 0.33122161865234373 0.081497802734375 0.01238525390625 0.033740234375
2 0.85479248046875 0.5255378723144531 0.0116351318359375 0.02882080078125
2 0.38039947509765626 0.465869140625 0.029150390625 0.0132794189453125
2 0.3786810302734375 0.4516937255859375 0.029150390625 0.0132794189453125
2 0.7822164916992187 0.4390034484863281 0.0253436279296875 0.012027587890625
2 0.782216796875 0.45446731567382814 0.0262030029296875 0.012908935546875
2 0.8169927978515625 0.8751948547363281 0.0116351318359375 0.02882080078125
2 0.8155068969726562 0.9660653686523437 0.0103094482421875 0.0292095947265625
2 0.3348724365234375 0.7901495361328125 0.023983154296875 0.01763916015625
2 0.9314837646484375 0.962755126953125 0.011171875 0.0263787841796875
2 0.9198870849609375 0.8158485412597656 0.0111724853515625 0.0263787841796875
2 0.9486666870117187 0.8029623413085938 0.0111724853515625 0.02637908935546875
2 0.8913055419921875 0.3352459716796875 0.0116351318359375 0.02882080078125
2 0.8925924682617188 0.3618780517578125 0.0116351318359375 0.02882080078125
7 0.5846875 0.8618124389648437 0.049385986328125 0.0461248779296875
2 0.7738613891601562 0.6806307983398437 0.0227777099609375 0.01253143310546875
