2 0.14198959350585938 0.010439453125 0.02524566650390625 0.016910400390625
2 0.009937667846679687 0.09356277465820312 0.018584136962890626 0.02462493896484375
2 0.043407440185546875 0.024872589111328124 0.02531494140625 0.01749481201171875
2 0.029691619873046873 0.8300526428222657 0.02497467041015625 0.02624664306640625
2 0.13264007568359376 0.71090087890625 0.021793212890625 0.023079833984375
3 0.108599853515625 0.8615359497070313 0.0987445068359375 0.10238739013671876
2 0.4581670379638672 0.9761849975585938 0.026908111572265626 0.026517333984375
2 0.3859881591796875 0.7530876159667969 0.02690826416015625 0.0265167236328125
2 0.5926811218261718 0.8672608947753906 0.026907958984375 0.02651641845703125
2 0.30636451721191404 0.8652464294433594 0.024082489013671875 0.02379974365234375
2 0.4827729797363281 0.6700827026367188 0.026907958984375 0.02651641845703125
2 0.24589614868164061 0.7192951965332032 0.02690826416015625 0.0265167236328125
2 0.2511457824707031 0.6799253845214843 0.026908111572265626 0.0265167236328125
2 0.47752382278442385 0.6218544006347656 0.026908493041992186 0.0265167236328125
2 0.17765472412109376 0.5841246032714844 0.026908416748046875 0.0265167236328125
3 0.34580078125 0.5789044189453125 0.0950518798828125 0.104002685546875
2 0.5224714660644532 0.41220870971679685 0.026907958984375 0.02651641845703125
2 0.5096759033203125 0.36463638305664064 0.026907958984375 0.02651641845703125
2 0.3958306884765625 0.3938359069824219 0.02690826416015625 0.0265167236328125
2 0.3282453155517578 0.4820903015136719 0.026908111572265626 0.02651641845703125
2 0.47457107543945315 0.4315655517578125 0.02690826416015625 0.0265167236328125
2 0.40912063598632814 0.27050537109375 0.0246063232421875 0.0273565673828125
2 0.5892388916015625 0.30134521484375 0.0246063232421875 0.0273565673828125
2 0.5530375671386719 0.29951675415039064 0.0263507080078125 0.0288873291015625
2 0.6599411010742188 0.030675811767578123 0.0233563232421875 0.02788726806640625
2 0.8523074340820312 0.07408950805664062 0.02482269287109375 0.0243927001953125
2 0.8803282165527344 0.014367218017578126 0.02345184326171875 0.02375946044921875
2 0.8065055847167969 0.099317626953125 0.02475677490234375 0.025118408203125
2 0.9066429138183594 0.2032185363769531 0.026212158203125 0.026634521484375
2 0.8508686828613281 0.21010818481445312 0.026212158203125 0.02663421630859375
2 0.7905010986328125 0.16778533935546874 0.026212158203125 0.026634521484375
2 0.6838734436035157 0.16876953125 0.026212158203125 0.02663421630859375
2 0.6691098022460937 0.2757249450683594 0.026212158203125 0.026634521484375
2 0.6301860046386719 0.5082460021972657 0.02604522705078125 0.02681488037109375
2 0.6523924255371094 0.78917724609375 0.0269085693359375 0.0265167236328125
2 0.7386784362792969 0.6031532287597656 0.026907958984375 0.0265167236328125
2 0.8636785888671875 0.5821560668945313 0.026907958984375 0.02651641845703125
2 0.9332322692871093 0.5142427062988282 0.02690826416015625 0.02651702880859375
2 0.9939279174804687 0.45748397827148435 0.026907958984375 0.02651641845703125
2 0.9663713073730469 0.7915028381347656 0.02755889892578125 0.025811767578125
2 0.8571194458007813 0.8748361206054688 0.0275592041015625 0.02581207275390625
2 0.6943763732910156 0.9765740966796875 0.02430511474609375 0.0240142822265625
2 0.6225209045410156 0.48819900512695313 0.02604522705078125 0.02681488037109375
2 0.5670965576171875 0.5188592529296875 0.026044921875 0.0268145751953125
2 0.6779454040527344 0.6827740478515625 0.02604522705078125 0.026815185546875
2 0.5789195251464844 0.14799224853515625 0.0259539794921875 0.030191650390625
