0 0.45779388427734374 0.032158432006835935 0.0373248291015625 0.03903030395507812
0 0.3775115966796875 0.20736862182617188 0.03844482421875 0.0358758544921875
0 0.338551025390625 0.21806106567382813 0.0349310302734375 0.03701690673828125
0 0.3207110595703125 0.24716133117675781 0.0363372802734375 0.03933258056640625
0 0.178349609375 0.31790382385253907 0.03734130859375 0.03836837768554688
0 0.1834136962890625 0.4431504821777344 0.040225830078125 0.04375885009765625
0 0.1164385986328125 0.4056918334960937 0.0377545166015625 0.0371270751953125
0 0.06454925537109375 0.4583991050720215 0.039326171875 0.03645683288574219
3 0.27460784912109376 0.8922695922851562 0.0269482421875 0.0302191162109375
3 0.3097412109375 0.9155000305175781 0.03056884765625 0.0356500244140625
5 0.29124755859375 0.9183403015136719 0.0227447509765625 0.0269305419921875
2 0.8193121337890625 0.035374908447265624 0.013125 0.0135577392578125
2 0.8262503051757812 0.040250091552734374 0.0145361328125 0.01649993896484375
2 0.8308123779296875 0.06468757629394531 0.017874755859375 0.02000335693359375
2 0.86612548828125 0.06750007629394532 0.01625 0.017930755615234373
2 0.8740936279296875 0.07218551635742188 0.016436767578125 0.018120269775390625
2 0.8807037353515625 0.07612289428710937 0.0143438720703125 0.0155816650390625
2 0.9116729736328125 0.10089515686035157 0.014154052734375 0.015921173095703126
2 0.9043960571289062 0.09592758178710938 0.0173638916015625 0.018604736328125
2 0.8969375610351562 0.09306205749511719 0.0138751220703125 0.015259857177734376
2 0.885155029296875 0.12791183471679687 0.0163018798828125 0.01792572021484375
2 0.8785000610351562 0.1236248779296875 0.0160003662109375 0.01760009765625
2 0.872489013671875 0.11861465454101562 0.01477294921875 0.016271514892578123
2 0.8653125 0.11493743896484375 0.0149951171875 0.016374969482421876
2 0.8585397338867188 0.10757621765136718 0.0185791015625 0.018847503662109376
2 0.93375 0.1257500457763672 0.019749755859375 0.0163470458984375
2 0.9286880493164062 0.13225044250488283 0.019375 0.018397064208984376
2 0.7626254272460937 0.060062255859375 0.015250244140625 0.016444244384765626
2 0.7698123168945312 0.06543769836425781 0.0161248779296875 0.017229766845703126
2 0.7766259765625 0.06887496948242187 0.013702392578125 0.01600006103515625
2 0.7830517578125 0.07685043334960938 0.017147216796875 0.019049835205078126
2 0.790284423828125 0.08147727966308593 0.017181396484375 0.01870574951171875
2 0.8026876831054688 0.08906219482421875 0.018125 0.018880462646484374
2 0.816875 0.09781265258789062 0.014749755859375 0.017211151123046876
2 0.8200634765625 0.11199996948242187 0.0203582763671875 0.012750091552734375
2 0.8072491455078125 0.12387489318847657 0.017744140625 0.012750091552734375
2 0.793494873046875 0.14613128662109376 0.016490478515625 0.012011871337890626
2 0.7844949340820313 0.15913101196289062 0.0164898681640625 0.01201171875
2 0.7762454223632812 0.1716307830810547 0.016490478515625 0.012011871337890626
2 0.7671246337890625 0.18656272888183595 0.0163116455078125 0.011374969482421875
2 0.7536251831054688 0.1980626678466797 0.016312255859375 0.011375274658203125
2 0.9714382934570313 0.21162498474121094 0.019124755859375 0.017665252685546876
2 0.94581298828125 0.33081275939941407 0.0158746337890625 0.016735992431640624
2 0.8905630493164063 0.40175010681152346 0.0148748779296875 0.015635833740234376
2 0.8796871948242188 0.39912498474121094 0.0148748779296875 0.015635833740234376
2 0.8733120727539062 0.3933747863769531 0.01487548828125 0.015636138916015625
2 0.865687255859375 0.38774986267089845 0.0148748779296875 0.015635833740234376
2 0.856312255859375 0.3840000152587891 0.0148748779296875 0.015635833740234376
2 0.8494378662109375 0.37625022888183596 0.0148748779296875 0.015635833740234376
2 0.8411874389648437 0.3689997100830078 0.0148748779296875 0.015635833740234376
2 0.8330624389648438 0.3625002288818359 0.0148748779296875 0.015635833740234376
2 0.8228121948242187 0.3572498321533203 0.0148748779296875 0.015635833740234376
2 0.7749722290039063 0.4147769927978516 0.0151947021484375 0.016445770263671874
2 0.7654727172851562 0.40652702331542967 0.0151953125 0.016445770263671874
2 0.7367498779296875 0.3871246337890625 0.0175 0.0189202880859375
2 0.7456256103515625 0.39400009155273436 0.0175 0.0189202880859375
2 0.7542037963867188 0.40037322998046876 0.0200921630859375 0.02200439453125
2 0.7118881225585938 0.4349003601074219 0.0172222900390625 0.01880035400390625
2 0.7006222534179688 0.42438583374023436 0.0160052490234375 0.01701507568359375
2 0.692247314453125 0.4180108642578125 0.0160052490234375 0.01701507568359375
2 0.6847470092773438 0.41276107788085936 0.0160052490234375 0.01701507568359375
2 0.6732473754882813 0.4022607421875 0.0160052490234375 0.01701507568359375
2 0.6639971923828125 0.3983863067626953 0.0160052490234375 0.017015228271484373
2 0.657249755859375 0.3937493133544922 0.0133282470703125 0.01400054931640625
2 0.6492425537109375 0.38682266235351564 0.014735107421875 0.015854949951171874
2 0.6398681640625 0.3830726623535156 0.014735107421875 0.015854949951171874
2 0.6843679809570312 0.3541977691650391 0.0147344970703125 0.015854949951171874
2 0.670242919921875 0.341822509765625 0.014735107421875 0.015854949951171874
2 0.6767431640625 0.3473226165771484 0.0147344970703125 0.015854949951171874
2 0.643355712890625 0.3265882110595703 0.0139605712890625 0.01517669677734375
2 0.6356057739257812 0.32233863830566406 0.0139605712890625 0.015176544189453125
2 0.629312744140625 0.31712539672851564 0.0129150390625 0.01399993896484375
2 0.594730224609375 0.29371353149414064 0.0139599609375 0.0151763916015625
2 0.6023553466796875 0.2982132720947266 0.0139605712890625 0.01517669677734375
2 0.6092306518554688 0.30271339416503906 0.0139605712890625 0.015176544189453125
2 0.6152499389648437 0.30875022888183595 0.0158856201171875 0.01750030517578125
2 0.6232217407226562 0.31324134826660155 0.013441162109375 0.01423248291015625
2 0.6286178588867187 0.37444725036621096 0.0147344970703125 0.015854949951171874
2 0.6176156616210937 0.38463951110839845 0.0125201416015625 0.014278717041015625
2 0.6101492309570312 0.3823284149169922 0.0147979736328125 0.01728302001953125
2 0.6199380493164063 0.3688126373291016 0.0161248779296875 0.017501983642578125
2 0.6031182861328125 0.3729477691650391 0.0147344970703125 0.015854949951171874
2 0.5968350219726563 0.3672453308105469 0.0139202880859375 0.01524078369140625
2 0.6157046508789062 0.3640857696533203 0.013408203125 0.014671478271484375
2 0.6115798950195312 0.35996078491210937 0.0134088134765625 0.014671478271484375
2 0.6043313598632812 0.3544763946533203 0.01441162109375 0.01545318603515625
2 0.5963958740234375 0.3498422241210937 0.0144580078125 0.0154339599609375
2 0.58902099609375 0.36371726989746095 0.0144580078125 0.015434112548828125
2 0.5809564208984375 0.35835166931152346 0.01441162109375 0.01545318603515625
2 0.5887710571289062 0.34496726989746096 0.0144580078125 0.015434112548828125
2 0.5807061767578126 0.3388515472412109 0.01441162109375 0.01545318603515625
2 0.5735211181640625 0.351842041015625 0.0144586181640625 0.015434417724609375
2 0.5675814819335937 0.3473514556884766 0.01441162109375 0.01545318603515625
2 0.5738961791992188 0.3344670104980469 0.0144580078125 0.0154339599609375
2 0.56027099609375 0.34246719360351563 0.0144586181640625 0.015434417724609375
2 0.5685809326171875 0.32735145568847657 0.01441162109375 0.01545318603515625
2 0.5537493896484375 0.33812484741210935 0.015250244140625 0.01615264892578125
2 0.546875 0.3347496032714844 0.015250244140625 0.01615264892578125
2 0.5404998779296875 0.3282501220703125 0.015250244140625 0.01615264892578125
2 0.5596881103515625 0.323499755859375 0.013375244140625 0.014730072021484375
2 0.5530621337890625 0.31924995422363284 0.013375244140625 0.014730224609375
2 0.5945626831054688 0.2563127899169922 0.018125 0.016017303466796876
2 0.5868133544921875 0.2621875762939453 0.019124755859375 0.015961456298828124
2 0.5813754272460937 0.2695000457763672 0.0179998779296875 0.0148419189453125
2 0.6412350463867188 0.4330217742919922 0.0141217041015625 0.015543670654296874
2 0.6306661987304687 0.4277281188964844 0.015916748046875 0.01779388427734375
2 0.620679931640625 0.4222845458984375 0.017889404296875 0.019930419921875
2 0.6129376220703125 0.4171251678466797 0.0146246337890625 0.015784454345703126
2 0.605438232421875 0.41225013732910154 0.0146246337890625 0.015784454345703126
2 0.5983242797851562 0.40772789001464843 0.0141009521484375 0.015216522216796875
2 0.5909378051757812 0.4052500915527344 0.0148748779296875 0.016764068603515626
2 0.58268798828125 0.39887535095214843 0.01487548828125 0.016764678955078126
2 0.5739498901367187 0.393092041015625 0.0143572998046875 0.0160662841796875
2 0.5582504272460938 0.3844376373291016 0.0152362060546875 0.017375030517578126
2 0.5475003051757813 0.3786873626708984 0.0152362060546875 0.017375030517578126
2 0.5414996337890625 0.3705625152587891 0.0152362060546875 0.017375030517578126
2 0.5341253662109375 0.36662490844726564 0.0142205810546875 0.015749969482421876
2 0.52550048828125 0.362874755859375 0.0142205810546875 0.015750274658203126
2 0.519749755859375 0.3570002746582031 0.0142205810546875 0.015749969482421876
2 0.5120205688476562 0.35334808349609376 0.0167864990234375 0.018554229736328125
2 0.5021249389648438 0.35050010681152344 0.0142205810546875 0.0157501220703125
2 0.49225067138671874 0.36487503051757814 0.0142205810546875 0.015749969482421876
2 0.50125 0.37074981689453124 0.0142205810546875 0.015749969482421876
2 0.5085000610351562 0.3756248474121094 0.0142205810546875 0.015749969482421876
2 0.5147402954101562 0.3799261474609375 0.0147296142578125 0.01660308837890625
2 0.5284902954101562 0.385926513671875 0.0147296142578125 0.01660308837890625
2 0.5352401733398438 0.3921761322021484 0.01472900390625 0.016602630615234374
2 0.5414898681640625 0.39792633056640625 0.01472900390625 0.01660247802734375
2 0.5494894409179687 0.3998011779785156 0.01472900390625 0.01660247802734375
2 0.5571151733398437 0.4046764373779297 0.01472900390625 0.016602630615234374
2 0.5645547485351563 0.40791107177734376 0.0166094970703125 0.018572845458984376
2 0.5722500610351563 0.41275047302246093 0.0141461181640625 0.015749969482421876
2 0.57987548828125 0.41800018310546877 0.0141461181640625 0.015749969482421876
2 0.5872500610351562 0.42350021362304685 0.0160491943359375 0.018000335693359376
2 0.5961245727539063 0.42825027465820314 0.0141461181640625 0.015749969482421876
2 0.5186685180664062 0.4276795959472656 0.0150860595703125 0.016358642578125
2 0.5127508544921875 0.4209378051757813 0.0144146728515625 0.016125030517578125
2 0.49867919921875 0.4181969451904297 0.016856689453125 0.0196435546875
2 0.4917510986328125 0.41081298828125 0.014415283203125 0.016125030517578125
2 0.4824993896484375 0.40949989318847657 0.013995361328125 0.016000213623046874
2 0.47774932861328123 0.3963123321533203 0.014774169921875 0.016374969482421876
2 0.469874267578125 0.3914373779296875 0.014774169921875 0.016374969482421876
2 0.4978753662109375 0.3239374542236328 0.0154998779296875 0.0169537353515625
2 0.453062744140625 0.4424375915527344 0.0146246337890625 0.016385650634765624
2 0.4447503662109375 0.43431251525878906 0.015 0.0171697998046875
2 0.6790261840820313 0.6931629943847656 0.020947265625 0.0178253173828125
2 0.6867501831054688 0.6821873474121094 0.02 0.01716339111328125
2 0.8301089477539062 0.7560250854492188 0.01503173828125 0.01629974365234375
2 0.8203750610351562 0.7519375610351563 0.01164794921875 0.01512481689453125
2 0.8135537719726562 0.7466777038574218 0.012357177734375 0.01435516357421875
2 0.8082504272460938 0.7425624084472656 0.0117333984375 0.01387481689453125
2 0.802938232421875 0.7400625610351562 0.01001220703125 0.010625
2 0.79043701171875 0.7488496398925781 0.0142718505859375 0.0166986083984375
2 0.711937255859375 0.7676875305175781 0.0101251220703125 0.0154803466796875
2 0.7990762329101563 0.79453369140625 0.0178466796875 0.01556793212890625
2 0.8040518188476562 0.7903706359863282 0.012396240234375 0.00999114990234375
2 0.8092501831054687 0.7855000305175781 0.0125 0.00992218017578125
2 0.7721878051757812 0.8310627746582031 0.018125 0.016263427734375
2 0.7821908569335938 0.7512625122070312 0.0091314697265625 0.010274658203125
2 0.9199090576171876 0.49026840209960937 0.01731689453125 0.01853668212890625
2 0.9276254272460938 0.49612472534179686 0.0145001220703125 0.0153729248046875
2 0.9375003051757812 0.5020622253417969 0.0182623291015625 0.019375
2 0.9446255493164063 0.5098123168945312 0.0170001220703125 0.0193878173828125
2 0.9653741455078125 0.7163746643066407 0.021500244140625 0.01680999755859375
2 0.94112548828125 0.7521249389648438 0.018499755859375 0.0159759521484375
2 0.8795001220703125 0.9132501220703125 0.021500244140625 0.02002655029296875
2 0.6796881103515625 0.9806875610351562 0.020374755859375 0.020526123046875
2 0.62168701171875 0.8733125305175782 0.0173748779296875 0.014197998046875
2 0.6265386962890624 0.8644569396972657 0.0158270263671875 0.01233612060546875
2 0.6378326416015625 0.8478395080566407 0.015914306640625 0.01333160400390625
2 0.6427444458007813 0.8398237609863282 0.01728515625 0.0141473388671875
2 0.6546414184570313 0.831533203125 0.017215576171875 0.01481658935546875
2 0.6793756103515625 0.8125003051757812 0.0162335205078125 0.0175006103515625
2 0.62989013671875 0.7999404907226563 0.0102783203125 0.0121307373046875
2 0.6463125610351562 0.7966249084472656 0.019124755859375 0.01522216796875
2 0.389337158203125 0.7452810668945312 0.018173828125 0.01956268310546875
2 0.40446685791015624 0.752698974609375 0.0144329833984375 0.0161474609375
2 0.42024993896484375 0.7622499084472656 0.0142498779296875 0.01608795166015625
2 0.435250244140625 0.7778126525878907 0.0158099365234375 0.01712493896484375
2 0.42662506103515624 0.7678126525878907 0.0158502197265625 0.0163751220703125
2 0.4696881103515625 0.7956878662109375 0.015625 0.01761566162109375
2 0.47718841552734376 0.8026878356933593 0.0161248779296875 0.01898406982421875
2 0.48406646728515623 0.805118408203125 0.0141168212890625 0.01676300048828125
2 0.489500732421875 0.8115626525878906 0.015 0.0184844970703125
2 0.49806243896484376 0.8135623168945313 0.0136248779296875 0.0162249755859375
2 0.5048129272460937 0.8211250305175781 0.0171490478515625 0.01949981689453125
2 0.4919598388671875 0.6690927124023438 0.0185809326171875 0.01693603515625
2 0.48845855712890623 0.6788137817382812 0.0208319091796875 0.01687774658203125
2 0.34462310791015627 0.3690451049804688 0.0147296142578125 0.01660308837890625
2 0.32684234619140623 0.3544486999511719 0.0147296142578125 0.01660308837890625
2 0.3594854736328125 0.378466796875 0.0147296142578125 0.01660308837890625
2 0.4026116943359375 0.41044662475585936 0.0147296142578125 0.01660308837890625
