2 0.8770684814453125 0.2628731918334961 0.0183648681640625 0.021744918823242188
2 0.8448916625976562 0.2782388687133789 0.017291259765625 0.017790298461914062
2 0.8572463989257812 0.290474967956543 0.0102947998046875 0.016702308654785156
2 0.8361788940429687 0.3064301109313965 0.017181396484375 0.01734272003173828
2 0.943499755859375 0.24620960235595704 0.0103985595703125 0.013717193603515625
2 0.937142333984375 0.09042481422424316 0.0118243408203125 0.021124725341796876
2 0.785291748046875 0.3657476806640625 0.0197625732421875 0.009510116577148437
2 0.768809814453125 0.4136872482299805 0.0203582763671875 0.008804702758789062
2 0.8605764770507812 0.48151927947998047 0.0177740478515625 0.007612457275390625
2 0.8314117431640625 0.5528297805786133 0.0140771484375 0.012810134887695312
2 0.8500668334960938 0.5760007476806641 0.015155029296875 0.010859756469726563
2 0.8723876953125 0.6168435287475585 0.015496826171875 0.013302993774414063
2 0.885443115234375 0.6376270961761474 0.0133990478515625 0.011832313537597656
2 0.9076174926757813 0.6057897567749023 0.0144073486328125 0.006671524047851563
2 0.9372332763671875 0.6494862365722657 0.0120068359375 0.006282958984375
2 0.9516412353515625 0.6754269409179687 0.013128662109375 0.01600860595703125
2 0.949439697265625 0.7286552429199219 0.0170538330078125 0.013607177734375
2 0.9736444091796875 0.7864527893066406 0.0164837646484375 0.013940887451171875
2 0.9955978393554688 0.8135004425048828 0.017774658203125 0.01414093017578125
