2 0.40651046752929687 0.3656729507446289 0.012892303466796875 0.01797828674316406
2 0.4387838363647461 0.3048721885681152 0.012850341796875 0.019448699951171874
2 0.47843639373779295 0.25577322006225583 0.01407073974609375 0.018615913391113282
2 0.42144783020019533 0.2607698822021484 0.020916213989257814 0.01864776611328125
2 0.4007069396972656 0.20533416748046876 0.010318450927734375 0.01638816833496094
2 0.3936375427246094 0.18123395919799803 0.00850433349609375 0.016066818237304686
2 0.5186376190185547 0.1603470802307129 0.012148666381835937 0.018958892822265625
2 0.4010283279418945 0.16396209716796875 0.015011444091796874 0.017834243774414064
2 0.41532779693603517 0.1449229049682617 0.014624710083007813 0.016388187408447264
2 0.47686378479003905 0.11576158523559571 0.02130805969238281 0.008836765289306641
2 0.46987472534179686 0.13391709327697754 0.0189892578125 0.008836765289306641
2 0.4591902923583984 0.15151029586791992 0.017879257202148436 0.009961433410644531
3 0.5658005523681641 0.047963347434997555 0.022319183349609376 0.03646403312683105
2 0.5785688400268555 0.06554744243621827 0.011270065307617188 0.015434646606445312
2 0.44460124969482423 0.08332283973693848 0.017488555908203127 0.01433208465576172
2 0.4512371826171875 0.07109577178955079 0.01769172668457031 0.014942169189453125
2 0.46481880187988284 0.0494612455368042 0.016077117919921877 0.013125524520874024
2 0.5050610733032227 0.06531169414520263 0.01510894775390625 0.012050123214721679
2 0.5167095184326171 0.04137210369110107 0.015528793334960938 0.012371463775634766
2 0.5203244781494141 0.034383004307746885 0.0196246337890625 0.01574549913406372
2 0.5262693405151367 0.027795653343200683 0.015708770751953125 0.012532143592834473
2 0.5289202880859375 0.019360578060150145 0.015705947875976563 0.013335490226745605
2 0.5310649490356445 0.011610032320022582 0.014669570922851562 0.015186655521392822
2 0.019444868564605713 0.051251769065856934 0.016380181312561037 0.010928316116333008
2 0.03708901226520538 0.050767130851745605 0.011838705539703369 0.0089892578125
2 0.021288556754589082 0.05832262516021729 0.016548844575881957 0.01242945671081543
2 0.025224933624267577 0.06675771236419678 0.01645713806152344 0.013656816482543944
2 0.040900287628173826 0.06076599597930908 0.015243120193481445 0.011501426696777345
2 0.03454370498657226 0.07567481040954589 0.016709518432617188 0.013287105560302735
2 0.05318122386932373 0.05189589023590088 0.011949596405029296 0.01831620216369629
2 0.06394602775573731 0.03928341865539551 0.008741321563720704 0.013978147506713867
2 0.10973649978637695 0.3223811340332031 0.018656539916992187 0.01783416748046875
2 0.24719688415527344 0.30619977951049804 0.00721282958984375 0.01696258544921875
2 0.025546293556690216 0.39371791839599607 0.01448898196220398 0.014299545288085937
2 0.09085796356201171 0.40729442596435544 0.016748790740966798 0.009318771362304688
2 0.07117611408233643 0.4767031478881836 0.012410478591918945 0.014138870239257813
2 0.06370499610900879 0.47252574920654294 0.012924842834472657 0.015745468139648437
2 0.06215826511383057 0.5027078628540039 0.009038267135620117 0.0161138916015625
2 0.010202443711459636 0.294344482421875 0.016578034907579423 0.01446014404296875
2 0.02080655366182327 0.30767992019653323 0.016578038930892946 0.01446014404296875
2 0.015906170755624772 0.30157453536987305 0.014989768862724304 0.013174781799316406
2 0.025706906616687775 0.3144280624389648 0.014989813566207886 0.013174819946289062
2 0.031651692390441896 0.3200514221191406 0.014989805221557618 0.013174819946289062
2 0.03663240909576416 0.3269601821899414 0.014989776611328125 0.013174819946289062
2 0.04884320259094238 0.3401349639892578 0.014989795684814454 0.013174819946289062
2 0.043219804763793945 0.33515426635742185 0.014989757537841797 0.01317474365234375
2 0.05237792015075684 0.3464010238647461 0.014989795684814454 0.013174819946289062
2 0.06630200862884522 0.33465057373046875 0.008889341354370117 0.011932754516601562
2 0.01052378535270691 0.7839813995361328 0.012450556755065918 0.015584716796875
2 0.0173593807220459 0.7915469360351562 0.013189172744750977 0.01689849853515625
2 0.023778929710388183 0.8055110168457031 0.012025184631347656 0.015263519287109374
2 0.0617322301864624 0.8161977386474609 0.014852666854858398 0.011439208984375
2 0.12396430969238281 0.883969497680664 0.01116607666015625 0.0158013916015625
2 0.05787619590759277 0.8240705871582031 0.014852657318115234 0.011439208984375
2 0.052252798080444335 0.831943359375 0.014852657318115234 0.011439208984375
2 0.04968215465545654 0.8385305786132813 0.014852666854858398 0.011439208984375
2 0.04454073905944824 0.8443148803710937 0.014852657318115234 0.011439208984375
2 0.04229134082794189 0.8520268249511719 0.014852628707885743 0.011439056396484374
2 0.021886491775512697 0.8876951599121093 0.014852657318115234 0.011439208984375
2 0.01883378267288208 0.8970139312744141 0.014852662086486817 0.011439208984375
2 0.01337102174758911 0.9076180267333984 0.014852662086486817 0.011439208984375
2 0.04748735427856445 0.9256130218505859 0.014852628707885743 0.011439056396484374
2 0.05150403022766113 0.9188648986816407 0.014852657318115234 0.011439208984375
2 0.0576094913482666 0.909224853515625 0.014852657318115234 0.011439208984375
2 0.07897843956947327 0.8695397186279297 0.014852666854858398 0.011439208984375
2 0.08395901679992676 0.862791748046875 0.014852657318115234 0.011439208984375
2 0.09118921279907227 0.8454395294189453 0.014852657318115234 0.011439208984375
2 0.01117631196975708 0.992290267944336 0.014852662086486817 0.011439208984375
2 0.09392054557800293 0.83869140625 0.014852657318115234 0.011439208984375
2 0.08813647270202636 0.8537941741943359 0.014852619171142578 0.011439208984375
2 0.2078245162963867 0.7112789916992187 0.011991844177246094 0.018316192626953123
2 0.2981451606750488 0.6945989990234375 0.011678810119628907 0.015364990234375
