2 0.162950439453125 0.9727194213867187 0.02662109375 0.020205078125
2 0.1796875 0.9334869384765625 0.027197265625 0.021929931640625
2 0.275218505859375 0.9334866333007813 0.026368408203125 0.0202850341796875
5 0.101292724609375 0.10502151489257812 0.0808203125 0.05641937255859375
5 0.09469268798828125 0.09060882568359375 0.0800103759765625 0.0556634521484375
5 0.0846783447265625 0.07758529663085938 0.081533203125 0.05504058837890625
5 0.08895599365234375 0.05719024658203125 0.0793121337890625 0.05196563720703125
5 0.08961181640625 0.03531509399414062 0.081702880859375 0.05832427978515625
5 0.17330810546875 0.12158294677734376 0.073236083984375 0.0660479736328125
5 0.15802490234375 0.10984745025634765 0.073236083984375 0.06604843139648438
5 0.1093072509765625 0.178624267578125 0.0723919677734375 0.0671392822265625
5 0.0964794921875 0.16770751953125 0.0723919677734375 0.0671392822265625
3 0.3803341674804688 0.132296142578125 0.0310430908203125 0.0348577880859375
3 0.39022064208984375 0.14797943115234374 0.02677001953125 0.034088134765625
5 0.43505126953125 0.029458847045898438 0.0527392578125 0.06301513671875
5 0.6492620849609375 0.060506591796875 0.0680377197265625 0.04886474609375
3 0.6746981811523437 0.02794189453125 0.03509765625 0.0181884765625
2 0.67233642578125 0.046002197265625 0.022415771484375 0.02004852294921875
2 0.6958984375 0.06240829467773437 0.0273455810546875 0.02256805419921875
2 0.8774075317382812 0.6834075927734375 0.0237213134765625 0.0300079345703125
5 0.9246307373046875 0.7092074584960938 0.0589385986328125 0.08176513671875
5 0.972822265625 0.7746707153320312 0.058077392578125 0.0825933837890625
2 0.8599246215820312 0.6775732421875 0.0233270263671875 0.0286505126953125
5 0.95235107421875 0.761954345703125 0.058077392578125 0.0825933837890625
