2 0.06843719482421876 0.9738751220703125 0.012183837890625 0.0132501220703125
2 0.07593780517578125 0.9645001220703125 0.012183837890625 0.0132501220703125
2 0.0714373779296875 0.9613751220703125 0.012183837890625 0.0132501220703125
2 0.07881256103515626 0.9817498779296875 0.0121826171875 0.01324951171875
2 0.095562744140625 0.978875732421875 0.012183837890625 0.0132501220703125
2 0.11143768310546875 0.9932501220703125 0.012183837890625 0.0132501220703125
2 0.1170623779296875 0.9970001220703125 0.012183837890625 0.0132501220703125
2 0.0304376220703125 0.979375 0.012183837890625 0.0132501220703125
2 0.03668792724609375 0.9841253662109375 0.012183837890625 0.0132501220703125
2 0.025687255859375 0.975625 0.012183837890625 0.0132501220703125
2 0.19503326416015626 0.944871826171875 0.0121826171875 0.01324951171875
2 0.19953338623046876 0.9519970703125 0.012183837890625 0.0132501220703125
2 0.20553314208984375 0.9541220092773437 0.012183837890625 0.0132501220703125
2 0.24653350830078125 0.8567474365234375 0.012183837890625 0.0132501220703125
2 0.22765777587890626 0.8422467041015625 0.012183837890625 0.0132501220703125
2 0.22203338623046875 0.8387469482421875 0.012183837890625 0.0132501220703125
2 0.25240875244140626 0.8602471923828126 0.012183837890625 0.0132501220703125
2 0.2575338745117188 0.8647470092773437 0.012183837890625 0.0132501220703125
2 0.08024993896484375 0.9007501220703125 0.0146435546875 0.01300048828125
2 0.08524993896484374 0.8945001220703125 0.0146435546875 0.01300048828125
5 0.0411297607421875 0.39523773193359374 0.0325439453125 0.0287420654296875
5 0.04925537109375 0.3865701293945312 0.0325433349609375 0.0287420654296875
