2 0.04145189762115478 0.1067439842224121 0.026670913696289062 0.014175262451171875
2 0.197296142578125 0.6672962188720704 0.028947181701660156 0.01162750244140625
2 0.43490962982177733 0.1928519630432129 0.013289947509765625 0.027456512451171877
2 0.6376942443847656 0.19913150787353515 0.01155303955078125 0.027128944396972655
2 0.6157792282104492 0.17315908432006835 0.011627349853515625 0.028252296447753907
2 0.6376942443847656 0.23091846466064453 0.01155303955078125 0.027128944396972655
2 0.27112096786499024 0.3067958831787109 0.022190971374511717 0.02730171203613281
2 0.28718755722045897 0.3105191421508789 0.017544822692871095 0.027587203979492186
7 0.3899132919311523 0.34673011779785157 0.05989540100097656 0.04069610595703125
2 0.5066450119018555 0.6352918148040771 0.013290023803710938 0.02745655059814453
2 0.4836843490600586 0.6365235519409179 0.012042083740234376 0.03365398406982422
2 0.4808718490600586 0.7315117645263672 0.013290023803710938 0.027456512451171877
2 0.23919254302978515 0.7366051483154297 0.0118902587890625 0.02561553955078125
2 0.10438144683837891 0.6338058948516846 0.010373382568359376 0.02878009796142578
7 0.44788055419921874 0.8264557647705079 0.0431207275390625 0.05756973266601562
7 0.5042845153808594 0.8918647003173829 0.030226974487304686 0.06678619384765624
7 0.6534170532226562 0.8918995666503906 0.0693341064453125 0.05026275634765625
7 0.9039712524414063 0.9196381378173828 0.05555755615234375 0.0362237548828125
2 0.6778246307373047 0.7423088073730468 0.01372467041015625 0.03186843872070313
2 0.6935136413574219 0.7433418273925781 0.012542724609375 0.028780059814453127
2 0.6573567962646485 0.1908900833129883 0.02549224853515625 0.026110076904296876
2 0.9018695831298829 0.19870197296142578 0.01155303955078125 0.027128944396972655
2 0.9156151580810546 0.19870197296142578 0.01155303955078125 0.027128982543945312
7 0.7432447052001954 0.9122583770751953 0.06137649536132812 0.04951675415039063
