7 0.027242431640625 0.965639877319336 0.0295635986328125 0.05863815307617187
2 0.1812628173828125 0.9743019104003906 0.01032684326171875 0.028500518798828124
2 0.15249130249023438 0.9070016479492188 0.02636749267578125 0.012457122802734375
2 0.5429469299316406 0.7612433624267578 0.0103265380859375 0.028500518798828124
2 0.5401632690429687 0.6533505249023438 0.0098797607421875 0.02319580078125
2 0.526636962890625 0.6575028228759766 0.00944091796875 0.027204742431640627
2 0.09850616455078125 0.29500560760498046 0.02893341064453125 0.02385993957519531
2 0.19372848510742188 0.33762889862060547 0.0220928955078125 0.027491455078125
2 0.14647781372070312 0.33827316284179687 0.012027587890625 0.027770309448242186
2 0.12607406616210937 0.33419243812561034 0.01424835205078125 0.03350522994995117
2 0.9138749694824219 0.20446739196777344 0.011597900390625 0.026010665893554687
2 0.9560806274414062 0.38037158966064455 0.02212646484375 0.011602096557617188
2 0.9508160400390625 0.36404636383056643 0.031357421875 0.013394775390625
2 0.9289089965820313 0.45060138702392577 0.011597900390625 0.026010589599609377
2 0.9282644653320312 0.551116828918457 0.011168212890625 0.03608245849609375
2 0.7212199401855469 0.6625859832763672 0.0154638671875 0.0286944580078125
2 0.6996403503417968 0.6667575073242188 0.01783782958984375 0.03676025390625
2 0.6700971984863281 0.961637191772461 0.02750396728515625 0.02293060302734375
2 0.7411943054199219 0.9600515747070313 0.02362548828125 0.028678131103515626
2 0.6769699096679688 0.9491800689697265 0.02750396728515625 0.02293060302734375
2 0.6597879028320313 0.9753830718994141 0.02750396728515625 0.02293060302734375
7 0.2694708251953125 0.5483740615844727 0.05127197265625 0.03169235229492187
7 0.5906901550292969 0.5206987762451172 0.0623699951171875 0.03435249328613281
7 0.6755795288085937 0.31975421905517576 0.05307586669921875 0.03706192016601562
