2 0.1242803955078125 0.8544647216796875 0.02377593994140625 0.0354864501953125
2 0.13981964111328124 0.8649057006835937 0.02061614990234375 0.0309283447265625
2 0.5723417663574218 0.5948678588867188 0.0166766357421875 0.0280474853515625
2 0.0837628173828125 0.18835968017578125 0.02065582275390625 0.0249139404296875
2 0.06915817260742188 0.161727294921875 0.02065582275390625 0.0249139404296875
2 0.43298675537109377 0.21078277587890626 0.0274859619140625 0.0221630859375
2 0.3715602111816406 0.20605743408203125 0.02748565673828125 0.0221630859375
2 0.4278350830078125 0.25064453125 0.02065582275390625 0.0249139404296875
2 0.2712982177734375 0.33336669921875 0.0231219482421875 0.023692626953125
2 0.8890890502929687 0.2817437744140625 0.0293817138671875 0.0194158935546875
2 0.6900395202636719 0.6236480712890625 0.01667633056640625 0.028046875
2 0.5500048828125 0.5914315795898437 0.0166766357421875 0.0280474853515625
2 0.603233642578125 0.5789312744140624 0.026351318359375 0.0172662353515625
2 0.6342355346679688 0.5814004516601563 0.02620269775390625 0.015509033203125
7 0.7763920593261718 0.7471041870117188 0.02656707763671875 0.0533319091796875
7 0.081317138671875 0.9437423706054687 0.0248291015625 0.0232403564453125
