7 0.09911041259765625 0.35475677490234375 0.0472247314453125 0.0667010498046875
7 0.1520489501953125 0.57455078125 0.0245111083984375 0.053184814453125
2 0.8169927978515625 0.01093505859375 0.0116351318359375 0.022105255126953126
2 0.8155068969726562 0.09856536865234375 0.0103094482421875 0.0292095947265625
2 0.8180841064453125 0.2579296875 0.010308837890625 0.0292095947265625
2 0.8533074951171875 0.2983074951171875 0.0103094482421875 0.0292095947265625
2 0.35592071533203123 0.1928387451171875 0.023983154296875 0.01763916015625
2 0.8193728637695312 0.46755157470703124 0.0103094482421875 0.0292095947265625
2 0.81980224609375 0.5010568237304688 0.010308837890625 0.0292095947265625
2 0.871778564453125 0.6017868041992187 0.010308837890625 0.03908935546875
2 0.8191580200195312 0.589329833984375 0.011597900390625 0.026202392578125
2 0.8219491577148438 0.6648422241210937 0.012025146484375 0.028099365234375
2 0.42051727294921876 0.40859130859375 0.0245709228515625 0.0113916015625
2 0.44780914306640623 0.5835305786132813 0.025772705078125 0.0103094482421875
2 0.29339752197265623 0.47820709228515623 0.01076416015625 0.0267987060546875
2 0.38488006591796875 0.8232223510742187 0.0304986572265625 0.0112017822265625
2 0.9789837646484375 0.46426605224609374 0.0245672607421875 0.01258544921875
2 0.8739126586914062 0.5134149169921876 0.0111968994140625 0.0233953857421875
2 0.9529638671875 0.3928094482421875 0.0103094482421875 0.02319580078125
2 0.9280426025390625 0.3978515625 0.012012939453125 0.0277154541015625
2 0.9394329833984375 0.7847763061523437 0.011597900390625 0.0262030029296875
2 0.9314837646484375 0.095255126953125 0.011171875 0.0263787841796875
