5 0.06587005615234375 0.5098988342285157 0.0588232421875 0.04982940673828125
5 0.101292724609375 0.9100215148925781 0.0808203125 0.05641937255859375
5 0.09469268798828125 0.8956088256835938 0.0800103759765625 0.0556634521484375
5 0.0846783447265625 0.8825852966308594 0.081533203125 0.05504058837890625
5 0.08895599365234375 0.8621902465820312 0.0793121337890625 0.05196563720703125
5 0.08961181640625 0.8403150939941406 0.081702880859375 0.05832427978515625
5 0.0626348876953125 0.8037446594238281 0.0751617431640625 0.05956390380859375
5 0.12916015625 0.7505474853515625 0.074114990234375 0.055478515625
5 0.21161041259765626 0.7566001892089844 0.07732666015625 0.0638470458984375
5 0.22265625 0.7378768920898438 0.0782415771484375 0.06142242431640625
5 0.22206451416015624 0.7124748229980469 0.081195068359375 0.0634197998046875
5 0.23841552734375 0.6970632934570312 0.0695037841796875 0.0527203369140625
5 0.2591464233398437 0.6837178039550781 0.083538818359375 0.05493499755859375
5 0.2738385009765625 0.6657449340820313 0.078387451171875 0.05105316162109375
5 0.28299774169921876 0.6503890991210938 0.078387451171875 0.05105316162109375
5 0.3010125732421875 0.6373817443847656 0.0788555908203125 0.0495904541015625
5 0.31209625244140626 0.6193428039550781 0.0805499267578125 0.053309326171875
5 0.32968109130859374 0.6037115478515624 0.0790826416015625 0.05107086181640625
5 0.17330810546875 0.9265829467773438 0.073236083984375 0.0660479736328125
5 0.15802490234375 0.9148474502563476 0.073236083984375 0.06604843139648438
5 0.1093072509765625 0.983624267578125 0.0723919677734375 0.0671392822265625
5 0.0964794921875 0.97270751953125 0.0723919677734375 0.0671392822265625
3 0.3803341674804688 0.937296142578125 0.0310430908203125 0.0348577880859375
3 0.39022064208984375 0.9529794311523437 0.02677001953125 0.034088134765625
5 0.43505126953125 0.8307106018066406 0.0527392578125 0.07460906982421875
5 0.3870941162109375 0.8121723937988281 0.0613983154296875 0.08449615478515625
3 0.5161294555664062 0.6794358825683594 0.02324462890625 0.03095672607421875
5 0.44031829833984376 0.5305183410644532 0.0456243896484375 0.0804864501953125
5 0.46461334228515627 0.5217459106445312 0.0399395751953125 0.06609100341796875
2 0.5803579711914062 0.7259031677246094 0.0212451171875 0.02340362548828125
5 0.6492620849609375 0.865506591796875 0.0680377197265625 0.04886474609375
3 0.6746981811523437 0.83294189453125 0.03509765625 0.0181884765625
2 0.67233642578125 0.851002197265625 0.022415771484375 0.02004852294921875
2 0.6958984375 0.8674082946777344 0.0273455810546875 0.02256805419921875
2 0.8044540405273437 0.75 0.0186138916015625 0.00862060546875
5 0.06938751220703125 0.41175323486328125 0.08009033203125 0.0537823486328125
5 0.22429718017578126 0.31722747802734375 0.0376702880859375 0.05693756103515625
