0 0.06385482788085937 0.6786900329589843 0.02629852294921875 0.03198455810546875
0 0.06276992797851562 0.7155665588378907 0.026298828125 0.03198455810546875
0 0.06363189697265625 0.7535061645507812 0.025311279296875 0.031942138671875
0 0.1699224853515625 0.6805670166015625 0.025311279296875 0.031942138671875
0 0.16992279052734374 0.7559469604492187 0.025311279296875 0.031942138671875
0 0.16747482299804686 0.7925547790527344 0.02436492919921875 0.0316259765625
0 0.1691015625 0.8310581970214844 0.02436492919921875 0.0316259765625
0 0.16638458251953125 0.8679501342773438 0.024063720703125 0.03036865234375
0 0.05765350341796875 0.9042840576171876 0.024063720703125 0.03036865234375
0 0.8953105163574219 0.7421743774414062 0.0311126708984375 0.02740631103515625
2 0.7381088256835937 0.8993365478515625 0.00734893798828125 0.0199114990234375
