2 0.11834197998046875 0.8238832092285157 0.0094500732421875 0.0330755615234375
2 0.2525890350341797 0.8315542602539062 0.01071563720703125 0.02779937744140625
7 0.053264617919921875 0.5674398803710937 0.0528350830078125 0.03221649169921875
7 0.15204872131347658 0.5014704895019532 0.05894546508789063 0.03687835693359375
7 0.3032646179199219 0.5689431762695313 0.043384857177734375 0.0249139404296875
7 0.29843055725097656 0.47492429733276365 0.048480072021484376 0.06776313781738282
7 0.37862281799316405 0.4568528747558594 0.05999740600585937 0.07454010009765626
2 0.16658180236816406 0.37107124328613283 0.01486480712890625 0.03148284912109375
2 0.14411514282226562 0.37478530883789063 0.011189422607421874 0.0292095947265625
2 0.2209632110595703 0.30306015014648435 0.031011810302734377 0.024033966064453124
7 0.09147125244140625 0.10713813781738281 0.05555755615234375 0.0362237548828125
7 0.7010536193847656 0.09847526550292969 0.05107147216796875 0.05673202514648437
7 0.839742431640625 0.15313987731933593 0.0295635986328125 0.05863815307617187
7 0.83958740234375 0.2446265411376953 0.04462310791015625 0.06751205444335938
7 0.8319737243652344 0.35287391662597656 0.05297698974609375 0.06457015991210938
2 0.5356529235839844 0.31529205322265624 0.0133160400390625 0.03651214599609375
7 0.7221070861816407 0.5011851501464843 0.0368218994140625 0.0581231689453125
2 0.5354380798339844 0.47121974945068357 0.012945556640625 0.027061843872070314
7 0.6945877075195312 0.5612113952636719 0.0648626708984375 0.02835052490234375
2 0.6746134948730469 0.7134881591796876 0.02577301025390625 0.01259185791015625
2 0.6488401794433594 0.7160653686523437 0.02577301025390625 0.01259246826171875
2 0.33354820251464845 0.78994873046875 0.025773162841796874 0.01259185791015625
2 0.3726374053955078 0.7886598205566406 0.025773162841796874 0.01259185791015625
2 0.38380592346191406 0.7401203918457031 0.025773162841796874 0.01259185791015625
2 0.35051544189453127 0.7025343322753906 0.011597900390625 0.02319580078125
2 0.4193629455566406 0.7897309875488281 0.0238629150390625 0.016328125
2 0.6688143920898437 0.8026202392578125 0.011597900390625 0.02319580078125
2 0.7014602661132813 0.7663227844238282 0.03565277099609375 0.01422576904296875
7 0.6949549865722656 0.9354524230957031 0.058603515625 0.03424163818359375
7 0.8319575500488281 0.8493486022949219 0.04947509765625 0.05022735595703125
2 0.9718643188476562 0.9619842529296875 0.029210205078125 0.01117645263671875
2 0.9964225769042969 0.5772293090820313 0.01273895263671875 0.02859893798828125
2 0.9948712158203125 0.512213134765625 0.01412353515625 0.02743255615234375
2 0.9941926574707032 0.39955619812011717 0.010325927734375 0.029782562255859374
2 0.9611167907714844 0.35933006286621094 0.0240716552734375 0.01218109130859375
2 0.9937628173828125 0.16180191040039063 0.01032684326171875 0.028500518798828124
2 0.9649913024902343 0.09450164794921875 0.02636749267578125 0.012457122802734375
2 0.9597611999511719 0.20662872314453126 0.03193817138671875 0.01162506103515625
7 0.22718292236328125 0.9355317687988282 0.05675689697265625 0.05918670654296875
7 0.7768011474609375 0.023316879272460938 0.025943603515625 0.046633758544921876
