2 0.15143753051757813 0.5938749694824219 0.01837493896484375 0.016530227661132813
2 0.09318756103515625 0.5819375228881836 0.01912506103515625 0.020243148803710937
2 0.13328567504882813 0.63083984375 0.01657135009765625 0.01732025146484375
2 0.2382678985595703 0.7166506958007812 0.01553558349609375 0.0166986083984375
2 0.295758056640625 0.7570159149169922 0.015484161376953125 0.0182818603515625
2 0.2886874389648437 0.7498124694824219 0.01662506103515625 0.01824462890625
2 0.3905765533447266 0.7853349304199219 0.016596832275390626 0.01566986083984375
2 0.03181243896484375 0.8728125762939453 0.01537506103515625 0.01466552734375
2 0.7283247375488281 0.996174087524414 0.02020233154296875 0.022569732666015627
2 0.7484797668457032 0.9861356353759766 0.0174432373046875 0.018469390869140626
2 0.5939376831054688 0.5171875 0.0162451171875 0.01712516784667969
2 0.7763125610351562 0.6828125 0.0148748779296875 0.010225830078125
2 0.8636288452148437 0.7107950592041016 0.014742431640625 0.015659942626953124
2 0.8545172119140625 0.7062942504882812 0.0169659423828125 0.01691162109375
3 0.8782498168945313 0.700875015258789 0.0165771484375 0.0195001220703125
2 0.9476251220703125 0.7999375152587891 0.0129998779296875 0.011389312744140625
2 0.958125 0.8950000762939453 0.01843109130859375 0.019499969482421876
2 0.9520094299316406 0.9762979888916016 0.01726959228515625 0.01840423583984375
