7 0.09911041259765625 0.40975677490234375 0.0472247314453125 0.0667010498046875
7 0.1520489501953125 0.62955078125 0.0245111083984375 0.053184814453125
2 0.8169927978515625 0.06269485473632813 0.0116351318359375 0.02882080078125
2 0.8155068969726562 0.15356536865234374 0.0103094482421875 0.0292095947265625
2 0.8180841064453125 0.3129296875 0.010308837890625 0.0292095947265625
2 0.8533074951171875 0.3533074951171875 0.0103094482421875 0.0292095947265625
2 0.35592071533203123 0.2478387451171875 0.023983154296875 0.01763916015625
2 0.8193728637695312 0.5225515747070313 0.0103094482421875 0.0292095947265625
2 0.81980224609375 0.5560568237304687 0.010308837890625 0.0292095947265625
2 0.871778564453125 0.6567868041992188 0.010308837890625 0.03908935546875
2 0.8191580200195312 0.644329833984375 0.011597900390625 0.026202392578125
2 0.8219491577148438 0.7198422241210938 0.012025146484375 0.028099365234375
2 0.42051727294921876 0.46359130859375 0.0245709228515625 0.0113916015625
2 0.44780914306640623 0.6385305786132812 0.025772705078125 0.0103094482421875
2 0.29339752197265623 0.5332070922851563 0.01076416015625 0.0267987060546875
2 0.38488006591796875 0.8782223510742188 0.0304986572265625 0.0112017822265625
2 0.9789837646484375 0.5192660522460938 0.0245672607421875 0.01258544921875
2 0.8739126586914062 0.5684149169921875 0.0111968994140625 0.0233953857421875
2 0.9529638671875 0.4478094482421875 0.0103094482421875 0.02319580078125
2 0.9280426025390625 0.4528515625 0.012012939453125 0.0277154541015625
2 0.9394329833984375 0.8397763061523438 0.011597900390625 0.0262030029296875
2 0.9314837646484375 0.150255126953125 0.011171875 0.0263787841796875
7 0.5846875 0.04931243896484375 0.049385986328125 0.0461248779296875
