2 0.009978179931640624 0.0662005615234375 0.021929779052734376 0.0190325927734375
2 0.031970672607421875 0.03301025390625 0.0283056640625 0.018824005126953126
2 0.10635986328125 0.03645820617675781 0.03015350341796875 0.020569915771484374
2 0.10104949951171875 0.005317935943603516 0.0283056640625 0.013365249633789062
2 0.03492843627929688 0.1608319854736328 0.01238037109375 0.02921295166015625
3 0.07072357177734374 0.7733003234863282 0.08497802734375 0.04839202880859375
2 0.20202911376953125 0.8077030944824218 0.0296051025390625 0.0164501953125
2 0.4683624267578125 0.797877197265625 0.027734375 0.02208587646484375
2 0.3965435791015625 0.8343359375 0.027734375 0.022086181640625
2 0.39898529052734377 0.6803727722167969 0.0320721435546875 0.0188690185546875
2 0.543448486328125 0.678179931640625 0.029879150390625 0.015135498046875
2 0.188870849609375 0.014117431640625 0.0261248779296875 0.01781829833984375
2 0.5481082153320312 0.008368949890136718 0.0265899658203125 0.019221343994140626
2 0.7721914672851562 0.6390507507324219 0.0290826416015625 0.02124053955078125
3 0.887830810546875 0.6460662841796875 0.1212689208984375 0.03133209228515625
2 0.947779541015625 0.6185578918457031 0.02439697265625 0.01408172607421875
2 0.14345489501953124 0.7627842712402344 0.0320721435546875 0.0188690185546875
2 0.6368173217773437 0.6455276489257813 0.0320721435546875 0.0188690185546875
2 0.7041970825195313 0.6394265747070312 0.0285546875 0.01784881591796875
2 0.7753768920898437 0.9008848571777344 0.0285546875 0.0178485107421875
