2 0.4711529541015625 0.13678658485412598 0.026851806640625 0.03163776397705078
2 0.4585919189453125 0.12422457695007325 0.02484375 0.028846168518066408
3 0.4953472900390625 0.15322593688964845 0.0268505859375 0.03163772583007812
3 0.508065185546875 0.16222114562988282 0.0268505859375 0.03163772583007812
2 0.580323486328125 0.21068565368652345 0.02235595703125 0.025279083251953126
2 0.638948974609375 0.09996077537536621 0.01739013671875 0.020303001403808595
3 0.4875946044921875 0.42292198181152346 0.024193115234375 0.031236419677734373
3 0.5069781494140625 0.4385856246948242 0.02636474609375 0.03253952026367188
3 0.5221771240234375 0.44944164276123044 0.02636474609375 0.03253952026367188
3 0.4711767578125 0.4099153137207031 0.02486083984375 0.03074928283691406
3 0.454921875 0.4002703857421875 0.027708740234375 0.033791427612304685
3 0.439102783203125 0.39406681060791016 0.027708740234375 0.033791427612304685
3 0.4206646728515625 0.49418498992919924 0.024951171875 0.030553436279296874
3 0.4053662109375 0.4879030990600586 0.02413330078125 0.029776840209960936
3 0.434278564453125 0.5024740982055664 0.029803466796875 0.03286460876464844
3 0.45247802734375 0.512642707824707 0.0299365234375 0.03210975646972656
3 0.468607177734375 0.5334244155883789 0.0299365234375 0.03210975646972656
2 0.786126708984375 0.7356385040283203 0.024520263671875 0.028103179931640625
2 0.80132568359375 0.7452537536621093 0.024522705078125 0.028104095458984374
2 0.8140423583984375 0.7520777130126953 0.024521484375 0.028103179931640625
2 0.827379150390625 0.7592116546630859 0.024521484375 0.028103485107421874
3 0.7351983642578125 0.600755615234375 0.03705078125 0.0321563720703125
2 0.814718017578125 0.21740612030029297 0.025029296875 0.029207382202148437
