2 0.10137496948242188 0.20446739196777344 0.011597900390625 0.026010665893554687
2 0.14358062744140626 0.38037158966064455 0.02212646484375 0.011602096557617188
2 0.1383160400390625 0.36404636383056643 0.031357421875 0.013394775390625
2 0.11640899658203124 0.45060138702392577 0.011597900390625 0.026010589599609377
2 0.11576446533203125 0.551116828918457 0.011168212890625 0.03608245849609375
7 0.2918814086914063 0.7933848571777343 0.0283502197265625 0.048375396728515624
7 0.339122314453125 0.3952129364013672 0.0371002197265625 0.05939140319824219
2 0.4834619140625 0.3861686706542969 0.028564453125 0.0292095947265625
2 0.5410226440429687 0.01417529582977295 0.01541015625 0.028350515365600584
2 0.7889004516601562 0.01413690447807312 0.01197509765625 0.02741473913192749
2 0.8107818603515625 0.018041244745254516 0.018900146484375 0.033539459705352784
2 0.82405029296875 0.0547407865524292 0.024818115234375 0.012402524948120117
2 0.8665750122070313 0.0547407865524292 0.024818115234375 0.012402524948120117
