2 0.03181243896484375 0.06031257629394531 0.01537506103515625 0.01466552734375
2 0.27748001098632813 0.26195594787597654 0.013789825439453125 0.01383819580078125
2 0.26874237060546874 0.27611900329589845 0.013015289306640625 0.01401214599609375
2 0.7283247375488281 0.18367408752441405 0.02020233154296875 0.022569732666015627
2 0.7484797668457032 0.17363563537597657 0.0174432373046875 0.018469390869140626
2 0.958125 0.08250007629394532 0.01843109130859375 0.019499969482421876
2 0.9520094299316406 0.16379798889160158 0.01726959228515625 0.01840423583984375
2 0.8916250610351563 0.2526876068115234 0.0167498779296875 0.0189361572265625
2 0.8100624084472656 0.32862518310546873 0.0138751220703125 0.01755462646484375
2 0.8591119384765625 0.43492759704589845 0.01677581787109375 0.01310546875
2 0.8703125 0.45074996948242185 0.0161248779296875 0.01348297119140625
2 0.8979847717285157 0.40630020141601564 0.02096923828125 0.018600311279296875
2 0.8941506958007812 0.41648307800292966 0.01644805908203125 0.0149664306640625
2 0.5589530944824219 0.7949613952636718 0.0175933837890625 0.021173095703125
2 0.5478656005859375 0.8114251708984375 0.01901885986328125 0.0194000244140625
2 0.11706253051757813 0.5825627136230469 0.01462493896484375 0.01074798583984375
2 0.19650001525878907 0.5865000915527344 0.014250030517578125 0.0095025634765625
2 0.20962493896484374 0.599375 0.01649993896484375 0.01048919677734375
2 0.202694091796875 0.6070057678222657 0.01486175537109375 0.01001190185546875
2 0.3098126220703125 0.9431248474121093 0.014625091552734375 0.01757049560546875
7 0.27793777465820313 0.8341876220703125 0.0225738525390625 0.01762481689453125
