2 0.02967071533203125 0.9410757446289062 0.014546356201171874 0.0074652099609375
2 0.24253425598144532 0.9031732177734375 0.014546356201171874 0.0074652099609375
2 0.26263404846191407 0.917530517578125 0.014546661376953126 0.0074658203125
2 0.28751922607421876 0.8798199462890625 0.01454681396484375 0.0074658203125
2 0.37270294189453124 0.9001107788085938 0.014546356201171874 0.0074652099609375
2 0.39739662170410156 0.8884341430664062 0.01454681396484375 0.0074658203125
2 0.34647789001464846 0.9575384521484375 0.01454681396484375 0.0074658203125
2 0.45444114685058595 0.9301651000976563 0.014546661376953126 0.0074658203125
2 0.37614845275878905 0.9460525512695312 0.0145465087890625 0.0074652099609375
2 0.30340736389160156 0.9452871704101562 0.0145465087890625 0.0074652099609375
2 0.21056663513183593 0.827177734375 0.007082672119140625 0.0139739990234375
2 0.6192575073242188 0.9531356811523437 0.014547119140625 0.0074658203125
2 0.7161177062988281 0.9397357177734375 0.014547119140625 0.0074658203125
2 0.6954440307617188 0.9303558349609375 0.014547119140625 0.0074658203125
2 0.8738511657714844 0.9491152954101563 0.0145465087890625 0.0074652099609375
2 0.7955422973632813 0.9286370849609376 0.0181524658203125 0.007840576171875
2 0.9687814331054687 0.9255740356445312 0.0181524658203125 0.007840576171875
2 0.9940496826171875 0.9265310668945312 0.0181524658203125 0.007840576171875
0 0.9196334838867187 0.5375442504882812 0.03320709228515625 0.03433349609375
0 0.90321044921875 0.5032254028320312 0.0327752685546875 0.0348358154296875
0 0.8639224243164062 0.5803326416015625 0.0370318603515625 0.04013427734375
0 0.8852018737792968 0.5428469848632812 0.03861358642578125 0.0422869873046875
0 0.9455377197265625 0.4283587646484375 0.03291717529296875 0.0356622314453125
0 0.9618244934082031 0.46098907470703127 0.0294097900390625 0.032274169921875
0 0.9826177978515624 0.4245550537109375 0.037247314453125 0.040775146484375
0 0.9902720642089844 0.3511083984375 0.03949615478515625 0.0439697265625
0 0.9359823608398438 0.27486236572265627 0.0366534423828125 0.0408795166015625
0 0.8562942504882812 0.3538970947265625 0.027952880859375 0.03521484375
0 0.8941410827636719 0.351090087890625 0.04095489501953125 0.04222900390625
0 0.8715631103515625 0.38798492431640624 0.03333099365234375 0.034765625
0 0.8503363037109375 0.4245846557617188 0.03157958984375 0.033045654296875
0 0.716719970703125 0.70714599609375 0.03237152099609375 0.037607421875
0 0.6937982177734375 0.7446572875976563 0.02977142333984375 0.0321087646484375
0 0.6664845275878907 0.752484130859375 0.03332000732421875 0.0364306640625
0 0.6746122741699219 0.7789706420898438 0.02844482421875 0.0353375244140625
2 0.8524101257324219 0.7889053344726562 0.01890167236328125 0.017703857421875
2 0.8690911865234375 0.6732785034179688 0.00703765869140625 0.0131488037109375
2 0.8771652221679688 0.67099365234375 0.00682708740234375 0.0143914794921875
2 0.8597775268554687 0.6716244506835938 0.00800445556640625 0.0141693115234375
0 0.6089044189453126 0.6961026000976562 0.0314862060546875 0.0335003662109375
0 0.5896543884277343 0.734351806640625 0.03148651123046875 0.0335003662109375
0 0.5666387939453125 0.770977783203125 0.03226806640625 0.0347509765625
0 0.5393356323242188 0.7773867797851562 0.03091156005859375 0.033787841796875
0 0.5607894897460938 0.740877685546875 0.03293212890625 0.0373443603515625
0 0.5817893981933594 0.704627685546875 0.03293212890625 0.0373443603515625
0 0.8088894653320312 0.49992828369140624 0.03514556884765625 0.0386956787109375
0 0.7867642211914062 0.539302978515625 0.03514556884765625 0.0386956787109375
0 0.8134304809570313 0.42908050537109377 0.03189300537109375 0.03330078125
0 0.7932667541503906 0.467186279296875 0.037255859375 0.04095703125
0 0.7505744934082031 0.54221435546875 0.02687835693359375 0.0282879638671875
0 0.7278108215332031 0.5780926513671875 0.032952880859375 0.0355401611328125
0 0.7798092651367188 0.31390167236328126 0.0260247802734375 0.02868408203125
0 0.758155517578125 0.3507391357421875 0.03539093017578125 0.0391937255859375
0 0.7441119384765625 0.31874114990234376 0.03717071533203125 0.0404400634765625
0 0.7009869384765625 0.39197357177734377 0.0296832275390625 0.0385577392578125
0 0.6949398803710938 0.464061279296875 0.0385455322265625 0.0419757080078125
0 0.6737977600097657 0.5015826416015625 0.0350250244140625 0.0370751953125
0 0.637738037109375 0.504896240234375 0.0281304931640625 0.030263671875
0 0.6531538391113281 0.5373306274414062 0.03665924072265625 0.0368743896484375
0 0.6337638854980469 0.5774856567382812 0.0327069091796875 0.03596435546875
0 0.5968516540527343 0.5826174926757812 0.03149627685546875 0.0353155517578125
2 0.6064591979980469 0.2496209716796875 0.025831298828125 0.0080084228515625
2 0.6065626525878907 0.27618743896484377 0.02962554931640625 0.0101824951171875
0 0.4924333190917969 0.307288818359375 0.0433245849609375 0.0470074462890625
0 0.5537399291992188 0.3487188720703125 0.03625152587890625 0.04014404296875
0 0.5345809936523438 0.38739990234375 0.0309063720703125 0.034359130859375
0 0.5641140747070312 0.3793753051757813 0.0433062744140625 0.042269287109375
0 0.5126985168457031 0.4228732299804687 0.02484771728515625 0.0262664794921875
0 0.5424252319335937 0.4164630126953125 0.03480010986328125 0.04072509765625
0 0.5220182800292968 0.4540850830078125 0.03517608642578125 0.0377362060546875
0 0.4910597229003906 0.46245574951171875 0.03638763427734375 0.0396063232421875
0 0.4504609489440918 0.3811074829101562 0.03851478576660156 0.0403076171875
0 0.43263839721679687 0.4183154296875 0.05173355102539062 0.052322998046875
0 0.4098522186279297 0.45439453125 0.035150146484375 0.0384930419921875
0 0.3901545715332031 0.49173309326171877 0.0320501708984375 0.0328265380859375
0 0.36546485900878906 0.5288784790039063 0.03441543579101562 0.0363494873046875
0 0.4995561218261719 0.48950958251953125 0.039342041015625 0.0418768310546875
0 0.48355989456176757 0.5268826293945312 0.03255668640136719 0.033525390625
0 0.4503843879699707 0.5332962036132812 0.03769371032714844 0.0392132568359375
0 0.43093238830566405 0.5730496215820312 0.037728271484375 0.0411126708984375
0 0.4587744140625 0.5639306640625 0.0355426025390625 0.038656005859375
0 0.39867874145507814 0.672266845703125 0.054114990234375 0.0527972412109375
0 0.3752484893798828 0.7093569946289062 0.03224227905273438 0.037808837890625
0 0.4817620849609375 0.6734469604492187 0.0465576171875 0.049166259765625
0 0.4936962890625 0.7033859252929687 0.03395904541015625 0.0364111328125
0 0.45250030517578127 0.77706298828125 0.03459991455078125 0.0388250732421875
