2 0.21334228515625 0.9301651000976563 0.018997802734375 0.0074658203125
2 0.2534454345703125 0.88259521484375 0.0162200927734375 0.0076568603515625
2 0.007236480712890625 0.7925311279296875 0.014588623046875 0.016270751953125
2 0.05522613525390625 0.5263552856445313 0.0078485107421875 0.0181585693359375
2 0.0151226806640625 0.255394287109375 0.017845458984375 0.01741943359375
2 0.0587371826171875 0.42776763916015625 0.00798095703125 0.020283203125
2 0.06029937744140625 0.4097784423828125 0.00652099609375 0.01531494140625
2 0.4906201171875 0.9271975708007812 0.013782958984375 0.0065081787109375
0 0.16522247314453126 0.38441375732421873 0.0391094970703125 0.0386236572265625
0 0.08836944580078125 0.2723382568359375 0.0239471435546875 0.029613037109375
0 0.1083099365234375 0.24758392333984375 0.0329608154296875 0.024462890625
0 0.11997467041015625 0.26723724365234375 0.0283056640625 0.0323333740234375
0 0.375662841796875 0.25485687255859374 0.0246929931640625 0.030269775390625
0 0.4292071533203125 0.4511865234375 0.0256768798828125 0.0347943115234375
2 0.42209197998046877 0.37892578125 0.00898193359375 0.02014404296875
2 0.27835174560546877 0.5779336547851562 0.0047003173828125 0.0158660888671875
