2 0.946038818359375 0.9026980590820313 0.01607421875 0.0064581298828125
2 0.9913189697265625 0.8855030822753907 0.0067431640625 0.01770599365234375
2 0.9950494384765625 0.9958384704589843 0.007606201171875 0.01517547607421875
2 0.9863006591796875 0.7129042053222656 0.00816650390625 0.0152178955078125
2 0.9016925048828125 0.41525543212890625 0.0054541015625 0.01349029541015625
2 0.8651727294921875 0.34410667419433594 0.00845947265625 0.015566864013671876
2 0.9707232666015625 0.19991401672363282 0.008616943359375 0.01564361572265625
2 0.924368896484375 0.017508544921875 0.01626708984375 0.012772979736328125
2 0.3029913330078125 0.2847119903564453 0.009412841796875 0.017541046142578124
2 0.2988360595703125 0.46704208374023437 0.01467529296875 0.00701629638671875
2 0.4861260986328125 0.5241896057128906 0.018961181640625 0.0097894287109375
2 0.319483642578125 0.47741424560546875 0.02203857421875 0.01077423095703125
2 0.4376849365234375 0.7413218688964843 0.017344970703125 0.0105242919921875
2 0.25646240234375 0.7969905090332031 0.0140087890625 0.00849334716796875
2 0.23947555541992188 0.7928361511230468 0.01819000244140625 0.01163238525390625
2 0.2010638427734375 0.8534884643554688 0.0095867919921875 0.01661956787109375
2 0.16109619140625 0.940731201171875 0.0106231689453125 0.01827911376953125
7 0.653487548828125 0.989154052734375 0.018829345703125 0.0287750244140625
7 0.7392840576171875 0.7443537902832031 0.0133935546875 0.0260345458984375
7 0.7355584716796875 0.79157470703125 0.030032958984375 0.0205535888671875
7 0.6770648193359375 0.7529183959960938 0.02947265625 0.01559906005859375
7 0.5651470947265625 0.7372471618652344 0.019268798828125 0.026845703125
7 0.871094970703125 0.5272810363769531 0.016689453125 0.02947357177734375
7 0.668406982421875 0.2979412841796875 0.015655517578125 0.0287347412109375
7 0.645123291015625 0.21946189880371095 0.033262939453125 0.021067962646484376
7 0.7939739990234375 0.216693115234375 0.028436279296875 0.01589019775390625
4 0.6854913330078125 0.22022544860839843 0.00978759765625 0.026414947509765627
2 0.6159814453125 0.16825973510742187 0.01565185546875 0.018180999755859375
2 0.68711669921875 0.1906585693359375 0.00899658203125 0.020482330322265624
7 0.4575994873046875 0.05962852478027344 0.020921630859375 0.02871368408203125
2 0.336326904296875 0.7480500793457031 0.013795166015625 0.03803924560546875
2 0.3652838134765625 0.8139443969726563 0.017374267578125 0.0249481201171875
2 0.2938287353515625 0.9248068237304687 0.01738525390625 0.03063934326171875
