2 0.05112884521484375 0.7107950592041016 0.014742431640625 0.015659942626953124
2 0.0420172119140625 0.7062942504882812 0.0169659423828125 0.01691162109375
3 0.06574981689453124 0.700875015258789 0.0165771484375 0.0195001220703125
2 0.1351251220703125 0.7999375152587891 0.0129998779296875 0.011389312744140625
3 0.4527499389648437 0.5416250610351563 0.02800872802734375 0.026750030517578124
3 0.4773751831054687 0.5507500076293945 0.0207501220703125 0.02285980224609375
3 0.4833125305175781 0.4808750534057617 0.02990753173828125 0.025
2 0.8910133361816406 0.3100397491455078 0.0254425048828125 0.01732391357421875
2 0.326500244140625 0.691500015258789 0.01625 0.01628387451171875
2 0.33618759155273437 0.7004376983642578 0.015374755859375 0.017032928466796875
2 0.3023748779296875 0.7462499237060547 0.0179998779296875 0.0195843505859375
2 0.5034931945800781 0.6924311828613281 0.011763916015625 0.010862274169921875
7 0.5412234497070313 0.8425680541992188 0.02600494384765625 0.02889678955078125
2 0.34637481689453126 0.9806136322021485 0.0180010986328125 0.01902313232421875
2 0.37456268310546875 0.9400624084472656 0.01601318359375 0.018625030517578123
2 0.385374755859375 0.9401249694824219 0.01774993896484375 0.017750091552734375
2 0.3282501220703125 0.9251875305175781 0.00850006103515625 0.01285797119140625
2 0.145625 0.8950000762939453 0.01843109130859375 0.019499969482421876
2 0.13950942993164062 0.9762979888916016 0.01726959228515625 0.01840423583984375
