0 0.08281051635742187 0.7421743774414062 0.0311126708984375 0.02740631103515625
0 0.19523712158203124 0.7421705627441406 0.0236572265625 0.0215655517578125
0 0.19021484375 0.8171864318847656 0.0280255126953125 0.0363775634765625
0 0.202855224609375 0.86018310546875 0.028555908203125 0.0328662109375
0 0.49122406005859376 0.6947364807128906 0.0490533447265625 0.04995147705078125
0 0.9201913452148438 0.6531517028808593 0.027701416015625 0.02243865966796875
2 0.28932220458984376 0.8990481567382812 0.0073150634765625 0.0194757080078125
2 0.301312255859375 0.8982835388183594 0.007314453125 0.01947509765625
2 0.36001312255859375 0.9081654357910156 0.0080352783203125 0.02472808837890625
2 0.3783868408203125 0.9087521362304688 0.008533935546875 0.01876007080078125
2 0.7300009155273437 0.7051530456542969 0.0083154296875 0.01614654541015625
