2 0.89174560546875 0.6037285995483398 0.0155804443359375 0.01580329895019531
2 0.94904052734375 0.3476740264892578 0.015020751953125 0.014032669067382812
2 0.5524374389648438 0.07588627815246582 0.01966064453125 0.009601230621337891
7 0.971837158203125 0.5002401733398437 0.02690185546875 0.026586151123046874
7 0.6675759887695313 0.18255523681640626 0.0154608154296875 0.026172370910644532
7 0.692559814453125 0.22680789947509766 0.0287030029296875 0.03399570465087891
7 0.7705743408203125 0.24679193496704102 0.031470947265625 0.03207962036132812
7 0.6882986450195312 0.13442718505859375 0.0222967529296875 0.0320306396484375
2 0.7087237548828125 0.028566389083862304 0.01949951171875 0.009238839149475098
7 0.8548248291015625 0.028473513126373293 0.04130126953125 0.023842015266418458
