2 0.07989715576171875 0.8219500732421875 0.01675262451171875 0.02869049072265625
2 0.13767181396484374 0.8298968505859375 0.0111895751953125 0.0296392822265625
2 0.2789947509765625 0.7145620727539063 0.011168212890625 0.02923553466796875
2 0.26739715576171874 0.7336770629882813 0.0103094482421875 0.02993804931640625
2 0.03951889038085937 0.6808416748046875 0.0253436279296875 0.02824127197265625
7 0.5879364013671875 0.9528904724121093 0.03197509765625 0.053504638671875
2 0.533096923828125 0.7198272705078125 0.0116400146484375 0.02685333251953125
2 0.7759881591796876 0.7179985046386719 0.01300537109375 0.02577301025390625
2 0.3033612060546875 0.8016366577148437 0.0242926025390625 0.013994140625
2 0.482635498046875 0.8375839233398438 0.0103741455078125 0.0243951416015625
2 0.4284796142578125 0.4518904113769531 0.0171881103515625 0.028780364990234376
2 0.6471224975585937 0.2162800598144531 0.010318603515625 0.03608245849609375
2 0.6307989501953125 0.21327316284179687 0.0112054443359375 0.026632232666015623
2 0.5098800659179688 0.21778350830078125 0.011597900390625 0.03726181030273437
2 0.74248291015625 0.2738402557373047 0.0257733154296875 0.013100738525390626
2 0.9553518676757813 0.24957023620605467 0.0099371337890625 0.03049896240234375
2 0.9591925048828125 0.35416671752929685 0.0098797607421875 0.03006866455078125
2 0.8524703979492188 0.7510934448242188 0.0275341796875 0.011207275390625
2 0.821971435546875 0.7519522094726563 0.0275341796875 0.011207275390625
7 0.6974942016601563 0.5069985961914063 0.0580828857421875 0.03293792724609375
