2 0.37526458740234375 0.9045405578613281 0.0262353515625 0.0180792236328125
2 0.29057525634765624 0.8585563659667969 0.0333148193359375 0.0210968017578125
2 0.02140777587890625 0.3468343353271484 0.0282373046875 0.02376312255859375
2 0.0785443115234375 0.6595936584472656 0.0268450927734375 0.02120330810546875
2 0.0842120361328125 0.5958438110351563 0.025587158203125 0.01519866943359375
2 0.36099700927734374 0.8009428405761718 0.0262353515625 0.0180792236328125
2 0.33219635009765625 0.5629653930664062 0.0265875244140625 0.022642822265625
2 0.4078521728515625 0.46836944580078127 0.0282781982421875 0.023897705078125
2 0.16859588623046876 0.4588970184326172 0.02850341796875 0.024183807373046876
5 0.2549935913085937 0.6411781311035156 0.0258660888671875 0.017581787109375
2 0.20220703125 0.37531730651855466 0.0282781982421875 0.023897705078125
2 0.19871734619140624 0.146968994140625 0.028907470703125 0.022749481201171876
2 0.413414306640625 0.04220947265625 0.0277020263671875 0.025176239013671876
2 0.5184246826171875 0.13660049438476562 0.0247515869140625 0.027357177734375
2 0.400386962890625 0.05523712158203125 0.0277020263671875 0.025176239013671876
2 0.5054949951171875 0.15144393920898438 0.0237060546875 0.0255859375
2 0.484713134765625 0.10553817749023438 0.0237060546875 0.0255859375
2 0.6113873291015625 0.2308771514892578 0.0275347900390625 0.028630218505859374
2 0.880743408203125 0.09549362182617188 0.02730712890625 0.021322784423828126
2 0.6554327392578125 0.30407875061035156 0.027535400390625 0.028630523681640624
2 0.7090921020507812 0.33447486877441407 0.0275347900390625 0.028630218505859374
2 0.8889932250976562 0.5180979919433594 0.027535400390625 0.02863037109375
2 0.5591696166992187 0.6557485961914062 0.0296124267578125 0.02380096435546875
2 0.66431884765625 0.6175971984863281 0.029613037109375 0.02380096435546875
2 0.6240570068359375 0.7192735290527343 0.0260894775390625 0.021363525390625
2 0.7077984619140625 0.8460844421386718 0.030740966796875 0.024365234375
2 0.839312744140625 0.94875244140625 0.030740966796875 0.024365234375
3 0.8486337280273437 0.9278610229492188 0.1119775390625 0.074393310546875
2 0.912220458984375 0.5719601440429688 0.0297314453125 0.02884613037109375
2 0.9789080810546875 0.6054586791992187 0.0297314453125 0.028846435546875
5 0.35916015625 0.6607861328125 0.0258660888671875 0.017581787109375
2 0.7929708862304687 0.8038052368164063 0.0307415771484375 0.024365234375
2 0.72189208984375 0.6800308227539062 0.0307415771484375 0.024365234375
2 0.5748333740234375 0.7694912719726562 0.030740966796875 0.02436492919921875
2 0.6532638549804688 0.8405699157714843 0.030740966796875 0.024365234375
2 0.4210443115234375 0.5948281860351563 0.0265875244140625 0.022642822265625
2 0.45229156494140627 0.10603538513183594 0.033721923828125 0.030207366943359376
2 0.1013714599609375 0.2864790344238281 0.0282373046875 0.02376312255859375
