0 0.5149111938476563 0.5115507507324218 0.0398345947265625 0.040150146484375
0 0.25395782470703127 0.5762980651855468 0.0367181396484375 0.0371807861328125
0 0.2542379760742188 0.6271516418457032 0.04156982421875 0.03978759765625
0 0.37394012451171876 0.6906353759765625 0.0457061767578125 0.05260162353515625
0 0.3120184326171875 0.6887518310546875 0.015023193359375 0.0117486572265625
0 0.3162448120117187 0.7212248229980469 0.0158245849609375 0.01167572021484375
0 0.2423883056640625 0.753253173828125 0.02702880859375 0.035814208984375
0 0.31798828125 0.7427354431152344 0.0120965576171875 0.0098046875
0 0.31563323974609375 0.7654148864746094 0.015361328125 0.01634765625
0 0.3102761840820312 0.7979069519042968 0.026512451171875 0.0392791748046875
0 0.24583251953125 0.8124263000488281 0.0143646240234375 0.019310302734375
0 0.30984954833984374 0.8602101135253907 0.0275213623046875 0.0394073486328125
0 0.3108251953125 0.9038058471679687 0.0284942626953125 0.038673095703125
0 0.23983642578125 0.89486572265625 0.0173675537109375 0.0191485595703125
0 0.23890594482421876 0.9277041625976562 0.015411376953125 0.01888580322265625
0 0.31140594482421874 0.94700439453125 0.0287969970703125 0.039669189453125
0 0.9692086791992187 0.8058193969726563 0.02851318359375 0.03011810302734375
