2 0.9839984130859375 0.9251579284667969 0.012379150390625 0.018226318359375
2 0.918485107421875 0.3226535034179687 0.01896484375 0.007821044921875
2 0.946038818359375 0.09019805908203125 0.01607421875 0.0064581298828125
2 0.9913189697265625 0.07300308227539062 0.0067431640625 0.01770599365234375
2 0.9950494384765625 0.18333847045898438 0.007606201171875 0.01517547607421875
2 0.2010638427734375 0.04098846435546875 0.0095867919921875 0.01661956787109375
2 0.16109619140625 0.128231201171875 0.0106231689453125 0.01827911376953125
2 0.19764312744140625 0.2644917297363281 0.01640625 0.01015045166015625
2 0.4492254638671875 0.205594482421875 0.01333740234375 0.007939453125
2 0.368846435546875 0.2768226623535156 0.012823486328125 0.00913238525390625
2 0.3956781005859375 0.3377027893066406 0.00805908203125 0.0147711181640625
4 0.2958856201171875 0.4288047790527344 0.020302734375 0.01092529296875
2 0.324779052734375 0.46445709228515625 0.01505126953125 0.0083087158203125
4 0.401417236328125 0.8858778381347656 0.019443359375 0.0254266357421875
7 0.9110968017578125 0.9872601318359375 0.0149560546875 0.029195556640625
7 0.887467041015625 0.8270045471191406 0.016441650390625 0.03358367919921875
7 0.82420654296875 0.6499205017089844 0.033438720703125 0.0326123046875
7 0.710377197265625 0.6741006469726563 0.025 0.01971649169921875
7 0.862557373046875 0.526990966796875 0.017611083984375 0.0295050048828125
7 0.86096923828125 0.4900367736816406 0.031663818359375 0.01529510498046875
7 0.8973016357421875 0.47080810546875 0.009407958984375 0.022779541015625
7 0.636917724609375 0.42023452758789065 0.015980224609375 0.02515106201171875
7 0.6973651123046875 0.42990890502929685 0.02793701171875 0.01563751220703125
7 0.905723876953125 0.38256134033203126 0.012442626953125 0.0243115234375
7 0.8928131103515625 0.27557815551757814 0.0157177734375 0.02617889404296875
7 0.4366387939453125 0.4047660827636719 0.016361083984375 0.01435699462890625
2 0.4179736328125 0.36466293334960936 0.0128759765625 0.02105682373046875
7 0.6848614501953125 0.21608322143554687 0.017718505859375 0.02074371337890625
7 0.611983642578125 0.22253082275390626 0.03072265625 0.01741943359375
7 0.547071533203125 0.21669784545898438 0.022625732421875 0.025640869140625
7 0.5005450439453125 0.19909912109375 0.02837646484375 0.02714569091796875
7 0.653487548828125 0.176654052734375 0.018829345703125 0.0287750244140625
2 0.2938287353515625 0.11230682373046875 0.01738525390625 0.03063934326171875
2 0.3025213623046875 0.32156021118164063 0.016160888671875 0.024947509765625
2 0.1846112060546875 0.9610031127929688 0.015230712890625 0.0070904541015625
