2 0.3904327392578125 0.8789945983886719 0.0207025146484375 0.014775390625
2 0.628251953125 0.7561991882324218 0.01950927734375 0.01117889404296875
2 0.5265240478515625 0.6097560882568359 0.0157720947265625 0.01138214111328125
2 0.4586752319335938 0.25275884628295897 0.014910888671875 0.018118934631347658
2 0.32131805419921877 0.042494397163391116 0.0166204833984375 0.015569534301757813
2 0.2828582763671875 0.014903080314397812 0.013779296875 0.016391854882240296
2 0.2668695068359375 0.10213420867919921 0.010396728515625 0.015650405883789062
2 0.5489935302734374 0.3336795806884766 0.0118206787109375 0.01806266784667969
2 0.5334646606445312 0.356169548034668 0.0148187255859375 0.017646102905273436
2 0.430067138671875 0.37332160949707033 0.016534423828125 0.013586959838867187
2 0.0645684814453125 0.2628731918334961 0.0183648681640625 0.021744918823242188
2 0.03239166259765625 0.2782388687133789 0.017291259765625 0.017790298461914062
2 0.04474639892578125 0.290474967956543 0.0102947998046875 0.016702308654785156
2 0.02367889404296875 0.3064301109313965 0.017181396484375 0.01734272003173828
2 0.130999755859375 0.24620960235595704 0.0103985595703125 0.013717193603515625
2 0.22692108154296875 0.20624326705932616 0.0111871337890625 0.019743881225585937
2 0.124642333984375 0.09042481422424316 0.0118243408203125 0.021124725341796876
2 0.1927783203125 0.04513433992862701 0.0133587646484375 0.015921142101287842
2 0.22612091064453124 0.06957044601440429 0.0140740966796875 0.018009605407714843
2 0.3159527587890625 0.2799087905883789 0.0145721435546875 0.014088172912597657
2 0.34785430908203124 0.1622637152671814 0.0161370849609375 0.01378586769104004
2 0.04807647705078125 0.48151927947998047 0.0177740478515625 0.007612457275390625
2 0.0189117431640625 0.5528297805786133 0.0140771484375 0.012810134887695312
2 0.03756683349609375 0.5760007476806641 0.015155029296875 0.010859756469726563
2 0.0598876953125 0.6168435287475585 0.015496826171875 0.013302993774414063
2 0.072943115234375 0.6376270961761474 0.0133990478515625 0.011832313537597656
2 0.09511749267578125 0.6057897567749023 0.0144073486328125 0.006671524047851563
2 0.1247332763671875 0.6494862365722657 0.0120068359375 0.006282958984375
2 0.1391412353515625 0.6754269409179687 0.013128662109375 0.01600860595703125
2 0.136939697265625 0.7286552429199219 0.0170538330078125 0.013607177734375
2 0.1611444091796875 0.7864527893066406 0.0164837646484375 0.013940887451171875
2 0.18309783935546875 0.8135004425048828 0.017774658203125 0.01414093017578125
