7 0.5412234497070313 0.03006805419921875 0.02600494384765625 0.02889678955078125
2 0.34637481689453126 0.16811363220214845 0.0180010986328125 0.01902313232421875
2 0.37456268310546875 0.12756240844726563 0.01601318359375 0.018625030517578123
2 0.385374755859375 0.12762496948242188 0.01774993896484375 0.017750091552734375
2 0.3282501220703125 0.11268753051757813 0.00850006103515625 0.01285797119140625
2 0.145625 0.08250007629394532 0.01843109130859375 0.019499969482421876
2 0.13950942993164062 0.16379798889160158 0.01726959228515625 0.01840423583984375
2 0.07912506103515625 0.2526876068115234 0.0167498779296875 0.0189361572265625
2 0.0466119384765625 0.43492759704589845 0.01677581787109375 0.01310546875
2 0.0578125 0.45074996948242185 0.0161248779296875 0.01348297119140625
2 0.08548477172851562 0.40630020141601564 0.02096923828125 0.018600311279296875
2 0.08165069580078126 0.41648307800292966 0.01644805908203125 0.0149664306640625
