2 0.0074720954895019535 0.09023452758789062 0.015124893188476563 0.0174688720703125
2 0.013937530517578125 0.0945623779296875 0.01537506103515625 0.01708984375
2 0.02118736267089844 0.0990625 0.019124908447265623 0.0199530029296875
2 0.027999954223632814 0.104000244140625 0.0157501220703125 0.01726593017578125
2 0.032937850952148434 0.10831268310546875 0.017125091552734374 0.0185577392578125
2 0.042437591552734376 0.11912506103515624 0.015124969482421875 0.017200927734375
2 0.024374923706054687 0.1558123779296875 0.015316925048828124 0.0163751220703125
2 0.0033123779296875 0.20462493896484374 0.0092498779296875 0.01569091796875
2 0.029725341796875 0.2239471435546875 0.017200927734375 0.0191436767578125
2 0.08418746948242188 0.218375244140625 0.020374908447265624 0.0160052490234375
2 0.0765625 0.2293121337890625 0.01837493896484375 0.0157452392578125
2 0.17158233642578125 0.3464434814453125 0.011585540771484375 0.0076361083984375
2 0.2346283721923828 0.45680572509765627 0.011743927001953125 0.0118878173828125
2 0.3163751220703125 0.4253121948242187 0.016750030517578125 0.0168670654296875
2 0.3149375915527344 0.4756253051757813 0.020124969482421876 0.0174066162109375
2 0.38506240844726564 0.5902496337890625 0.022125091552734375 0.0207623291015625
2 0.4068748474121094 0.6031246948242187 0.021750335693359376 0.0193829345703125
3 0.5993753051757813 0.662750244140625 0.0279998779296875 0.0220465087890625
3 0.7360525512695313 0.626903076171875 0.02373321533203125 0.0210968017578125
2 0.72857666015625 0.6030166625976563 0.0114178466796875 0.015482177734375
2 0.7820034790039062 0.64182861328125 0.01191162109375 0.016339111328125
2 0.7215164184570313 0.6396578979492188 0.017803955078125 0.0138848876953125
2 0.682060546875 0.6804635620117188 0.01237060546875 0.013406982421875
2 0.7613238525390625 0.5905435180664063 0.01590240478515625 0.01287353515625
2 0.8533750915527344 0.772125244140625 0.015535888671875 0.0175
2 0.8952505493164062 0.7951251220703125 0.0237506103515625 0.020128173828125
2 0.9656253051757813 0.849375 0.0164996337890625 0.0164996337890625
2 0.9962503051757813 0.7844381713867188 0.0170001220703125 0.0185137939453125
3 0.8606246948242188 0.8554403686523437 0.032001953125 0.0251300048828125
2 0.0300445556640625 0.6645257568359375 0.018661041259765625 0.0199481201171875
2 0.14824844360351563 0.7580801391601563 0.015753631591796876 0.0181292724609375
2 0.15475013732910156 0.7636251831054688 0.02 0.0189599609375
2 0.2323126983642578 0.7739373779296875 0.014625091552734375 0.0156201171875
2 0.20355384826660156 0.79411865234375 0.015892486572265625 0.0174273681640625
2 0.25100013732910154 0.8221249389648437 0.01125 0.017249755859375
2 0.2705626678466797 0.8313128662109375 0.016625213623046874 0.0187030029296875
2 0.4811875915527344 0.8813125610351562 0.014124755859375 0.015677490234375
2 0.5745225524902344 0.9479412841796875 0.01654571533203125 0.0178656005859375
2 0.5822499084472657 0.952249755859375 0.0170001220703125 0.01880126953125
