7 0.25749664306640624 0.10914070129394532 0.06372802734375 0.06616943359375
2 0.14285186767578126 0.24957023620605467 0.0099371337890625 0.03049896240234375
2 0.2796392822265625 0.27577316284179687 0.00945068359375 0.02620269775390625
2 0.37585906982421874 0.2637457275390625 0.0094500732421875 0.02620269775390625
2 0.4050686645507813 0.26503433227539064 0.0094500732421875 0.02620269775390625
2 0.3906781005859375 0.26460479736328124 0.010738525390625 0.03565292358398438
2 0.1466925048828125 0.35416671752929685 0.0098797607421875 0.03006866455078125
7 0.3952090454101562 0.4795550537109375 0.072447509765625 0.061773681640625
2 0.31378662109375 0.4178169250488281 0.009884033203125 0.026784820556640623
2 0.5309698486328125 0.41304779052734375 0.0188153076171875 0.037006683349609375
2 0.3150750732421875 0.37958656311035155 0.009884033203125 0.026784820556640623
2 0.03997039794921875 0.7510934448242188 0.0275341796875 0.011207275390625
2 0.01150115966796875 0.7519522094726563 0.023238525390625 0.011207275390625
2 0.40413421630859375 0.7064129638671875 0.0144537353515625 0.0275164794921875
2 0.41086761474609373 0.832044677734375 0.011597900390625 0.02792083740234375
2 0.46694580078125 0.8022103881835938 0.0275341796875 0.011207275390625
7 0.40414276123046877 0.9451852416992188 0.0411895751953125 0.0667529296875
7 0.546851806640625 0.9431422424316406 0.0468695068359375 0.06127532958984375
7 0.6909881591796875 0.9360838317871094 0.0260992431640625 0.04664703369140625
2 0.610401611328125 0.6695310974121094 0.01115478515625 0.03193206787109375
2 0.63919677734375 0.4031551361083984 0.0275341796875 0.011207275390625
2 0.644351806640625 0.418189697265625 0.0275341796875 0.011207122802734375
2 0.68558837890625 0.4426741027832031 0.0275341796875 0.011207275390625
