3 0.1774896240234375 0.6812469482421875 0.0276806640625 0.034365234375
3 0.05362457275390625 0.053375244140625 0.0317498779296875 0.0383001708984375
2 0.7815625 0.6809371948242188 0.018375244140625 0.017664794921875
2 0.77625 0.6873626708984375 0.01650146484375 0.0154766845703125
2 0.7760626220703125 0.6551251220703125 0.021624755859375 0.0188330078125
2 0.7831243896484374 0.6493124389648437 0.01675048828125 0.0159661865234375
2 0.7872509765625 0.6425003051757813 0.0172509765625 0.016259765625
2 0.793995361328125 0.63422607421875 0.019317626953125 0.0164508056640625
2 0.9235626220703125 0.7971878051757812 0.01362548828125 0.01591796875
2 0.930374755859375 0.710062255859375 0.01289306640625 0.0071246337890625
2 0.68300048828125 0.4390628051757812 0.01925048828125 0.0155633544921875
2 0.56018798828125 0.5378121948242187 0.01987548828125 0.0171832275390625
2 0.5864788818359375 0.51359619140625 0.016707763671875 0.015556640625
2 0.55425048828125 0.48556304931640626 0.020999755859375 0.0176312255859375
2 0.5834375 0.44793792724609377 0.01862548828125 0.0155072021484375
2 0.593125 0.43243743896484377 0.022249755859375 0.018306884765625
2 0.5855010986328125 0.43881317138671877 0.015999755859375 0.0137786865234375
3 0.6345013427734375 0.42893768310546876 0.040750732421875 0.05495361328125
2 0.3101251220703125 0.2541876220703125 0.023499755859375 0.0195172119140625
2 0.30675048828125 0.26431243896484374 0.019249267578125 0.0173577880859375
2 0.316375732421875 0.23715911865234374 0.018499755859375 0.0160687255859375
2 0.3253582763671875 0.23179718017578124 0.0162841796875 0.0144146728515625
2 0.32734375 0.22270843505859375 0.0181884765625 0.0161669921875
2 0.335875244140625 0.21787506103515625 0.0152490234375 0.01321044921875
2 0.39 0.005103721618652344 0.01699951171875 0.012039642333984375
2 0.5663751220703125 0.056812591552734375 0.015750732421875 0.01728515625
2 0.51850830078125 0.02356414794921875 0.013233642578125 0.014378662109375
2 0.5261907958984375 0.025894317626953125 0.017369384765625 0.01828826904296875
2 0.56137451171875 0.005863418579101562 0.015999755859375 0.0123284912109375
2 0.011063232421875 0.28675018310546874 0.0161248779296875 0.0175091552734375
2 0.003445587158203125 0.27977569580078127 0.0097503662109375 0.01675048828125
2 0.09266754150390626 0.216038818359375 0.014664306640625 0.0164215087890625
2 0.1581878662109375 0.2446875 0.015374755859375 0.01620361328125
2 0.1740618896484375 0.25443756103515625 0.010625 0.0120916748046875
2 0.2250689697265625 0.5114810180664062 0.013614501953125 0.0142108154296875
2 0.207562255859375 0.5020623779296876 0.0122412109375 0.01362548828125
2 0.2030010986328125 0.498250732421875 0.012069091796875 0.01375
2 0.19675048828125 0.49225006103515623 0.01156005859375 0.0129998779296875
2 0.2462506103515625 0.47943695068359377 0.013905029296875 0.0146258544921875
2 0.2402496337890625 0.475625 0.0121484375 0.013499755859375
2 0.2330419921875 0.4713824462890625 0.01791748046875 0.019735107421875
2 0.22536865234375 0.4664288330078125 0.01726318359375 0.018643798828125
2 0.21823486328125 0.4597991943359375 0.01578125 0.0165985107421875
2 0.21106201171875 0.454625244140625 0.014976806640625 0.0154998779296875
2 0.5383685302734375 0.6035354614257813 0.01873779296875 0.0162176513671875
2 0.301910400390625 0.5995120239257813 0.017431640625 0.0179779052734375
2 0.3416412353515625 0.5756964111328124 0.013968505859375 0.01460693359375
2 0.354635009765625 0.58419189453125 0.01877197265625 0.0201348876953125
2 0.3771246337890625 0.5998751831054687 0.0145458984375 0.01550048828125
2 0.369124755859375 0.5954998779296875 0.0168310546875 0.0175
2 0.3949383544921875 0.61518798828125 0.015625 0.01672607421875
2 0.40231201171875 0.6199374389648438 0.01515380859375 0.0153753662109375
2 0.41043701171875 0.6257501220703126 0.016534423828125 0.017750244140625
2 0.416331787109375 0.629410400390625 0.014586181640625 0.017320556640625
2 0.4240179443359375 0.6337326049804688 0.014462890625 0.015216064453125
2 0.4347503662109375 0.6414996337890625 0.013875732421875 0.015
2 0.430047607421875 0.6381375122070313 0.013154296875 0.0132257080078125
5 0.5694873046875 0.76836669921875 0.018975830078125 0.0075152587890625
