5 0.43175750732421875 0.7238310241699218 0.048316650390625 0.0476116943359375
5 0.37762176513671875 0.6837368774414062 0.0184906005859375 0.0065765380859375
5 0.3735504150390625 0.6726730346679688 0.0089117431640625 0.0139385986328125
5 0.35050689697265625 0.6757313537597657 0.0255242919921875 0.01261566162109375
5 0.2913754272460938 0.6060002136230469 0.0129998779296875 0.02027008056640625
5 0.26720611572265623 0.5200776672363281 0.0089117431640625 0.0127215576171875
5 0.28631072998046875 0.5219367980957031 0.009188232421875 0.01437713623046875
5 0.285133056640625 0.5112281799316406 0.00876708984375 0.01404296875
5 0.2808123779296875 0.5100621032714844 0.00818115234375 0.01362518310546875
5 0.2768145751953125 0.5087489318847657 0.009129638671875 0.01425201416015625
5 0.272294921875 0.5069166564941406 0.010340576171875 0.01458343505859375
5 0.263580322265625 0.5154855346679688 0.0085357666015625 0.0127789306640625
