2 0.068243408203125 0.09549362182617188 0.02730712890625 0.021322784423828126
2 0.07649322509765626 0.5180979919433594 0.027535400390625 0.02863037109375
2 0.026812744140625 0.94875244140625 0.030740966796875 0.024365234375
3 0.04388885498046875 0.9278610229492188 0.09212249755859375 0.074393310546875
2 0.18282989501953126 0.9701542663574219 0.030740966796875 0.024365234375
2 0.26004638671875 0.8732725524902344 0.028914794921875 0.025391845703125
2 0.31994873046875 0.7415657043457031 0.024512939453125 0.0233819580078125
2 0.361800537109375 0.9608489990234375 0.0307421875 0.02436553955078125
2 0.3551177978515625 0.7956745910644532 0.02747802734375 0.0265234375
2 0.099720458984375 0.5719601440429688 0.0297314453125 0.02884613037109375
2 0.1664080810546875 0.6054586791992187 0.0297314453125 0.028846435546875
2 0.6107330322265625 0.2562037658691406 0.022332763671875 0.02614898681640625
2 0.6472711181640625 0.28371482849121094 0.024071044921875 0.028460540771484376
2 0.6702239990234375 0.30077430725097654 0.024071044921875 0.028460540771484376
2 0.7099261474609375 0.3252783966064453 0.024071044921875 0.02846038818359375
2 0.5254345703125 0.5347396850585937 0.026053466796875 0.01831146240234375
2 0.690135498046875 0.5915010070800781 0.029156494140625 0.02244171142578125
2 0.582171630859375 0.9725314331054687 0.029205322265625 0.02663787841796875
2 0.5559808349609375 0.9247398376464844 0.0282373046875 0.02534759521484375
2 0.8600457763671875 0.9921061706542968 0.0274267578125 0.02918792724609375
2 0.906575927734375 0.458963623046875 0.02406982421875 0.02845977783203125
2 0.625802001953125 0.2645647430419922 0.024898681640625 0.029130096435546874
2 0.8076629638671875 0.3910765838623047 0.032652587890625 0.03861862182617187
