2 0.029554948806762696 0.41831268310546876 0.012890081405639648 0.007384033203125
2 0.051870841979980466 0.425054931640625 0.014491605758666991 0.0088909912109375
2 0.025812497138977052 0.4872503662109375 0.015124993324279785 0.0067608642578125
2 0.09795618057250977 0.47619140625 0.01441232681274414 0.007117919921875
6 0.023875000476837157 0.43743743896484377 0.009000000953674316 0.0098748779296875
2 0.006812408119440078 0.6481253051757813 0.010125107169151305 0.01440673828125
2 0.14899319648742676 0.6580715942382812 0.012764072418212891 0.008150634765625
2 0.10774998664855957 0.7378121948242188 0.014000015258789062 0.006624755859375
2 0.10843748092651367 0.7586874389648437 0.012625160217285157 0.006905517578125
2 0.10817522048950196 0.7782913208007812 0.0153997802734375 0.0076824951171875
2 0.12248997688293457 0.7247598266601563 0.01177021026611328 0.0072698974609375
2 0.12268746376037598 0.7455618286132812 0.01087503433227539 0.00615478515625
2 0.10831110000610351 0.7868386840820313 0.011377773284912109 0.0069281005859375
2 0.07306561470031739 0.7469964599609376 0.012131223678588867 0.0054931640625
2 0.059440598487854004 0.75024658203125 0.012131233215332032 0.0054931640625
2 0.059815587997436526 0.7579965209960937 0.012131223678588867 0.0054931640625
2 0.05906558990478516 0.7663714599609375 0.012131223678588867 0.0054931640625
2 0.17243749618530274 0.9179376220703125 0.01237499237060547 0.005625
2 0.15818750381469726 0.9170623779296875 0.01237499237060547 0.005625
2 0.1564374828338623 0.9098123168945312 0.012375011444091796 0.005625
2 0.15706248283386232 0.9036871337890625 0.012375011444091796 0.005625
2 0.1554374885559082 0.8973123168945313 0.01237499237060547 0.005625
2 0.17006248474121094 0.9043121337890625 0.01237499237060547 0.005625
2 0.1691874885559082 0.8979373168945313 0.01237499237060547 0.005625
2 0.16937498092651368 0.8902499389648437 0.013855361938476562 0.0057501220703125
2 0.1548124885559082 0.8910623168945313 0.01237499237060547 0.005625
2 0.1565625 0.8843124389648438 0.01237499237060547 0.005625
2 0.16993749618530274 0.8830624389648437 0.01237499237060547 0.005625
2 0.1690625 0.8768124389648437 0.01237499237060547 0.005625
2 0.15556249618530274 0.8776873779296875 0.01237499237060547 0.005625
2 0.15381250381469727 0.8703125 0.01237499237060547 0.005625
2 0.1551874828338623 0.8639370727539063 0.012375011444091796 0.005625
2 0.15443750381469726 0.8563125610351563 0.01237499237060547 0.005625
2 0.16943748474121093 0.8616873168945313 0.01237499237060547 0.005625
2 0.17068748474121093 0.8511871337890625 0.01237499237060547 0.005625
2 0.17006248474121094 0.843812255859375 0.01237499237060547 0.005625
2 0.1228125 0.9176873779296875 0.01237499237060547 0.005625
2 0.10768749237060547 0.9178125 0.01237499237060547 0.005625
2 0.1078125 0.9114373779296875 0.01237499237060547 0.005625
2 0.1084375 0.9029376220703125 0.01237499237060547 0.005625
2 0.10818750381469727 0.8966876220703125 0.01237499237060547 0.005625
2 0.10793749809265137 0.8911871337890624 0.01237499237060547 0.005625
2 0.12581249237060546 0.9040625 0.01237499237060547 0.005625
2 0.12168750762939454 0.8918121337890625 0.01237499237060547 0.005625
2 0.12231250762939454 0.8840621948242188 0.01237499237060547 0.005625
2 0.12293750762939454 0.8768121337890625 0.01237499237060547 0.005625
2 0.12168750762939454 0.898187255859375 0.01237499237060547 0.005625
2 0.1090625 0.8840625 0.01237499237060547 0.005625
2 0.1090625 0.8775625610351563 0.01237499237060547 0.005625
2 0.10768749237060547 0.8710626220703125 0.01237499237060547 0.005625
2 0.10818750381469727 0.8628125 0.01237499237060547 0.005625
2 0.1221875 0.8635626220703125 0.01237499237060547 0.005625
2 0.10768749237060547 0.8565625 0.01237499237060547 0.005625
2 0.07362500190734864 0.9056869506835937 0.012000007629394531 0.005875244140625
2 0.06 0.906312255859375 0.011999998092651367 0.005875244140625
2 0.05762499332427978 0.8983120727539062 0.012000007629394531 0.005875244140625
2 0.05737499713897705 0.8913119506835937 0.012000007629394531 0.005875244140625
2 0.05762499332427978 0.8843124389648438 0.012000007629394531 0.005875244140625
2 0.059749999046325684 0.8776873779296875 0.011999998092651367 0.005875244140625
2 0.05987499713897705 0.8708120727539063 0.012000007629394531 0.005875244140625
2 0.06 0.865062255859375 0.011999998092651367 0.005875244140625
2 0.05849999904632568 0.8576873779296875 0.011999998092651367 0.005875244140625
2 0.05875 0.851187744140625 0.011999998092651367 0.005875244140625
2 0.07337500095367432 0.857437744140625 0.011999998092651367 0.005875244140625
2 0.07224999904632569 0.898687744140625 0.011999998092651367 0.005875244140625
2 0.07387499809265137 0.8914370727539063 0.012000007629394531 0.005875244140625
2 0.07137499809265137 0.8849374389648438 0.012000007629394531 0.005875244140625
2 0.07424999713897705 0.8776873779296875 0.011999998092651367 0.005875244140625
2 0.07449999809265137 0.8715621948242187 0.012000007629394531 0.005875244140625
2 0.07375 0.8651873779296875 0.011999998092651367 0.005875244140625
2 0.025250000953674315 0.912437744140625 0.011999998092651367 0.005875244140625
2 0.025250000953674315 0.9058123779296875 0.011999998092651367 0.005875244140625
2 0.025999999046325682 0.8989373779296875 0.011999998092651367 0.005875244140625
2 0.026750001907348633 0.892437744140625 0.011999998092651367 0.005875244140625
2 0.02550000190734863 0.885687255859375 0.011999998092651367 0.005875244140625
2 0.025 0.8795623779296875 0.011999998092651367 0.005875244140625
2 0.025374999046325685 0.8723126220703125 0.011999998092651367 0.005875244140625
2 0.025999999046325682 0.8660626220703125 0.011999998092651367 0.005875244140625
2 0.026999998092651366 0.8591876220703125 0.011999998092651367 0.005875244140625
2 0.010749999284744263 0.9120623779296875 0.012000000476837159 0.005875244140625
2 0.009499999284744263 0.905062255859375 0.012000000476837159 0.005875244140625
2 0.012000000476837159 0.899437255859375 0.011999998092651367 0.005875244140625
2 0.013125 0.892562255859375 0.012000000476837159 0.005875244140625
2 0.009624999761581422 0.8851873779296875 0.012000000476837159 0.005875244140625
2 0.010250000953674317 0.8779376220703125 0.012000000476837159 0.005875244140625
2 0.009750000238418578 0.871937255859375 0.012000000476837159 0.005875244140625
2 0.010749999284744263 0.8653125 0.012000000476837159 0.005875244140625
2 0.011124999523162841 0.8584375 0.012000000476837159 0.005875244140625
2 0.17924997329711914 0.9538748168945312 0.006500015258789063 0.0125
2 0.16599998474121094 0.95206298828125 0.005513648986816406 0.0111248779296875
2 0.15912500381469727 0.9506875610351563 0.005513687133789063 0.0111248779296875
2 0.14468750953674317 0.948499755859375 0.00617218017578125 0.015250244140625
2 0.13374608039855956 0.9478536987304688 0.007242088317871094 0.01345703125
2 0.12678698539733887 0.9475555419921875 0.007073879241943359 0.013389892578125
2 0.11953700065612793 0.9473052978515625 0.007073879241943359 0.013389892578125
2 0.11362099647521973 0.94685302734375 0.0072421073913574215 0.0134564208984375
2 0.10723814010620117 0.947672119140625 0.006023807525634766 0.0101544189453125
2 0.10093750953674316 0.9456878662109375 0.00792734146118164 0.0136248779296875
2 0.09318751335144043 0.9454376220703125 0.007927379608154296 0.01362548828125
2 0.0865000057220459 0.9451251220703125 0.00706329345703125 0.014000244140625
2 0.0797500228881836 0.944000244140625 0.007063312530517578 0.014000244140625
2 0.07400004386901855 0.9433755493164062 0.00706329345703125 0.014000244140625
2 0.06712502479553223 0.9423757934570313 0.00706329345703125 0.014000244140625
2 0.06037500858306885 0.9436257934570312 0.00706329345703125 0.014000244140625
2 0.05437500476837158 0.9421255493164062 0.00706329345703125 0.014000244140625
2 0.047499985694885255 0.9410006713867187 0.00706329345703125 0.014000244140625
2 0.039875034689903256 0.9400006103515625 0.007063350677490234 0.014000244140625
2 0.032124917507171634 0.9401873779296875 0.006781578063964844 0.0121246337890625
2 0.02175004780292511 0.9399374389648437 0.007000001668930053 0.012125244140625
2 0.014374940395355225 0.9388128662109375 0.007000002861022949 0.012125244140625
2 0.007249964475631714 0.9369378662109376 0.006999995708465576 0.012125244140625
2 0.19275007247924805 0.9542498779296875 0.006760940551757812 0.0145001220703125
2 0.19974998474121095 0.9553750610351562 0.006760902404785156 0.0145001220703125
2 0.2123750114440918 0.9553756713867188 0.006760940551757812 0.0145001220703125
2 0.22806245803833008 0.9560000610351562 0.0063750076293945315 0.0127288818359375
2 0.2605625343322754 0.9558126831054687 0.007625007629394531 0.017568359375
2 0.2509339714050293 0.916243896484375 0.01461780548095703 0.0077374267578125
2 0.21780881881713868 0.9146188354492187 0.014617958068847657 0.0077374267578125
2 0.2021234130859375 0.9152505493164063 0.014005699157714845 0.007249755859375
2 0.20349838256835937 0.9046255493164063 0.0140057373046875 0.007249755859375
2 0.218125 0.9035000610351562 0.01325000762939453 0.0067498779296875
2 0.20412500381469725 0.8966250610351563 0.01325000762939453 0.0067498779296875
2 0.21787498474121095 0.8901248168945313 0.01325000762939453 0.00675048828125
2 0.21799999237060547 0.8771249389648438 0.013249969482421875 0.0067498779296875
2 0.20200000762939452 0.8833749389648438 0.013249969482421875 0.0067498779296875
2 0.20075000762939454 0.8702499389648437 0.013249969482421875 0.0067498779296875
2 0.20225000381469727 0.8627499389648438 0.01325000762939453 0.0067498779296875
2 0.20387498855590822 0.8507498168945312 0.013249969482421875 0.00675048828125
2 0.20237499237060547 0.8433749389648437 0.013249969482421875 0.0067498779296875
2 0.21912498474121095 0.8551248168945312 0.01325000762939453 0.00675048828125
2 0.25174999237060547 0.868125 0.013249969482421875 0.0067498779296875
2 0.29875 0.8759375 0.012999992370605468 0.006881103515625
2 0.3147499656677246 0.8817495727539062 0.01325000762939453 0.00675048828125
2 0.21825000762939453 0.654312744140625 0.012750015258789063 0.005875244140625
2 0.19012500762939452 0.654312744140625 0.012750015258789063 0.005875244140625
2 0.23362499237060547 0.653812255859375 0.012750015258789063 0.005875244140625
2 0.23987499237060547 0.6729376220703125 0.012750015258789063 0.005875244140625
2 0.22205768585205077 0.6770425415039063 0.0128656005859375 0.0110845947265625
2 0.28275001525878907 0.6727499389648437 0.011999969482421874 0.0060009765625
2 0.2969999885559082 0.65375 0.011999969482421874 0.0060009765625
2 0.28262502670288087 0.6544998168945313 0.012000236511230469 0.006002197265625
2 0.2653750228881836 0.654000244140625 0.011999969482421874 0.0060009765625
2 0.3246250104904175 0.6717498779296875 0.011999988555908203 0.0060009765625
2 0.32662498474121093 0.6528750610351562 0.012000274658203126 0.006002197265625
0 0.29317426681518555 0.49981475830078126 0.021711463928222655 0.0252777099609375
0 0.21458328247070313 0.498206787109375 0.019895782470703127 0.02939453125
0 0.21706836700439452 0.45976409912109373 0.020342864990234376 0.0287054443359375
0 0.2156924819946289 0.4208920288085938 0.020051040649414063 0.0281146240234375
0 0.2940592956542969 0.4191009521484375 0.022153053283691406 0.0294873046875
0 0.29431249618530275 0.380625 0.018125 0.02625
0 0.12947409629821777 0.5287368774414063 0.027883892059326173 0.030177001953125
0 0.13782873153686523 0.492301025390625 0.01823230743408203 0.0289178466796875
0 0.13863945960998536 0.41200439453125 0.018469409942626955 0.0259796142578125
0 0.16211874008178712 0.3762158203125 0.033758201599121095 0.0322467041015625
0 0.19146120071411132 0.351722412109375 0.03315868377685547 0.0294952392578125
0 0.22692087173461914 0.33382843017578123 0.034494972229003905 0.028779296875
0 0.3916446304321289 0.379200439453125 0.02114418029785156 0.0285882568359375
0 0.3917537689208984 0.4203274536132813 0.02190773010253906 0.028319091796875
0 0.39139781951904296 0.459422607421875 0.02190773010253906 0.0283197021484375
0 0.3893266296386719 0.49958984375 0.02190773010253906 0.0283197021484375
0 0.47902172088623046 0.49919403076171875 0.02190681457519531 0.0282415771484375
0 0.48016666412353515 0.45702850341796875 0.02190681457519531 0.0282415771484375
0 0.5433531188964844 0.42160003662109374 0.02577690124511719 0.0288616943359375
0 0.5438194656372071 0.37947357177734375 0.024308624267578124 0.0287274169921875
0 0.6432472229003906 0.4875222778320312 0.021456451416015626 0.028585205078125
2 0.6418751525878906 0.5420001220703125 0.006001434326171875 0.0135003662109375
2 0.3728287887573242 0.672247314453125 0.011999969482421874 0.0060009765625
2 0.3634206390380859 0.6530636596679688 0.012000274658203126 0.006002197265625
2 0.34593097686767577 0.6519973754882813 0.011999969482421874 0.0060009765625
2 0.38448936462402344 0.6530169677734375 0.011999969482421874 0.0060009765625
2 0.4209622955322266 0.6704598999023438 0.011999969482421874 0.0060009765625
2 0.4231547164916992 0.6523184204101562 0.012000274658203126 0.006002197265625
2 0.43903316497802736 0.6529464721679688 0.011999969482421874 0.0060009765625
2 0.4586917495727539 0.6718234252929688 0.012000274658203126 0.006002197265625
2 0.47190242767333984 0.6527194213867188 0.01292083740234375 0.005347900390625
2 0.3486917495727539 0.708199462890625 0.012000274658203126 0.006002197265625
2 0.36274539947509765 0.7139108276367188 0.011999969482421874 0.0060009765625
2 0.36246131896972655 0.7210565185546876 0.011999969482421874 0.0060009765625
2 0.36348060607910154 0.7283328247070312 0.012000274658203126 0.006002197265625
2 0.3469034194946289 0.742255859375 0.012000274658203126 0.006002197265625
2 0.39536792755126954 0.7490103149414062 0.012000274658203126 0.006002197265625
2 0.3971693420410156 0.7343878173828124 0.011999969482421874 0.0060009765625
2 0.4107015991210938 0.7421853637695313 0.011999969482421874 0.0060009765625
2 0.4111995315551758 0.7605401611328125 0.012000274658203126 0.006002197265625
2 0.40948158264160156 0.803009033203125 0.011999969482421874 0.0060009765625
2 0.39564170837402346 0.7949044799804688 0.012000274658203126 0.006002197265625
2 0.4093042755126953 0.7883633422851563 0.011999969482421874 0.0060009765625
2 0.4435614013671875 0.8015045166015625 0.011999969482421874 0.0060009765625
2 0.4580060958862305 0.7948333740234375 0.012000274658203126 0.006002197265625
2 0.45863441467285154 0.7812545776367188 0.011999969482421874 0.0060009765625
2 0.4430999755859375 0.7822735595703125 0.011999969482421874 0.0060009765625
2 0.44437992095947265 0.7621768188476562 0.011999969482421874 0.0060009765625
2 0.45778186798095705 0.7608505249023437 0.011999969482421874 0.0060009765625
2 0.46062602996826174 0.7477926635742187 0.011999969482421874 0.0060009765625
2 0.4414420318603516 0.7412521362304687 0.012000274658203126 0.006002197265625
2 0.4429826354980469 0.7324951171875 0.011999969482421874 0.0060009765625
2 0.4433502197265625 0.7211318969726562 0.012000274658203126 0.006002197265625
2 0.44215362548828124 0.714591064453125 0.011999969482421874 0.0060009765625
2 0.4435639953613281 0.707659912109375 0.012000274658203126 0.006002197265625
2 0.45826938629150393 0.7278396606445312 0.011999969482421874 0.0060009765625
2 0.45772457122802734 0.7214291381835938 0.012000274658203126 0.006002197265625
2 0.4574404144287109 0.7133245849609375 0.011999969482421874 0.0060009765625
2 0.6394375610351563 0.8751248168945313 0.011125030517578125 0.005755615234375
2 0.6060000610351562 0.8024380493164063 0.013259429931640625 0.0071246337890625
3 0.678062515258789 0.8303128051757812 0.008625030517578125 0.0255548095703125
2 0.5405621719360352 0.7956790161132813 0.016624298095703125 0.0088580322265625
2 0.5567499923706055 0.7945623779296875 0.01375 0.008125
2 0.556875114440918 0.8019415283203125 0.0132501220703125 0.0066326904296875
2 0.5405017852783203 0.8029379272460937 0.013246688842773437 0.0066253662109375
2 0.5886250305175781 0.78768798828125 0.013259506225585938 0.0071246337890625
2 0.6040054321289062 0.7805551147460937 0.012260894775390625 0.006859130859375
2 0.5897554779052734 0.7743045043945312 0.012260894775390625 0.006859130859375
2 0.5902554702758789 0.7678042602539062 0.012260894775390625 0.0068585205078125
2 0.5855055236816407 0.7604293823242188 0.012260665893554687 0.00685791015625
2 0.5847554779052735 0.7524295043945313 0.012260894775390625 0.006859130859375
2 0.5557553863525391 0.7873043823242187 0.012260665893554687 0.00685791015625
2 0.5547554397583008 0.7813043212890625 0.012260665893554687 0.00685791015625
2 0.554755516052246 0.7749301147460937 0.012260894775390625 0.006859130859375
2 0.554880485534668 0.7684298706054687 0.012260894775390625 0.0068585205078125
2 0.5548805618286132 0.7618051147460938 0.012260894775390625 0.006859130859375
2 0.555130500793457 0.7551797485351562 0.012260894775390625 0.0068585205078125
2 0.5542555618286132 0.7471795654296876 0.012260894775390625 0.0068585205078125
2 0.5538804244995117 0.7400540161132813 0.012260665893554687 0.00685791015625
2 0.5547554016113281 0.7335546875 0.012260665893554687 0.00685791015625
2 0.555130500793457 0.7265542602539062 0.012260894775390625 0.0068585205078125
2 0.555755500793457 0.7198046875 0.012260665893554687 0.00685791015625
2 0.5400054931640625 0.7811801147460937 0.012260894775390625 0.006859130859375
2 0.5397554397583008 0.7748046875 0.012260665893554687 0.00685791015625
2 0.5393733978271484 0.7672760009765625 0.013503265380859376 0.006552734375
2 0.540748519897461 0.754276123046875 0.013503189086914063 0.0065521240234375
2 0.5407484817504883 0.747401123046875 0.013503189086914063 0.0065521240234375
2 0.5382484817504882 0.7410260009765625 0.013503189086914063 0.0065521240234375
2 0.5406305313110351 0.7336801147460937 0.012260894775390625 0.006859130859375
2 0.5402555084228515 0.727054443359375 0.012260894775390625 0.006859130859375
2 0.5416304779052734 0.7191796875 0.012260665893554687 0.00685791015625
2 0.5425053787231445 0.7138043212890625 0.012260665893554687 0.00685791015625
2 0.5432553863525391 0.7073040771484375 0.012260665893554687 0.00685791015625
2 0.6407813262939454 0.7233444213867187 0.014187469482421874 0.0141876220703125
2 0.6235000991821289 0.7063754272460937 0.012249984741210938 0.0121783447265625
2 0.6118125152587891 0.694375 0.012624969482421875 0.0133062744140625
2 0.5984374618530274 0.6819375610351562 0.011625289916992188 0.0118310546875
2 0.5881876373291015 0.6701873779296875 0.0116253662109375 0.0118310546875
2 0.5691251373291015 0.6546875 0.01225006103515625 0.011060791015625
2 0.551403465270996 0.6510015869140625 0.01130706787109375 0.0052532958984375
2 0.5326534652709961 0.6520016479492188 0.01130706787109375 0.0052532958984375
2 0.5135285186767579 0.6521267700195312 0.011307220458984375 0.00525390625
2 0.6627603149414063 0.7014950561523438 0.012479400634765625 0.0122406005859375
2 0.6540261077880859 0.6902163696289062 0.01380279541015625 0.01393310546875
2 0.6306256866455078 0.6688671875 0.013251113891601562 0.012733154296875
2 0.6195007705688477 0.6578671264648438 0.013251190185546874 0.012733154296875
2 0.6026257705688477 0.6422421264648438 0.013251190185546874 0.012733154296875
3 0.7185629272460937 0.6573233032226562 0.023387908935546875 0.0096466064453125
2 0.6789999389648438 0.647249755859375 0.00625 0.0145001220703125
2 0.6719998931884765 0.6458746337890625 0.00625 0.0145001220703125
2 0.6799999237060547 0.6307498168945312 0.00625 0.01449951171875
2 0.6631249237060547 0.6306246948242188 0.00625 0.0145001220703125
2 0.6639999389648438 0.6461245727539062 0.00625 0.01449951171875
2 0.6552499389648437 0.645999755859375 0.00625 0.0145001220703125
2 0.6479999542236328 0.630374755859375 0.00625 0.0145001220703125
2 0.6409999084472656 0.6301248168945313 0.00625 0.01449951171875
2 0.6786251068115234 0.597437744140625 0.006003875732421875 0.0123748779296875
2 0.7204999542236328 0.6023126220703126 0.01350006103515625 0.0063861083984375
2 0.7215582275390625 0.5945550537109375 0.012383880615234375 0.0068603515625
2 0.6613751983642578 0.59706298828125 0.006003875732421875 0.0123748779296875
2 0.6446250915527344 0.5971875 0.006003875732421875 0.0123748779296875
2 0.6177500534057617 0.5981881713867188 0.006003952026367188 0.0123748779296875
2 0.5822499847412109 0.5971881103515625 0.006003952026367188 0.0123748779296875
0 0.7537712097167969 0.5382943725585938 0.01889984130859375 0.02881103515625
0 0.7607044982910156 0.6175082397460937 0.020865020751953126 0.0276275634765625
0 0.8344212341308593 0.6526177978515625 0.024530792236328126 0.0351519775390625
0 0.8378086090087891 0.6136032104492187 0.02868255615234375 0.03122314453125
0 0.8393675994873047 0.5755142211914063 0.02517059326171875 0.0309246826171875
0 0.8402726745605469 0.5374078369140625 0.027296905517578126 0.02976806640625
0 0.8456000518798829 0.4906890869140625 0.03361557006835938 0.0456329345703125
0 0.7588619232177735 0.7775479125976562 0.01466033935546875 0.0274945068359375
0 0.8259036254882812 0.737215576171875 0.022167205810546875 0.030213623046875
0 0.830986328125 0.694107666015625 0.0184967041015625 0.030191650390625
3 0.8141911315917969 0.788775634765625 0.00811798095703125 0.0268011474609375
3 0.846626968383789 0.7960848999023438 0.008756866455078125 0.0224200439453125
5 0.8692500305175781 0.7980624389648437 0.007085113525390625 0.0141253662109375
0 0.9398712921142578 0.6498654174804688 0.042225494384765624 0.0437396240234375
0 0.9394784545898438 0.5998483276367188 0.04996002197265625 0.03478759765625
0 0.9434261322021484 0.5554351806640625 0.03760696411132813 0.0427020263671875
2 0.936500244140625 0.8390069580078126 0.01275054931640625 0.00699462890625
2 0.9351252746582032 0.7998825073242187 0.01275054931640625 0.00699462890625
2 0.9681253051757812 0.834757080078125 0.012750701904296875 0.0069952392578125
2 0.9883753204345703 0.8341323852539062 0.01275054931640625 0.0069952392578125
2 0.9857502746582031 0.8256326293945313 0.01275054931640625 0.00699462890625
2 0.991875 0.8636251831054688 0.00725860595703125 0.0157501220703125
2 0.9845001220703125 0.8642507934570313 0.00725860595703125 0.0157501220703125
2 0.9770001220703125 0.8650009155273437 0.00725860595703125 0.0157501220703125
2 0.9685002899169922 0.864625244140625 0.00725860595703125 0.0157501220703125
