2 0.19087493896484375 0.6571255493164062 0.01375 0.0050140380859375
2 0.12918792724609374 0.6574374389648437 0.014375 0.005648193359375
2 0.0815625 0.6503125 0.009124755859375 0.0051611328125
2 0.0298126220703125 0.6509375 0.0091253662109375 0.0051611328125
2 0.5861203002929688 0.72678955078125 0.0119158935546875 0.007767333984375
2 0.6032998657226563 0.6255630493164063 0.0120233154296875 0.00667236328125
2 0.5860873413085937 0.604271240234375 0.01065185546875 0.0109295654296875
2 0.5974078369140625 0.5870333862304687 0.0099163818359375 0.0092681884765625
2 0.6048095703125 0.5852392578125 0.012088623046875 0.0140484619140625
2 0.6068438720703125 0.5742160034179687 0.01152587890625 0.011114501953125
2 0.58495849609375 0.5500338745117187 0.0117376708984375 0.0098406982421875
2 0.586624755859375 0.5848126220703125 0.01 0.01093505859375
2 0.5941253662109375 0.5758126831054687 0.01059814453125 0.0096246337890625
2 0.5761251831054688 0.5605624389648437 0.01059814453125 0.0096246337890625
2 0.604375 0.13143768310546874 0.0122760009765625 0.012125244140625
2 0.5926495361328125 0.13102752685546876 0.01048583984375 0.0095550537109375
2 0.984063720703125 0.29887603759765624 0.0113751220703125 0.00925048828125
2 0.9323126220703125 0.2793743896484375 0.0113751220703125 0.009249267578125
2 0.8966873168945313 0.2661248779296875 0.0113751220703125 0.0092498779296875
2 0.8945407104492188 0.36071014404296875 0.0075811767578125 0.010169677734375
2 0.8541488647460938 0.3987008666992187 0.0107977294921875 0.0088482666015625
2 0.8701788330078125 0.38411285400390627 0.0073931884765625 0.01052490234375
2 0.8768753051757813 0.3988125610351563 0.00757568359375 0.0103753662109375
2 0.86909423828125 0.41867279052734374 0.0075616455078125 0.009654541015625
2 0.8448095703125 0.49003692626953127 0.008369140625 0.0113232421875
2 0.9647506713867188 0.5815625 0.0064996337890625 0.00894287109375
2 0.6686737060546875 0.4781710815429687 0.0087091064453125 0.012620849609375
