2 0.304678955078125 0.521248779296875 0.00891143798828125 0.0198785400390625
2 0.483817138671875 0.4841522216796875 0.03087799072265625 0.0111663818359375
2 0.48335464477539064 0.506737060546875 0.0323272705078125 0.0106341552734375
2 0.634095458984375 0.6888381958007812 0.00649688720703125 0.018970947265625
2 0.9729214477539062 0.7478118896484375 0.01983642578125 0.020836181640625
2 0.9701248168945312 0.7735690307617188 0.0159844970703125 0.015550537109375
2 0.9724497985839844 0.848883056640625 0.0178790283203125 0.01731689453125
2 0.9715048217773438 0.8624215698242188 0.0178790283203125 0.0173175048828125
2 0.8541670227050782 0.6870880126953125 0.00757720947265625 0.016265869140625
2 0.624556884765625 0.6898495483398438 0.0082904052734375 0.0165484619140625
2 0.6161103820800782 0.6909323120117188 0.00738861083984375 0.0177789306640625
2 0.6526942443847656 0.6883935546875 0.00779571533203125 0.017623291015625
2 0.6722198486328125 0.7859115600585938 0.01867431640625 0.0170916748046875
2 0.6825764465332032 0.7985638427734375 0.012642822265625 0.0123089599609375
2 0.8420405578613281 0.686966552734375 0.00879608154296875 0.018599853515625
2 0.8276118469238282 0.6871035766601562 0.00834259033203125 0.0187261962890625
2 0.4650424003601074 0.9680789184570312 0.017743606567382813 0.0180084228515625
2 0.48852386474609377 0.9763766479492187 0.02295196533203125 0.0245391845703125
2 0.21147933959960938 0.76556884765625 0.0194671630859375 0.018355712890625
2 0.49896926879882814 0.9730026245117187 0.0170770263671875 0.019329833984375
2 0.5246133422851562 0.923260498046875 0.0193255615234375 0.0167523193359375
2 0.5660234069824219 0.9377157592773437 0.0166650390625 0.0183697509765625
2 0.56791259765625 0.890528564453125 0.0193255615234375 0.0167523193359375
