2 0.15912567138671874 0.8546879577636719 0.0064996337890625 0.01137359619140625
2 0.16375091552734375 0.8548130798339844 0.006500244140625 0.01137359619140625
5 0.13099151611328125 0.088465576171875 0.017733154296875 0.0140679931640625
5 0.1307666015625 0.08115875244140625 0.021219482421875 0.01606689453125
5 0.14006195068359376 0.07162506103515626 0.025374755859375 0.01808258056640625
5 0.14468719482421874 0.06487472534179688 0.025374755859375 0.01808258056640625
5 0.15443756103515624 0.0516253662109375 0.025374755859375 0.01808258056640625
5 0.17206298828125 0.021499786376953125 0.0253753662109375 0.01808258056640625
5 0.1814373779296875 0.007323074340820313 0.025374755859375 0.0157916259765625
5 0.32887451171875 0.035374908447265624 0.021763916015625 0.027750244140625
5 0.372999267578125 0.07193740844726562 0.01125 0.0129632568359375
5 0.454188232421875 0.08156265258789062 0.022220458984375 0.015625
5 0.54925048828125 0.08293731689453125 0.024404296875 0.0226251220703125
5 0.5424371337890626 0.09012542724609375 0.02362548828125 0.02314208984375
2 0.5133770751953125 0.09846023559570312 0.010614013671875 0.012420654296875
2 0.6318609619140625 0.33960693359375 0.01102783203125 0.00878570556640625
