7 0.01842620849609375 0.3768214416503906 0.03266265869140625 0.0396539306640625
7 0.0127508544921875 0.7080661010742187 0.026923980712890625 0.06086822509765625
7 0.39308738708496094 0.9402862548828125 0.03401748657226562 0.052000732421875
2 0.15549575805664062 0.9830096435546875 0.010125732421875 0.024091796875
2 0.22915367126464845 0.9709689331054687 0.024234771728515625 0.0119940185546875
2 0.1302104949951172 0.9817007446289062 0.02997467041015625 0.028917236328125
2 0.1551495361328125 0.9103410339355469 0.010019378662109375 0.0268603515625
2 0.15851959228515625 0.7896298217773438 0.010474853515625 0.0275836181640625
2 0.11312843322753906 0.7377792358398437 0.02793304443359375 0.0139666748046875
2 0.1630586242675781 0.6579957580566407 0.010474853515625 0.0261871337890625
7 0.3715083312988281 0.687325439453125 0.03840789794921875 0.05900848388671875
7 0.3482653045654297 0.46481430053710937 0.06374420166015625 0.03346527099609375
7 0.11756561279296875 0.3911669921875 0.06268936157226562 0.0373602294921875
2 0.1680748748779297 0.4920301818847656 0.0248846435546875 0.01548431396484375
2 0.17081207275390625 0.47800765991210936 0.024884490966796874 0.0154840087890625
2 0.2779489898681641 0.4975047302246094 0.024884490966796874 0.01548431396484375
3 0.2290503692626953 0.3931562805175781 0.01958282470703125 0.03770965576171875
2 0.41061447143554686 0.35335205078125 0.01537994384765625 0.02374298095703125
2 0.061103515625 0.21700408935546875 0.019089813232421874 0.02548858642578125
2 0.26354934692382814 0.22267318725585938 0.0308624267578125 0.0214630126953125
2 0.23263603210449219 0.2086061096191406 0.02812103271484375 0.02052490234375
2 0.11638435363769531 0.1548036193847656 0.032349853515625 0.02558868408203125
2 0.20041885375976562 0.14909194946289062 0.022346343994140625 0.0263433837890625
2 0.6070181274414063 0.17335891723632812 0.01990203857421875 0.01156982421875
2 0.6038865661621093 0.18877456665039063 0.02756195068359375 0.0142108154296875
2 0.6038308715820313 0.20547836303710937 0.02756195068359375 0.0142108154296875
2 0.5176327514648438 0.3287359619140625 0.033170166015625 0.0187713623046875
2 0.4951808166503906 0.3462068176269531 0.0270965576171875 0.01713409423828125
2 0.42730735778808593 0.3589727783203125 0.01453094482421875 0.0203204345703125
2 0.6340782165527343 0.4198670959472656 0.01326812744140625 0.0270758056640625
2 0.6354747009277344 0.4488478088378906 0.01122833251953125 0.0247906494140625
7 0.46447463989257814 0.4743516540527344 0.03403106689453125 0.05286468505859375
7 0.4838140869140625 0.5709034729003907 0.034488525390625 0.05577545166015625
2 0.7321926879882813 0.5560408020019532 0.02234649658203125 0.0101666259765625
7 0.7776693725585937 0.6184573364257813 0.05783599853515625 0.035091552734375
2 0.6005587768554688 0.6538059997558594 0.02946533203125 0.0143157958984375
2 0.63390380859375 0.7407473754882813 0.0101318359375 0.02409210205078125
7 0.4621874237060547 0.6997401428222656 0.023683929443359376 0.04733856201171875
7 0.4729612731933594 0.8521565246582031 0.03312774658203125 0.059759521484375
2 0.6075418090820313 0.8978701782226562 0.0237432861328125 0.010125732421875
7 0.4504377746582031 0.9671307373046875 0.0495892333984375 0.060950927734375
7 0.8519364929199219 0.9150627136230469 0.05842010498046875 0.07055801391601563
7 0.9080537414550781 0.9187074279785157 0.0307452392578125 0.05131668090820313
7 0.8953840637207031 0.643509521484375 0.058358154296875 0.0472137451171875
6 0.8703997802734375 0.27902923583984374 0.01173858642578125 0.012373046875
6 0.8720240783691406 0.26542510986328127 0.01173858642578125 0.012373046875
6 0.8847525024414062 0.2680012512207031 0.01173858642578125 0.012373046875
6 0.8759072875976562 0.24932098388671875 0.01173828125 0.012373046875
6 0.8803871154785157 0.23095809936523437 0.01173858642578125 0.012373046875
6 0.8747145080566406 0.22147842407226562 0.01173858642578125 0.012373046875
6 0.8814149475097657 0.20882614135742186 0.01173858642578125 0.012373046875
6 0.8741560363769532 0.19839462280273437 0.01173858642578125 0.012373046875
6 0.8833946228027344 0.186376953125 0.01173858642578125 0.012373046875
7 0.8705583190917969 0.052982177734375 0.0266497802734375 0.059644775390625
