3 0.1411236572265625 0.397698974609375 0.0060028076171875 0.020435791015625
2 0.49229583740234373 0.8882241821289063 0.0125927734375 0.0104766845703125
2 0.58625 0.8763125610351562 0.0104998779296875 0.0109661865234375
2 0.6098751831054687 0.8824374389648437 0.0104998779296875 0.0109661865234375
2 0.607437744140625 0.887938232421875 0.0123748779296875 0.01328125
2 0.6174081420898437 0.8744107055664062 0.0110650634765625 0.011429443359375
2 0.6252828979492188 0.8655355834960937 0.0110650634765625 0.0114300537109375
2 0.611875 0.8415625 0.0095001220703125 0.009625244140625
2 0.6068746948242187 0.845687255859375 0.0095001220703125 0.009625244140625
2 0.597750244140625 0.858062744140625 0.0095001220703125 0.009625244140625
2 0.624000244140625 0.5560003662109375 0.00681640625 0.015
0 0.5268502807617188 0.41429718017578127 0.0356243896484375 0.035792236328125
0 0.5067974853515625 0.33851470947265627 0.021575927734375 0.013292236328125
0 0.5397406005859375 0.305555419921875 0.0207159423828125 0.011978759765625
2 0.6323126220703125 0.5380624389648437 0.01391845703125 0.013125
2 0.6598748779296875 0.5286871337890625 0.0157843017578125 0.0061248779296875
5 0.6389999389648438 0.5760000610351562 0.0195001220703125 0.0060015869140625
5 0.639000244140625 0.5822509765625 0.0195001220703125 0.0060015869140625
5 0.6364999389648438 0.5913751220703125 0.0157501220703125 0.00550048828125
5 0.6973785400390625 0.5933587646484375 0.005494384765625 0.014466552734375
2 0.4197503662109375 0.6510626220703125 0.011363525390625 0.00512451171875
2 0.4772503662109375 0.6516876220703125 0.011363525390625 0.00512451171875
2 0.9416879272460937 0.6574374389648437 0.014375 0.005648193359375
2 0.8940625 0.6503125 0.009124755859375 0.0051611328125
2 0.8423126220703125 0.6509375 0.0091253662109375 0.0051611328125
2 0.67112548828125 0.6251251220703125 0.0057501220703125 0.01005126953125
2 0.6838751220703125 0.62699951171875 0.0057501220703125 0.01005126953125
2 0.6942498779296875 0.6248748779296875 0.0057501220703125 0.01005126953125
