5 0.4219775390625 0.8236686706542968 0.00970489501953125 0.025662841796875
5 0.4086867141723633 0.824744873046875 0.010126495361328125 0.02948974609375
2 0.14575000762939452 0.8939373779296875 0.004500007629394532 0.0098748779296875
2 0.12600000381469725 0.8956875610351562 0.004500007629394532 0.0098748779296875
2 0.10575000762939453 0.8976873779296874 0.004500007629394532 0.0098748779296875
2 0.12799999237060547 0.8715625 0.004500007629394532 0.0098748779296875
2 0.136875 0.8713125610351562 0.004500007629394532 0.0098748779296875
2 0.15700000762939453 0.8720623779296875 0.004500007629394532 0.0098748779296875
5 0.12361929893493652 0.7660820007324218 0.007488689422607422 0.02358551025390625
5 0.10424764633178711 0.7659379577636719 0.00827249526977539 0.02762542724609375
3 0.09243749618530274 0.7431875610351563 0.035124988555908204 0.00945648193359375
3 0.024375007152557374 0.7604376220703125 0.008545289039611817 0.0361248779296875
5 0.040937495827674864 0.7682502746582032 0.006383655071258545 0.01850006103515625
2 0.011757350116968155 0.7062240600585937 0.00473531186580658 0.0084478759765625
2 0.01688234567642212 0.7058491516113281 0.004735310077667237 0.0084478759765625
2 0.02138234406709671 0.7058493041992188 0.004735311269760132 0.0084478759765625
2 0.07888234496116638 0.70534912109375 0.004735312461853027 0.0084478759765625
2 0.10525733947753907 0.7074739074707032 0.0047353172302246095 0.00844818115234375
2 0.12657166481018067 0.7094261169433593 0.004856739044189453 0.0098516845703125
2 0.1384466552734375 0.7076759338378906 0.004856739044189453 0.0098516845703125
2 0.13244664192199707 0.7071759033203125 0.004856739044189453 0.00985137939453125
2 0.14319665908813475 0.7075508117675782 0.004856739044189453 0.00985137939453125
2 0.15007164001464843 0.7078007507324219 0.004856739044189453 0.00985137939453125
2 0.15457165718078614 0.7078010559082031 0.004856739044189453 0.00985137939453125
2 0.16132165908813476 0.7074258422851563 0.0048567581176757815 0.00985137939453125
2 0.16807167053222657 0.7076759338378906 0.0048567581176757815 0.0098516845703125
2 0.17557163238525392 0.7079257202148438 0.0048567581176757815 0.00985137939453125
2 0.18057161331176758 0.7074256896972656 0.0048567581176757815 0.00985137939453125
2 0.18531246185302735 0.7063121032714844 0.004625015258789063 0.00837493896484375
2 0.1906874656677246 0.7056874084472656 0.004625015258789063 0.008375244140625
2 0.19962512969970703 0.7082501220703125 0.008816070556640625 0.01274993896484375
2 0.20887500762939454 0.7097502136230469 0.005999984741210937 0.0107855224609375
2 0.21431249618530274 0.7059999084472657 0.0073749923706054685 0.01146484375
2 0.5603125 0.6871249389648437 0.009336318969726563 0.012249755859375
2 0.5666874694824219 0.6842498779296875 0.009336471557617188 0.01225006103515625
2 0.6426876831054688 0.6333126831054687 0.010128631591796874 0.0098748779296875
5 0.8543860626220703 0.6127655029296875 0.020522308349609376 0.0251318359375
2 0.9385600280761719 0.9860134887695312 0.00462005615234375 0.01122314453125
5 0.8802611541748047 0.5951405334472656 0.02052215576171875 0.0251318359375
5 0.8863861846923828 0.5901405334472656 0.02052215576171875 0.0251318359375
5 0.9377611541748047 0.552265625 0.02052215576171875 0.0251318359375
