0 0.1046636962890625 0.6946461486816407 0.02865447998046875 0.02251312255859375
0 0.13654228210449218 0.6976445770263672 0.041042633056640625 0.045529327392578124
0 0.20071929931640625 0.6961865234375 0.052447509765625 0.060671844482421876
0 0.31212646484375 0.7862039947509766 0.0392156982421875 0.03387298583984375
0 0.40502197265625 0.6997908782958985 0.0478912353515625 0.05338882446289062
0 0.47181243896484376 0.719375 0.0411248779296875 0.03350006103515625
0 0.46878082275390626 0.7576313781738281 0.0442486572265625 0.0395098876953125
0 0.469947509765625 0.7954886627197265 0.0450982666015625 0.03259857177734375
2 0.015725860595703123 0.9473741149902344 0.0060595703125 0.013501739501953125
2 0.022186431884765625 0.9471600341796875 0.006126708984375 0.01368011474609375
2 0.20731201171875 0.9315348815917969 0.006126708984375 0.01368011474609375
2 0.222061767578125 0.9310349273681641 0.006126708984375 0.01368011474609375
2 0.22881195068359375 0.931659927368164 0.006126708984375 0.01368011474609375
2 0.236312255859375 0.9315348815917969 0.006126708984375 0.01368011474609375
2 0.24456146240234375 0.9321599578857422 0.006126708984375 0.01368011474609375
2 0.25193695068359373 0.931409912109375 0.006126708984375 0.013679962158203125
2 0.25806182861328125 0.9320349884033203 0.006126708984375 0.0136798095703125
2 0.23781158447265624 0.9641600036621094 0.006126708984375 0.0136798095703125
2 0.23143646240234375 0.9644099426269531 0.006126708984375 0.01368011474609375
2 0.27531158447265625 0.9634100341796875 0.006126708984375 0.013679962158203125
2 0.4293115234375 0.9456600189208985 0.0061260986328125 0.013679962158203125
2 0.43756195068359377 0.9457849884033203 0.006126708984375 0.01368011474609375
2 0.45831146240234377 0.9467849731445312 0.006126708984375 0.01368011474609375
2 0.5415750122070313 0.7967646026611328 0.0144012451171875 0.007529296875
2 0.6165838623046875 0.8143988800048828 0.011331787109375 0.0152020263671875
2 0.63125 0.8208750915527344 0.01231689453125 0.016750030517578125
