0 0.09651107788085937 0.27652429580688476 0.06871749877929688 0.0686794662475586
0 0.13580818176269532 0.22840904235839843 0.06059051513671875 0.060914039611816406
0 0.17812957763671874 0.18564367532730103 0.07367462158203125 0.07471392631530761
0 0.22736427307128906 0.1436979866027832 0.07371505737304687 0.07378253936767579
0 0.31121665954589844 0.13346606254577636 0.05317642211914062 0.05845773696899414
0 0.38592308044433593 0.18999920129776002 0.059598541259765624 0.06166998863220215
0 0.34394920349121094 0.22804996490478516 0.0642559814453125 0.06422042846679688
0 0.30423828125 0.2760757064819336 0.0637188720703125 0.06368595123291015
0 0.2606841278076172 0.31621517658233644 0.06323822021484375 0.06327703475952148
0 0.08611007690429688 0.4817091751098633 0.0544720458984375 0.054939041137695314
6 0.46631210327148437 0.33000885009765624 0.040780029296875 0.0385638427734375
