7 0.14625 0.0703570556640625 0.0410711669921875 0.047132568359375
7 0.0458660888671875 0.3413419342041016 0.065894775390625 0.0453265380859375
2 0.158245849609375 0.47705156326293946 0.0243487548828125 0.022673568725585937
2 0.1816839599609375 0.4550886535644531 0.0256427001953125 0.024462890625
2 0.0596136474609375 0.6240066528320313 0.02114501953125 0.03127227783203125
7 0.20751800537109374 0.9918585205078125 0.059908447265625 0.04206024169921875
7 0.4735345458984375 0.9703065490722657 0.0608294677734375 0.03905029296875
7 0.5769052124023437 0.8397042846679688 0.0725457763671875 0.071678466796875
2 0.3683929443359375 0.726785888671875 0.01392822265625 0.028096923828125
2 0.26318115234375 0.6731423950195312 0.025067138671875 0.01657257080078125
7 0.49099212646484375 0.6272801208496094 0.06555419921875 0.06300079345703125
7 0.3474835205078125 0.5611892700195312 0.0549658203125 0.0480926513671875
7 0.4728131103515625 0.5418801879882813 0.0462530517578125 0.0406207275390625
6 0.4928570556640625 0.4133927917480469 0.01642822265625 0.014642791748046875
6 0.463214111328125 0.41642852783203127 0.012142333984375 0.012142791748046874
3 0.325535888671875 0.3300001525878906 0.0314007568359375 0.02857147216796875
2 0.5142437744140625 0.2802539825439453 0.0249169921875 0.02592071533203125
2 0.4941070556640625 0.230535888671875 0.02345947265625 0.0246429443359375
2 0.570714111328125 0.25053604125976564 0.0257000732421875 0.023214569091796877
2 0.5792855834960937 0.2608927154541016 0.0257000732421875 0.023214569091796877
7 0.7949798583984375 0.04215766906738281 0.038505859375 0.056866302490234374
7 0.6911813354492188 0.2554021453857422 0.057867431640625 0.06177474975585937
6 0.719617919921875 0.27239585876464845 0.01423583984375 0.015625
7 0.607381591796875 0.6247271728515625 0.0815625 0.07514801025390624
7 0.654500732421875 0.7013333129882813 0.0285693359375 0.04012725830078125
7 0.7426541137695313 0.15730247497558594 0.0601470947265625 0.08664520263671875
7 0.46781219482421876 0.4402497863769531 0.040625 0.04528045654296875
