5 0.5070938110351563 0.7433952331542969 0.08121337890625 0.02985748291015625
5 0.3189862060546875 0.7473382568359375 0.0234930419921875 0.07455047607421875
5 0.303212890625 0.7506510925292968 0.02713623046875 0.074932861328125
5 0.213062744140625 0.765533447265625 0.014718017578125 0.075343017578125
5 0.19740692138671875 0.7600294494628906 0.016201171875 0.06678070068359375
5 0.167930908203125 0.5744865417480469 0.012967529296875 0.07387451171875
5 0.289024658203125 0.7516294860839844 0.0271368408203125 0.074932861328125
5 0.2711676025390625 0.7545652770996094 0.0271368408203125 0.074932861328125
5 0.240101318359375 0.7628823852539063 0.0271356201171875 0.07493255615234375
5 0.257713623046875 0.7545652770996094 0.0271368408203125 0.074932861328125
5 0.18126190185546875 0.7583168029785157 0.0162017822265625 0.06678070068359375
5 0.16352752685546876 0.7633319091796875 0.012967529296875 0.07387451171875
5 0.14885040283203124 0.7613748168945312 0.012967529296875 0.07387451171875
5 0.1319720458984375 0.761864013671875 0.012967529296875 0.07387481689453125
5 0.1023724365234375 0.7596624755859375 0.012967529296875 0.07387481689453125
5 0.084515380859375 0.7608856201171875 0.012967529296875 0.07387451171875
5 0.067392578125 0.7599070739746093 0.012967529296875 0.07387481689453125
5 0.03265655517578125 0.7611300659179687 0.012967529296875 0.07387481689453125
5 0.01626739501953125 0.7579501342773437 0.012967529296875 0.07387481689453125
5 0.01357666015625 0.5715509033203126 0.012967529296875 0.07387481689453125
5 0.07081695556640626 0.5732633972167969 0.012967529296875 0.07387481689453125
5 0.09038604736328125 0.5710618591308594 0.012967529296875 0.07387451171875
5 0.2459637451171875 0.5747308349609375 0.012967529296875 0.07387481689453125
5 0.26504364013671877 0.5771771240234375 0.012967529296875 0.07387481689453125
5 0.2841241455078125 0.5766876220703125 0.012967529296875 0.07387481689453125
5 0.382950439453125 0.578155517578125 0.012967529296875 0.07387451171875
5 0.40129669189453127 0.5761982727050782 0.012967529296875 0.07387481689453125
5 0.41817535400390626 0.579378662109375 0.012967529296875 0.07387481689453125
5 0.5145550537109375 0.5798678588867188 0.012967529296875 0.07387481689453125
5 0.5346133422851562 0.578155517578125 0.012967529296875 0.07387451171875
5 0.5722848510742188 0.5808465576171875 0.012967529296875 0.07387481689453125
5 0.5943002319335937 0.5791340637207031 0.012967529296875 0.07387481689453125
5 0.611668701171875 0.5808464050292969 0.012967529296875 0.07387481689453125
5 0.6309930419921875 0.5847602844238281 0.012967529296875 0.07387481689453125
5 0.7310427856445313 0.58378173828125 0.012967529296875 0.07387451171875
5 0.765533447265625 0.5837821960449219 0.012967529296875 0.07387481689453125
5 0.8252203369140625 0.5842709350585937 0.012967529296875 0.07387481689453125
5 0.8411209106445312 0.585494384765625 0.012967529296875 0.07387481689453125
5 0.8795257568359375 0.584271240234375 0.012967529296875 0.07387451171875
5 0.9020309448242188 0.5867173767089844 0.012967529296875 0.07387481689453125
3 0.8761859130859375 0.6553602600097657 0.0986029052734375 0.02063568115234375
3 0.302645263671875 0.5989505004882812 0.0175299072265625 0.09977508544921875
