0 0.1072015380859375 0.161331787109375 0.02361572265625 0.02831207275390625
0 0.1307037353515625 0.16443695068359376 0.026876220703125 0.02037506103515625
0 0.15271514892578125 0.16134368896484375 0.021494140625 0.0268426513671875
0 0.1694598388671875 0.16278213500976563 0.0258740234375 0.0246575927734375
0 0.19042236328125 0.16184295654296876 0.0273651123046875 0.029208984375
0 0.21091583251953125 0.16200729370117187 0.0231256103515625 0.02349639892578125
0 0.23008087158203125 0.16193893432617187 0.023370361328125 0.028826904296875
0 0.248870849609375 0.16204483032226563 0.024833984375 0.025941162109375
0 0.1082958984375 0.22089035034179688 0.0253692626953125 0.03108123779296875
0 0.13037506103515625 0.22172698974609376 0.020614013671875 0.0246649169921875
0 0.151053466796875 0.22262191772460938 0.0233673095703125 0.027813720703125
0 0.17167633056640624 0.2215849304199219 0.021727294921875 0.0250030517578125
0 0.2084161376953125 0.22306472778320313 0.0259832763671875 0.0227203369140625
0 0.2326105499267578 0.221080322265625 0.02531829833984375 0.03018463134765625
0 0.278834228515625 0.22038360595703124 0.027344970703125 0.027130126953125
0 0.3067633056640625 0.22135406494140625 0.02738037109375 0.03038177490234375
0 0.3291302490234375 0.22115631103515626 0.0208251953125 0.02600830078125
0 0.34588623046875 0.22109420776367186 0.01824462890625 0.02913299560546875
0 0.3675347900390625 0.221678466796875 0.0290771484375 0.02960174560546875
0 0.3871771240234375 0.22133544921875 0.02636474609375 0.0284521484375
0 0.415562744140625 0.22162506103515625 0.028125 0.0292498779296875
0 0.44731201171875 0.22112472534179686 0.02887451171875 0.02699981689453125
0 0.394510498046875 0.16445892333984374 0.027723388671875 0.0248663330078125
0 0.4284088134765625 0.16460037231445312 0.026990966796875 0.02524383544921875
0 0.331319580078125 0.16428024291992188 0.02668701171875 0.02403045654296875
0 0.6468609619140625 0.09888946533203125 0.022445068359375 0.027667236328125
0 0.653011474609375 0.16401031494140625 0.024658203125 0.022572021484375
0 0.5908331298828124 0.16523849487304687 0.02713623046875 0.0258099365234375
0 0.655218505859375 0.22396408081054686 0.028970947265625 0.02808380126953125
0 0.5750213623046875 0.22421905517578125 0.0288037109375 0.0286175537109375
0 0.5431976318359375 0.2231770324707031 0.03226806640625 0.030948486328125
