5 0.03127777099609375 0.16326467514038087 0.0525360107421875 0.051519889831542966
5 0.11378570556640626 0.16555089950561525 0.0525360107421875 0.051519889831542966
5 0.18912200927734374 0.16357242584228515 0.0474432373046875 0.04861732482910156
5 0.1492279052734375 0.16116855621337892 0.0525360107421875 0.051519851684570316
5 0.0943499755859375 0.1615494704246521 0.052535400390625 0.051519975662231446
5 0.00962371826171875 0.34086692810058594 0.014674072265625 0.07540756225585937
5 0.2089385986328125 0.16624032974243164 0.0474420166015625 0.048616790771484376
5 0.2571475219726562 0.16490659713745118 0.047442626953125 0.04861717224121094
5 0.490760498046875 0.16414417266845704 0.0474432373046875 0.04861732482910156
5 0.5608822631835938 0.16376340866088868 0.047442626953125 0.04861717224121094
5 0.046971435546875 0.3408669662475586 0.0146746826171875 0.07540771484375
5 0.02772613525390625 0.33991416931152346 0.014674072265625 0.07540763854980469
5 0.164158935546875 0.34220081329345703 0.0146746826171875 0.07540771484375
5 0.06793182373046874 0.34334415435791016 0.0146746826171875 0.07540771484375
5 0.1830230712890625 0.34410629272460935 0.014674072265625 0.07540763854980469
5 0.2238006591796875 0.34563068389892576 0.0146746826171875 0.07540771484375
5 0.414158935546875 0.3505849838256836 0.0146746826171875 0.07540771484375
5 0.5332525634765625 0.34963226318359375 0.0146746826171875 0.07540771484375
5 0.5511630249023437 0.34829833984375 0.014674072265625 0.07540756225585937
5 0.627001953125 0.35229995727539065 0.0146746826171875 0.07540771484375
5 0.6473907470703125 0.3532525634765625 0.014674072265625 0.07540756225585937
5 0.6875970458984375 0.3524905014038086 0.0146746826171875 0.07540771484375
5 0.705126953125 0.35229995727539065 0.0146746826171875 0.07540771484375
5 0.7996392822265626 0.3547769927978516 0.014674072265625 0.07540756225585937
5 0.8205996704101562 0.3551580810546875 0.014674072265625 0.07540756225585937
5 0.7824899291992188 0.3536336898803711 0.014674072265625 0.07540763854980469
5 0.8587094116210937 0.35611080169677733 0.014674072265625 0.07540763854980469
5 0.9193038940429688 0.35611083984375 0.014674072265625 0.07540756225585937
5 0.9366445922851563 0.35534866333007814 0.0146746826171875 0.07540763854980469
5 0.8798602294921875 0.35382423400878904 0.0146746826171875 0.07540771484375
5 0.7861102294921875 0.16899190664291383 0.014674072265625 0.0754076099395752
5 0.8188858032226562 0.1657526397705078 0.0146746826171875 0.07540767669677734
5 0.8825283813476562 0.16937307357788087 0.0146746826171875 0.07540771484375
5 0.9002490234375 0.17261234283447266 0.0146746826171875 0.07540775299072265
5 0.9964761352539062 0.17280290603637696 0.014674072265625 0.07540763854980469
5 0.9463616943359375 0.16918248891830445 0.0146746826171875 0.07540768623352051
3 0.2185589599609375 0.18113407135009765 0.084219970703125 0.0821762466430664
3 0.2710906982421875 0.17695461511611937 0.08384765625 0.08407340049743653
3 0.3589251708984375 0.1772119140625 0.075360107421875 0.07579925537109375
3 0.40007720947265624 0.1820987892150879 0.08822021484375 0.09000144958496094
3 0.42515380859375 0.18287037134170533 0.084876708984375 0.0844290828704834
