5 0.4121484375 0.9868173217773437 0.0426171875 0.0251824951171875
3 0.0356256103515625 0.7222503662109375 0.059749755859375 0.0166424560546875
2 0.05011016845703125 0.7048153686523437 0.0127813720703125 0.00816650390625
2 0.06664093017578125 0.7353082275390626 0.013719482421875 0.006883544921875
2 0.13088531494140626 0.721817626953125 0.0132305908203125 0.007364501953125
2 0.1509375 0.7310000610351562 0.0138751220703125 0.0070452880859375
2 0.1879376220703125 0.71956298828125 0.0136248779296875 0.0071795654296875
2 0.24006256103515625 0.72625 0.0123748779296875 0.005999755859375
2 0.25543701171875 0.715625 0.01237548828125 0.005999755859375
2 0.332562255859375 0.7004998779296875 0.01237548828125 0.005999755859375
2 0.351312255859375 0.709000244140625 0.01237548828125 0.005999755859375
2 0.3659375 0.7195001220703126 0.01237548828125 0.005999755859375
2 0.436312255859375 0.7345001220703125 0.01237548828125 0.005999755859375
2 0.4254986572265625 0.7056869506835938 0.01449951171875 0.0063751220703125
2 0.483812255859375 0.7125 0.01237548828125 0.005999755859375
2 0.54456298828125 0.678375244140625 0.01237548828125 0.005999755859375
2 0.6128125 0.7261248779296875 0.01237548828125 0.005999755859375
2 0.6515625 0.733125 0.01237548828125 0.005999755859375
2 0.641812744140625 0.7701251220703125 0.01237548828125 0.005999755859375
3 0.599549560546875 0.6953683471679688 0.0593994140625 0.011014404296875
2 0.6853125 0.7217498779296875 0.01237548828125 0.005999755859375
2 0.71106201171875 0.739000244140625 0.01237548828125 0.005999755859375
2 0.701312255859375 0.7736248779296875 0.01237548828125 0.005999755859375
2 0.77893798828125 0.7357501220703125 0.01237548828125 0.005999755859375
3 0.762249755859375 0.7170001220703125 0.02324951171875 0.00824951171875
2 0.86703369140625 0.746519775390625 0.01237548828125 0.005999755859375
2 0.917908935546875 0.7285198974609375 0.01237548828125 0.005999755859375
2 0.9361456298828125 0.7279458618164063 0.016209716796875 0.00639892578125
2 0.8519091796875 0.6826449584960937 0.01237548828125 0.005999755859375
2 0.9165338134765625 0.6681451416015625 0.01237548828125 0.005999755859375
2 0.937283935546875 0.6781451416015625 0.01237548828125 0.005999755859375
2 0.9771588134765625 0.684644775390625 0.01237548828125 0.005999755859375
2 0.656142578125 0.9973822021484375 0.0122314453125 0.0062506103515625
2 0.6552801513671875 0.9906570434570312 0.01311767578125 0.0071063232421875
2 0.603905029296875 0.99500244140625 0.012711181640625 0.0067364501953125
2 0.6193377685546875 0.9945974731445313 0.0122314453125 0.0062506103515625
2 0.65369384765625 0.9701693725585937 0.013173828125 0.006209716796875
2 0.654322509765625 0.9612826538085938 0.013175048828125 0.006209716796875
2 0.6526043701171875 0.9460089111328125 0.013173828125 0.006209716796875
2 0.618662109375 0.988187255859375 0.01222900390625 0.00625
2 0.61889892578125 0.979300537109375 0.012230224609375 0.0062506103515625
2 0.618094482421875 0.9719778442382813 0.0122314453125 0.0062506103515625
2 0.6184405517578125 0.96538818359375 0.01453369140625 0.0067669677734375
2 0.61911376953125 0.9593109130859375 0.0122314453125 0.0062506103515625
2 0.618697509765625 0.9526397705078125 0.012227783203125 0.00625
2 0.6188067626953125 0.9455780029296875 0.0122314453125 0.0062506103515625
2 0.6190435791015625 0.9385159301757813 0.0122314453125 0.0062506103515625
2 0.6055767822265625 0.9883319091796875 0.012711181640625 0.0067364501953125
2 0.6055535888671875 0.9800967407226563 0.012711181640625 0.0067364501953125
2 0.6034442138671875 0.9725131225585938 0.012711181640625 0.0067364501953125
2 0.6038104248046875 0.9651907348632812 0.012711181640625 0.0067364501953125
2 0.6058734130859375 0.95864990234375 0.012711181640625 0.0067364501953125
2 0.60572021484375 0.9523696899414062 0.012711181640625 0.0067364501953125
2 0.605435791015625 0.9453082275390625 0.012711181640625 0.0067364501953125
2 0.6058038330078125 0.93876708984375 0.012711181640625 0.0067364501953125
2 0.5240484619140625 0.9382171630859375 0.014207763671875 0.006907958984375
2 0.5723828125 0.9297210693359375 0.014207763671875 0.006907958984375
2 0.6042926025390625 0.9304794311523438 0.01420654296875 0.006907958984375
2 0.6199114990234375 0.9283709716796875 0.014207763671875 0.006907958984375
2 0.65234375 0.9289990234375 0.014207763671875 0.006907958984375
2 0.6522418212890625 0.9358053588867188 0.014598388671875 0.0070648193359375
2 0.8052508544921875 0.997186279296875 0.011998291015625 0.0061279296875
2 0.8050006103515625 0.9911859130859375 0.011998291015625 0.0061279296875
2 0.8042498779296875 0.9824359130859375 0.011998291015625 0.0061279296875
2 0.802125244140625 0.97568603515625 0.011998291015625 0.0061279296875
2 0.802000732421875 0.9678109741210937 0.011998291015625 0.0061279296875
2 0.8913751220703126 0.968499755859375 0.01125 0.0067803955078125
2 0.89112548828125 0.9613751220703125 0.01125 0.006781005859375
