0 0.09359634399414063 0.32756973266601563 0.03088226318359375 0.02010833740234375
0 0.1384156799316406 0.3278021240234375 0.036593017578125 0.023963623046875
0 0.20763458251953126 0.30305770874023436 0.03221771240234375 0.0266766357421875
0 0.251011962890625 0.30212677001953125 0.03608673095703125 0.0305145263671875
0 0.27337600708007814 0.3279510498046875 0.03951416015625 0.02851959228515625
0 0.2942007446289063 0.30480911254882814 0.0346533203125 0.02475250244140625
0 0.09174652099609375 0.4166067504882813 0.03288177490234375 0.02117645263671875
0 0.1374151611328125 0.4168934631347656 0.03288177490234375 0.02117645263671875
0 0.18269134521484376 0.41878204345703124 0.03495941162109375 0.02293121337890625
0 0.22664703369140626 0.41776260375976565 0.02996795654296875 0.0227313232421875
0 0.2705470275878906 0.4187908935546875 0.03622589111328125 0.02449859619140625
0 0.3167634582519531 0.4195220947265625 0.0341644287109375 0.02401580810546875
0 0.406434326171875 0.4186082458496094 0.0354339599609375 0.02442138671875
0 0.3174308776855469 0.3278463745117188 0.0257867431640625 0.0206427001953125
0 0.3637261962890625 0.3275276184082031 0.03788787841796875 0.02669830322265625
0 0.40683670043945314 0.3262962341308594 0.0319500732421875 0.02627777099609375
0 0.8228428649902344 0.3012109375 0.02984283447265625 0.03701934814453125
2 0.7338536071777344 0.17776626586914063 0.01779327392578125 0.0145916748046875
2 0.6931871032714844 0.1725 0.01287506103515625 0.01391876220703125
2 0.4429255676269531 0.19297332763671876 0.00785186767578125 0.01461456298828125
2 0.42533828735351564 0.19375762939453126 0.006866455078125 0.01491668701171875
2 0.41753936767578126 0.19297195434570313 0.006866455078125 0.01491668701171875
2 0.40786956787109374 0.19140701293945311 0.006866455078125 0.0149169921875
2 0.3900950622558594 0.19233612060546876 0.006866455078125 0.01491668701171875
2 0.38151657104492187 0.19186233520507812 0.006866455078125 0.01491668701171875
2 0.3723146057128906 0.192479248046875 0.006866455078125 0.01491668701171875
2 0.3719970703125 0.23954299926757813 0.006866455078125 0.01491668701171875
2 0.3643533325195312 0.2400042724609375 0.006866455078125 0.0149169921875
3 0.32076263427734375 0.21496597290039063 0.00935577392578125 0.02407135009765625
3 0.3056141662597656 0.214061279296875 0.01157806396484375 0.0285479736328125
