3 0.0345379638671875 0.8424908447265625 0.03125732421875 0.019794921875
2 0.4044818115234375 0.9843499755859375 0.01499267578125 0.0111187744140625
2 0.587938232421875 0.9745797729492187 0.00922119140625 0.0154986572265625
2 0.7600164794921875 0.754063720703125 0.0138934326171875 0.01189453125
2 0.9024191284179688 0.71076904296875 0.01218017578125 0.0068408203125
2 0.788731689453125 0.6360440063476562 0.0120806884765625 0.0055560302734375
2 0.8258599853515625 0.6410525512695312 0.0120806884765625 0.005555419921875
3 0.9340914916992188 0.6575082397460937 0.032818603515625 0.01130615234375
2 0.9743447875976563 0.7004568481445312 0.014324951171875 0.0070806884765625
2 0.9942242431640625 0.65153076171875 0.0104168701171875 0.0064947509765625
