5 0.13099151611328125 0.900965576171875 0.017733154296875 0.0140679931640625
5 0.1307666015625 0.8936587524414062 0.021219482421875 0.01606689453125
5 0.14006195068359376 0.8841250610351562 0.025374755859375 0.01808258056640625
5 0.14468719482421874 0.8773747253417968 0.025374755859375 0.01808258056640625
5 0.15443756103515624 0.8641253662109375 0.025374755859375 0.01808258056640625
5 0.17206298828125 0.8339997863769532 0.0253753662109375 0.01808258056640625
5 0.1814373779296875 0.8192503356933594 0.025374755859375 0.01808258056640625
5 0.19037506103515625 0.8002503967285156 0.018499755859375 0.015235595703125
5 0.20512603759765624 0.7769999694824219 0.0185003662109375 0.01523529052734375
5 0.21862548828125 0.7639376831054687 0.0292498779296875 0.02098724365234375
5 0.22612518310546875 0.7534378051757813 0.0292498779296875 0.02098724365234375
5 0.2678131103515625 0.7695005798339843 0.02598876953125 0.03600067138671875
5 0.23747589111328124 0.7233616638183594 0.0197003173828125 0.0147772216796875
5 0.259708251953125 0.6935743713378906 0.01966552734375 0.0148980712890625
5 0.2647509765625 0.6850625610351563 0.023250732421875 0.0168890380859375
5 0.270250244140625 0.6781877136230469 0.023250732421875 0.0168890380859375
5 0.272000732421875 0.6707504272460938 0.020250244140625 0.01506317138671875
5 0.2910003662109375 0.6453121948242188 0.023250732421875 0.01688873291015625
5 0.324251708984375 0.6656121826171875 0.006751708984375 0.0342755126953125
2 0.080732421875 0.6761959838867188 0.0127130126953125 0.01189178466796875
2 0.02106109619140625 0.6119552612304687 0.0093701171875 0.01091033935546875
5 0.10481201171875 0.48650039672851564 0.019375 0.015301513671875
5 0.0838751220703125 0.5126875305175781 0.0142498779296875 0.018973388671875
5 0.524158935546875 0.35251602172851565 0.014432373046875 0.01753143310546875
5 0.5191131591796875 0.37008262634277345 0.015023193359375 0.017415008544921874
5 0.505562744140625 0.34381248474121096 0.016624755859375 0.007135772705078125
5 0.5018121337890625 0.35006248474121093 0.016624755859375 0.007135772705078125
5 0.498297119140625 0.3561286926269531 0.019095458984375 0.00724273681640625
5 0.4962969970703125 0.3623785400390625 0.019095458984375 0.00724273681640625
5 0.4942962646484375 0.3691285705566406 0.01909423828125 0.00724273681640625
5 0.4904364013671875 0.3753123474121094 0.01737548828125 0.0068841552734375
5 0.48706298828125 0.38156234741210937 0.01737548828125 0.0068841552734375
5 0.4796881103515625 0.3879376220703125 0.01737548828125 0.006884307861328125
5 0.4947357177734375 0.39663856506347656 0.01427978515625 0.018027191162109376
5 0.4881414794921875 0.4101496124267578 0.013236083984375 0.018299713134765624
5 0.4627984619140625 0.4129905700683594 0.015849609375 0.0062310791015625
5 0.45962646484375 0.42699981689453126 0.01025390625 0.01125
5 0.4651251220703125 0.43087478637695314 0.01025634765625 0.0112506103515625
2 0.6504376220703125 0.6726248168945312 0.011104736328125 0.01225067138671875
5 0.3597613525390625 0.804383544921875 0.021978759765625 0.028592529296875
5 0.32887451171875 0.8478749084472657 0.021763916015625 0.027750244140625
5 0.372999267578125 0.8844374084472656 0.01125 0.0129632568359375
5 0.454188232421875 0.8940626525878906 0.022220458984375 0.015625
5 0.54925048828125 0.8954373168945312 0.024404296875 0.0226251220703125
5 0.5424371337890626 0.9026254272460937 0.02362548828125 0.02314208984375
2 0.5133770751953125 0.9109602355957032 0.010614013671875 0.012420654296875
