5 0.980430908203125 0.5744865417480469 0.012967529296875 0.07387451171875
5 0.9937619018554688 0.7583168029785157 0.0162017822265625 0.06678070068359375
5 0.9760275268554688 0.7633319091796875 0.012967529296875 0.07387451171875
5 0.9613504028320312 0.7613748168945312 0.012967529296875 0.07387451171875
5 0.9444720458984375 0.761864013671875 0.012967529296875 0.07387481689453125
5 0.9148724365234375 0.7596624755859375 0.012967529296875 0.07387481689453125
5 0.897015380859375 0.7608856201171875 0.012967529296875 0.07387451171875
5 0.879892578125 0.7599070739746093 0.012967529296875 0.07387481689453125
5 0.8451565551757813 0.7611300659179687 0.012967529296875 0.07387481689453125
5 0.8287673950195312 0.7579501342773437 0.012967529296875 0.07387481689453125
5 0.7964773559570313 0.7540361022949219 0.012967529296875 0.07387451171875
5 0.764921875 0.760640869140625 0.012967529296875 0.07387481689453125
5 0.7504888916015625 0.7574606323242188 0.012967529296875 0.07387481689453125
5 0.7316537475585938 0.7564823913574219 0.012967529296875 0.07387481689453125
5 0.7159982299804688 0.7601516723632813 0.012967529296875 0.07387481689453125
5 0.6996087646484375 0.7608856201171875 0.012967529296875 0.07387451171875
5 0.5521041870117187 0.7540362548828125 0.012967529296875 0.07387451171875
5 0.51614501953125 0.564456787109375 0.012967529296875 0.07387481689453125
5 0.4964532470703125 0.561888427734375 0.0127197265625 0.06482391357421875
5 0.6127694702148437 0.5713063049316406 0.012967529296875 0.07387481689453125
5 0.6504403686523438 0.56861572265625 0.012967529296875 0.07387481689453125
5 0.6695205688476562 0.5688601684570312 0.012967529296875 0.07387451171875
5 0.7089041137695312 0.5710617065429687 0.012967529296875 0.07387451171875
5 0.7279840087890626 0.5700833129882813 0.012967529296875 0.07387481689453125
5 0.7874264526367187 0.5715510559082031 0.012967529296875 0.07387481689453125
5 0.8060174560546876 0.5688603210449219 0.012967529296875 0.07387451171875
5 0.82607666015625 0.5715509033203126 0.012967529296875 0.07387481689453125
5 0.8833169555664062 0.5732633972167969 0.012967529296875 0.07387481689453125
5 0.9028860473632813 0.5710618591308594 0.012967529296875 0.07387451171875
2 0.18477935791015626 0.7596737670898438 0.0232769775390625 0.0147357177734375
2 0.08124237060546875 0.7735791015625 0.02327667236328125 0.01473541259765625
2 0.0072686767578125 0.7022369384765625 0.01579498291015625 0.0147357177734375
2 0.0154931640625 0.6763906860351563 0.0232769775390625 0.0147357177734375
2 0.07126708984375 0.7075273132324219 0.0232769775390625 0.0147357177734375
2 0.06461578369140625 0.735792236328125 0.0232769775390625 0.01473541259765625
2 0.25770782470703124 0.7459944152832031 0.0248388671875 0.01027801513671875
2 0.2041815185546875 0.6914051818847656 0.0212701416015625 0.0232269287109375
2 0.0577655029296875 0.5976535034179687 0.01884063720703125 0.02340545654296875
2 0.06931961059570313 0.602584228515625 0.01749725341796875 0.0207989501953125
2 0.0823016357421875 0.6096170043945313 0.01844268798828125 0.02335968017578125
2 0.044797210693359374 0.49986465454101564 0.02414642333984375 0.01777740478515625
2 0.2583135986328125 0.5739872741699219 0.0248760986328125 0.00997589111328125
2 0.010656204223632813 0.40811752319335937 0.022257080078125 0.01777740478515625
2 0.01834625244140625 0.3828759765625 0.0241461181640625 0.0177777099609375
2 0.026205596923828126 0.35748283386230467 0.02414642333984375 0.0177777099609375
2 0.0381463623046875 0.3331477355957031 0.02414642333984375 0.01777740478515625
2 0.08364212036132812 0.4081175994873047 0.02414642333984375 0.01777740478515625
2 0.07094558715820312 0.4313946533203125 0.02414642333984375 0.0177777099609375
2 0.06641128540039062 0.4539156341552734 0.02414642333984375 0.0177777099609375
2 0.2601275634765625 0.5605352783203125 0.024876708984375 0.0099755859375
2 0.2592205810546875 0.5315145874023437 0.0248760986328125 0.0099755859375
2 0.25740570068359375 0.5470828247070313 0.024876708984375 0.00997589111328125
2 0.2571041870117188 0.5174577331542969 0.0248760986328125 0.0099755859375
2 0.259522705078125 0.47967041015625 0.024876708984375 0.0099755859375
2 0.26073211669921875 0.44702255249023437 0.0248760986328125 0.00997589111328125
2 0.25952239990234377 0.4338725280761719 0.024876708984375 0.00997589111328125
2 0.2616384887695313 0.41951332092285154 0.024876708984375 0.00997589111328125
2 0.26360382080078126 0.4063633728027344 0.0248760986328125 0.00997589111328125
2 0.2658709716796875 0.3923065185546875 0.0248760986328125 0.009975738525390625
2 0.26345245361328123 0.37144821166992187 0.0248760986328125 0.00997589111328125
2 0.26299896240234377 0.35572860717773436 0.0248760986328125 0.009975738525390625
2 0.2639056396484375 0.343787841796875 0.024876708984375 0.00997589111328125
2 0.26239501953125 0.3310914611816406 0.0248760986328125 0.00997589111328125
2 0.2631500244140625 0.3180926513671875 0.0248760986328125 0.009975738525390625
2 0.2645111083984375 0.3031288146972656 0.0248760986328125 0.00997589111328125
2 0.2649639892578125 0.2908858489990234 0.024876708984375 0.00997589111328125
2 0.2640573120117187 0.27894508361816406 0.0248760986328125 0.00997589111328125
2 0.26526611328125 0.2638301086425781 0.0248760986328125 0.00997589111328125
2 0.26420806884765624 0.2511336517333984 0.0248760986328125 0.00997589111328125
2 0.26390594482421875 0.22891487121582033 0.024876708984375 0.00997589111328125
2 0.2658709716796875 0.21606712341308593 0.0248760986328125 0.00997589111328125
2 0.26284759521484374 0.20352188110351563 0.024876708984375 0.00997589111328125
2 0.2654168701171875 0.1888603973388672 0.024876708984375 0.009975738525390625
2 0.2667779541015625 0.17419906616210937 0.0248760986328125 0.00997589111328125
2 0.2649639892578125 0.16240943908691408 0.024876708984375 0.00997589111328125
2 0.26481292724609373 0.14925933837890626 0.024876708984375 0.00997589111328125
2 0.2639056396484375 0.13580718994140625 0.024876708984375 0.00997589111328125
2 0.26602203369140626 0.12220382690429688 0.024876708984375 0.00997589111328125
2 0.26828948974609373 0.0841143798828125 0.0248760986328125 0.00997589111328125
2 0.19135467529296876 0.08728851318359375 0.0248760986328125 0.00997589111328125
2 0.1887847900390625 0.07262710571289062 0.024876708984375 0.009975738525390625
2 0.186971435546875 0.059326095581054686 0.0248760986328125 0.009975738525390625
2 0.18470428466796876 0.046629409790039066 0.0248760986328125 0.00997589111328125
2 0.18908721923828126 0.03166572570800781 0.0248760986328125 0.009975738525390625
2 0.18893585205078126 0.017004318237304687 0.0248760986328125 0.00997589111328125
2 0.20042388916015624 0.004571456909179688 0.0248760986328125 0.009295730590820313
2 0.26783599853515627 0.07277816772460938 0.0248760986328125 0.00997589111328125
2 0.268138427734375 0.058418960571289064 0.024876708984375 0.00997589111328125
2 0.26844085693359376 0.04557144165039063 0.0248760986328125 0.00997589111328125
2 0.2657196044921875 0.033479537963867184 0.0248760986328125 0.00997589111328125
2 0.26420806884765624 0.019120330810546874 0.0248760986328125 0.00997589111328125
2 0.26330108642578126 0.0071795654296875 0.024876708984375 0.00997589111328125
