7 0.061382904052734374 0.993232421875 0.06611526489257813 0.0532861328125
7 0.4081407165527344 0.8633819580078125 0.04835113525390625 0.04554443359375
7 0.09925155639648438 0.8603594970703125 0.06376235961914062 0.06166015625
7 0.04654151916503906 0.70219482421875 0.04551025390625 0.0602362060546875
7 0.08981048583984375 0.6012420654296875 0.0531463623046875 0.0327593994140625
2 0.22782844543457031 0.729573974609375 0.023929901123046875 0.031075439453125
2 0.34269668579101564 0.718282470703125 0.02198577880859375 0.0201397705078125
2 0.17877105712890626 0.6616619873046875 0.0251397705078125 0.01259033203125
7 0.36406745910644533 0.29914031982421874 0.0529705810546875 0.0688311767578125
7 0.39308738708496094 0.1277862548828125 0.03401748657226562 0.052000732421875
2 0.12447608947753906 0.24685699462890626 0.024790496826171876 0.011173095703125
2 0.12332893371582031 0.2290234375 0.022197265625 0.01111572265625
2 0.25104751586914065 0.2068780517578125 0.030027923583984376 0.013616943359375
2 0.15590087890625 0.2026885986328125 0.010125732421875 0.024091796875
2 0.15549575805664062 0.1705096435546875 0.010125732421875 0.024091796875
2 0.22915367126464845 0.15846893310546875 0.024234771728515625 0.0119940185546875
2 0.1302104949951172 0.16920074462890625 0.02997467041015625 0.028917236328125
2 0.1551495361328125 0.09784103393554687 0.010019378662109375 0.0268603515625
7 0.4729612731933594 0.03965652465820312 0.03312774658203125 0.059759521484375
2 0.6075418090820313 0.08537017822265625 0.0237432861328125 0.010125732421875
7 0.4504377746582031 0.1546307373046875 0.0495892333984375 0.060950927734375
2 0.6028904724121094 0.4179791259765625 0.02701019287109375 0.014599609375
2 0.6038821411132812 0.403258056640625 0.02701080322265625 0.0146002197265625
2 0.6386177062988281 0.7253839111328125 0.01553375244140625 0.0240924072265625
7 0.5153321838378906 0.8396942138671875 0.0627508544921875 0.05298095703125
7 0.6978334045410156 0.8648153686523438 0.05468902587890625 0.035989990234375
7 0.9031646728515625 0.876893310546875 0.052288818359375 0.05233642578125
6 0.9649429321289062 0.9538388061523437 0.03140869140625 0.03077392578125
6 0.84390869140625 0.87547607421875 0.0139593505859375 0.0130078125
2 0.9901698303222656 0.736978759765625 0.009508056640625 0.0196435546875
2 0.8964151000976562 0.6303933715820312 0.012373046875 0.0246600341796875
2 0.8742448425292969 0.632017822265625 0.012373046875 0.0246600341796875
7 0.92465087890625 0.28884674072265626 0.047420654296875 0.0629595947265625
7 0.8519364929199219 0.10256271362304688 0.05842010498046875 0.07055801391601563
7 0.9080537414550781 0.10620742797851562 0.0307452392578125 0.05131668090820313
