2 0.16042144775390624 0.7915618896484375 0.01983642578125 0.020836181640625
2 0.15762481689453126 0.8173190307617187 0.0159844970703125 0.015550537109375
2 0.15994979858398437 0.892633056640625 0.0178790283203125 0.01731689453125
2 0.15900482177734376 0.9061715698242188 0.0178790283203125 0.0173175048828125
2 0.041667022705078126 0.7308380126953125 0.00757720947265625 0.016265869140625
0 0.2678416442871094 0.77093017578125 0.0473797607421875 0.053232421875
0 0.2551026916503906 0.8349627685546875 0.04458740234375 0.0519610595703125
0 0.26450759887695313 0.8964312744140625 0.03598846435546875 0.053720703125
0 0.2693955993652344 0.9526412963867188 0.0459747314453125 0.055284423828125
2 0.029540557861328125 0.730716552734375 0.00879608154296875 0.018599853515625
2 0.015111846923828125 0.7308535766601563 0.00834259033203125 0.0187261962890625
2 0.5805271911621094 0.7238461303710938 0.01629547119140625 0.00967041015625
2 0.5760189819335938 0.6959234619140625 0.0185107421875 0.00896728515625
2 0.479305419921875 0.7309689331054687 0.0185107421875 0.0087408447265625
2 0.6605253601074219 0.989915771484375 0.02040252685546875 0.0085369873046875
2 0.6870584106445312 0.9453768920898438 0.0063311767578125 0.0145758056640625
2 0.8969424438476562 0.8704586791992187 0.01951416015625 0.0131475830078125
2 0.8928024291992187 0.8558926391601562 0.01851898193359375 0.008997802734375
2 0.9752694702148438 0.9825762939453125 0.0085430908203125 0.014835205078125
