0 0.4725177001953125 0.9532510375976563 0.0434527587890625 0.0525677490234375
0 0.572745361328125 0.9533145141601562 0.0430291748046875 0.0535235595703125
0 0.6921685791015625 0.6415118408203125 0.0430291748046875 0.0535235595703125
0 0.95603759765625 0.918697509765625 0.0344287109375 0.0280419921875
0 0.49012420654296873 0.6475848388671875 0.0271331787109375 0.0384539794921875
2 0.389432373046875 0.8719482421875 0.0158660888671875 0.00806640625
2 0.38901519775390625 0.8640176391601563 0.0158660888671875 0.00806640625
2 0.3884893798828125 0.8552377319335938 0.0157086181640625 0.007679443359375
2 0.34277557373046874 0.8737649536132812 0.015692138671875 0.0068048095703125
2 0.34381866455078125 0.88378173828125 0.015692138671875 0.0068048095703125
2 0.9113677978515625 0.6517062377929688 0.0179254150390625 0.007071533203125
2 0.9117214965820313 0.640567626953125 0.0179254150390625 0.007071533203125
2 0.40320892333984376 0.72402099609375 0.0080419921875 0.017474365234375
2 0.406534423828125 0.7790509033203125 0.007457275390625 0.01529296875
2 0.3454244995117188 0.7896676635742188 0.0088543701171875 0.0165570068359375
2 0.06666534423828124 0.660572509765625 0.0316754150390625 0.01177734375
2 0.5056027221679688 0.8585159301757812 0.0077191162109375 0.017889404296875
2 0.5146920776367188 0.8633847045898437 0.00796875 0.0169061279296875
2 0.34344970703125 0.85555419921875 0.015692138671875 0.0068048095703125
2 0.342100830078125 0.8380178833007812 0.015692138671875 0.0068048095703125
2 0.3432247924804688 0.8297000122070313 0.015692138671875 0.0068048095703125
2 0.4043658447265625 0.7522564697265625 0.0081976318359375 0.01566162109375
2 0.3393218994140625 0.9022171020507812 0.015692138671875 0.0068048095703125
2 0.48109710693359375 0.8609890747070312 0.0077191162109375 0.017889404296875
2 0.497283935546875 0.859415283203125 0.0077191162109375 0.017889404296875
2 0.829361572265625 0.801573486328125 0.0156475830078125 0.0238311767578125
