5 0.00809967041015625 0.3551580810546875 0.014674072265625 0.07540756225585937
5 0.04620941162109375 0.35611080169677733 0.014674072265625 0.07540763854980469
5 0.10680389404296875 0.35611083984375 0.014674072265625 0.07540756225585937
5 0.12414459228515624 0.35534866333007814 0.0146746826171875 0.07540763854980469
5 0.0673602294921875 0.35382423400878904 0.0146746826171875 0.07540771484375
5 0.006670989990234375 0.1657526397705078 0.01372314453125 0.07540767669677734
5 0.07002838134765625 0.16937307357788087 0.0146746826171875 0.07540771484375
5 0.0877490234375 0.17261234283447266 0.0146746826171875 0.07540775299072265
5 0.18397613525390624 0.17280290603637696 0.014674072265625 0.07540763854980469
5 0.21694091796875 0.17146909952163697 0.0146746826171875 0.07540774345397949
5 0.1338616943359375 0.16918248891830445 0.0146746826171875 0.07540768623352051
5 0.23523345947265625 0.1688013482093811 0.014674072265625 0.07540762901306153
5 0.2986868286132813 0.1750894570350647 0.014674072265625 0.07540762901306153
5 0.39891632080078127 0.1722313141822815 0.0146746826171875 0.07540774345397949
5 0.281346435546875 0.17261240005493164 0.0146746826171875 0.07540771484375
5 0.4167474365234375 0.17259519577026367 0.0146746826171875 0.07540767669677734
5 0.4300286865234375 0.17041175842285156 0.0146746826171875 0.07540775299072265
5 0.44604034423828126 0.1769619393348694 0.014674072265625 0.07540762901306153
5 0.47897308349609374 0.1751424789428711 0.0146746826171875 0.07540775299072265
5 0.4984423828125 0.17113958358764647 0.0146746826171875 0.07540775299072265
5 0.4629620361328125 0.1709575819969177 0.014674072265625 0.0754076099395752
5 0.5301019287109375 0.16713666677474975 0.0146746826171875 0.07540768623352051
5 0.575953369140625 0.17732587814331055 0.0146746826171875 0.07540775299072265
5 0.5919644165039063 0.18041900634765626 0.0146746826171875 0.07540775299072265
5 0.6427297973632813 0.17204931259155273 0.0146746826171875 0.07540775299072265
5 0.6309017944335937 0.3378062057495117 0.014674072265625 0.07540763854980469
5 0.5017178344726563 0.42459663391113284 0.014674072265625 0.07540748596191406
5 0.5346505737304688 0.4245966720581055 0.014674072265625 0.07540748596191406
5 0.614527587890625 0.4249605941772461 0.0146746826171875 0.07540763854980469
5 0.6802105712890625 0.42659812927246094 0.0146746826171875 0.07540771484375
5 0.7131442260742188 0.4336941528320313 0.0146746826171875 0.07540771484375
5 0.6145269775390625 0.33616874694824217 0.0146746826171875 0.07540771484375
5 0.6492794799804688 0.3332575607299805 0.0146746826171875 0.07540771484375
5 0.6827584838867188 0.3363506317138672 0.0146746826171875 0.07540771484375
5 0.697314453125 0.33489505767822264 0.0146746826171875 0.07540771484375
5 0.744439697265625 0.3339853286743164 0.0146746826171875 0.07540771484375
5 0.7629986572265625 0.3392618942260742 0.0146746826171875 0.07540771484375
5 0.812125244140625 0.33616874694824217 0.0146746826171875 0.07540771484375
5 0.8277728271484375 0.3392618560791016 0.014674072265625 0.07540763854980469
5 0.846331787109375 0.3394437789916992 0.014674072265625 0.07540763854980469
5 0.8590676879882813 0.33726039886474607 0.0146746826171875 0.07540771484375
5 0.8758071899414063 0.33744232177734373 0.014674072265625 0.07540756225585937
5 0.761361083984375 0.42514251708984374 0.0146746826171875 0.07540771484375
5 0.7784637451171875 0.436605339050293 0.0146746826171875 0.07540763854980469
5 0.7962948608398438 0.4313288116455078 0.0146746826171875 0.07540771484375
5 0.8110330200195313 0.43533164978027344 0.014674072265625 0.07540748596191406
5 0.845968017578125 0.43533172607421877 0.0146746826171875 0.07540771484375
5 0.8597955322265625 0.43806087493896484 0.014674072265625 0.07540748596191406
5 0.8943667602539063 0.4304190444946289 0.014674072265625 0.07540748596191406
5 0.9091043090820312 0.4316927719116211 0.0146746826171875 0.07540763854980469
5 0.9271173095703125 0.432420539855957 0.0146746826171875 0.07540771484375
5 0.94221923828125 0.426234130859375 0.0146746826171875 0.07540763854980469
5 0.95877685546875 0.42186737060546875 0.014674072265625 0.07540748596191406
5 0.9753341674804688 0.41822837829589843 0.0146746826171875 0.07540763854980469
5 0.98667236328125 0.5989080429077148 0.014674072265625 0.07540748596191406
5 0.9243643188476562 0.6008251571655273 0.014674072265625 0.07540756225585937
5 0.9538894653320312 0.6052347946166993 0.0146746826171875 0.07540779113769532
5 0.9375927734375 0.6017838287353515 0.0146746826171875 0.07540771484375
5 0.9076846313476562 0.6015920639038086 0.014674072265625 0.07540756225585937
5 0.8595635986328125 0.5996749877929688 0.0146746826171875 0.07540771484375
5 0.842117919921875 0.596224021911621 0.0146746826171875 0.07540771484375
5 0.80914306640625 0.5962240982055664 0.0146746826171875 0.07540763854980469
5 0.7911209106445313 0.5971826171875 0.0146746826171875 0.07540771484375
5 0.7429995727539063 0.5929647445678711 0.014674072265625 0.07540748596191406
5 0.7251699829101562 0.5944985961914062 0.0146746826171875 0.07540771484375
5 0.6948785400390625 0.5973743820190429 0.0146746826171875 0.07540763854980469
5 0.6772406005859375 0.593923454284668 0.0146746826171875 0.07540763854980469
5 0.6456063842773437 0.5929648208618165 0.014674072265625 0.07540748596191406
5 0.6122482299804688 0.5874049758911133 0.0146746826171875 0.07540771484375
5 0.595760498046875 0.5897056579589843 0.0146746826171875 0.07540771484375
5 0.5740957641601563 0.5923897171020508 0.0146746826171875 0.07540763854980469
5 0.5516647338867188 0.5966075134277343 0.0146746826171875 0.07540771484375
5 0.5324929809570312 0.5885552978515625 0.0146746826171875 0.07540771484375
5 0.5167727661132813 0.5898973083496094 0.0146746826171875 0.07540763854980469
5 0.4989422607421875 0.590472412109375 0.014674072265625 0.07540748596191406
5 0.48188018798828125 0.5918144989013672 0.0146746826171875 0.07540763854980469
5 0.531151123046875 0.6809633636474609 0.0146746826171875 0.07540771484375
5 0.5786972045898438 0.6842224884033203 0.014674072265625 0.07540771484375
5 0.6300778198242187 0.6865230560302734 0.014674072265625 0.07540756225585937
5 0.6615203857421875 0.6846058654785157 0.0146746826171875 0.07540756225585937
5 0.5953768920898438 0.6857562255859375 0.014674072265625 0.07540756225585937
5 0.7082986450195312 0.6830721282958985 0.014674072265625 0.07540756225585937
5 0.7746337890625 0.6826888275146484 0.0146746826171875 0.07540771484375
5 0.8726010131835937 0.6863315582275391 0.0146746826171875 0.07540771484375
5 0.9249392700195312 0.6870983123779297 0.0146746826171875 0.07540771484375
5 0.9531222534179687 0.6872899627685547 0.014674072265625 0.07540771484375
5 0.9703768920898438 0.6857563018798828 0.014674072265625 0.07540756225585937
5 0.9887820434570312 0.684414291381836 0.0146746826171875 0.07540771484375
5 0.8540325927734375 0.9417333984375 0.013128662109375 0.06457839965820313
5 0.96707763671875 0.855549087524414 0.0149176025390625 0.07530029296875
5 0.8543756103515625 0.8559832000732421 0.0149176025390625 0.07530044555664063
5 0.8380264282226563 0.8561278533935547 0.0149176025390625 0.07530029296875
5 0.8711575317382813 0.8539576721191406 0.0149176025390625 0.07530029296875
5 0.8368701171875 0.9411974334716797 0.0149176025390625 0.07530029296875
5 0.7558511352539062 0.9364229583740235 0.0149176025390625 0.07530029296875
5 0.7251803588867187 0.93931640625 0.0149176025390625 0.07530029296875
5 0.7039126586914063 0.9400399017333985 0.0149176025390625 0.07530044555664063
5 0.6743988037109375 0.9388823699951172 0.0149176025390625 0.07530029296875
5 0.62101318359375 0.9342529296875 0.0149176025390625 0.07530029296875
5 0.7733026123046876 0.9446269226074219 0.013128662109375 0.06457839965820313
5 0.8052767944335938 0.9502693176269531 0.013128662109375 0.06457839965820313
5 0.5886965942382812 0.9412994384765625 0.013128662109375 0.06457855224609375
5 0.5716253662109375 0.9495458984375 0.0131292724609375 0.06457870483398437
5 0.5283670043945312 0.945350341796875 0.0131292724609375 0.06457870483398437
5 0.6055325317382813 0.9358441162109375 0.0149176025390625 0.07530029296875
5 0.5479519653320313 0.9336741638183593 0.0149176025390625 0.07530044555664063
5 0.49326416015625 0.9416313171386719 0.0149176025390625 0.07530029296875
5 0.49384246826171874 0.8480259704589844 0.0149176025390625 0.07530029296875
5 0.5106256103515625 0.8506301116943359 0.0149176025390625 0.07530044555664063
5 0.8864932250976563 0.9456822204589844 0.0149176025390625 0.07530029296875
5 0.9002374267578125 0.940763168334961 0.0149176025390625 0.07530029296875
5 0.9338027954101562 0.9417758178710938 0.0149176025390625 0.07530029296875
5 0.9176895141601562 0.9467970275878906 0.0131292724609375 0.064578857421875
5 0.9515438842773437 0.9489671325683594 0.013128662109375 0.06457839965820313
5 0.9841494750976563 0.9355549621582031 0.0149176025390625 0.07530029296875
3 0.41574554443359374 0.9240331268310547 0.0179559326171875 0.09762222290039063
