2 0.015725860595703123 0.13487411499023438 0.0060595703125 0.013501739501953125
2 0.022186431884765625 0.1346600341796875 0.006126708984375 0.01368011474609375
2 0.20731201171875 0.11903488159179687 0.006126708984375 0.01368011474609375
2 0.222061767578125 0.11853492736816407 0.006126708984375 0.01368011474609375
2 0.22881195068359375 0.11915992736816407 0.006126708984375 0.01368011474609375
2 0.236312255859375 0.11903488159179687 0.006126708984375 0.01368011474609375
2 0.24456146240234375 0.11965995788574219 0.006126708984375 0.01368011474609375
2 0.25193695068359373 0.118909912109375 0.006126708984375 0.013679962158203125
2 0.25806182861328125 0.11953498840332032 0.006126708984375 0.0136798095703125
2 0.23781158447265624 0.15166000366210938 0.006126708984375 0.0136798095703125
2 0.23143646240234375 0.15190994262695312 0.006126708984375 0.01368011474609375
2 0.27531158447265625 0.1509100341796875 0.006126708984375 0.013679962158203125
2 0.4293115234375 0.13316001892089843 0.0061260986328125 0.013679962158203125
2 0.43756195068359377 0.13328498840332031 0.006126708984375 0.01368011474609375
2 0.45831146240234377 0.13428497314453125 0.006126708984375 0.01368011474609375
2 0.63125 0.008375091552734375 0.01231689453125 0.016750030517578125
