0 0.41250274658203123 0.5141316223144531 0.0293145751953125 0.0284393310546875
0 0.6061474609375 0.5367840576171875 0.03173828125 0.03302703857421875
0 0.6366375732421875 0.5212992858886719 0.030316162109375 0.030469970703125
0 0.6701553344726563 0.48895721435546874 0.034676513671875 0.03465057373046875
0 0.6965292358398437 0.43140640258789065 0.0257879638671875 0.0254229736328125
0 0.698953857421875 0.39320587158203124 0.024951171875 0.0223968505859375
0 0.7006927490234375 0.3648054504394531 0.0255303955078125 0.02073699951171875
0 0.7038824462890625 0.3206745910644531 0.0248175048828125 0.02174560546875
0 0.7031396484375 0.2882795715332031 0.026944580078125 0.02517578125
0 0.7069122314453125 0.24236648559570312 0.0240069580078125 0.02317657470703125
0 0.7086508178710937 0.16109115600585938 0.0250018310546875 0.0211346435546875
0 0.7092355346679687 0.119091796875 0.0255059814453125 0.0206463623046875
0 0.7117657470703125 0.08014297485351562 0.0261920166015625 0.0222021484375
0 0.715941162109375 0.014759979248046874 0.025084228515625 0.02292877197265625
0 0.7880209350585937 0.11428359985351562 0.031275634765625 0.02857086181640625
0 0.7869940185546875 0.14323089599609376 0.0277227783203125 0.02676849365234375
0 0.7874087524414063 0.17159652709960938 0.02620361328125 0.02844146728515625
0 0.7834426879882812 0.24403762817382812 0.0273931884765625 0.0283721923828125
0 0.9197015380859375 0.161331787109375 0.02361572265625 0.02831207275390625
0 0.9432037353515625 0.16443695068359376 0.026876220703125 0.02037506103515625
0 0.9652151489257812 0.16134368896484375 0.021494140625 0.0268426513671875
0 0.9819598388671875 0.16278213500976563 0.0258740234375 0.0246575927734375
0 0.9207958984375 0.22089035034179688 0.0253692626953125 0.03108123779296875
0 0.9428750610351563 0.22172698974609376 0.020614013671875 0.0246649169921875
0 0.963553466796875 0.22262191772460938 0.0233673095703125 0.027813720703125
0 0.9841763305664063 0.2215849304199219 0.021727294921875 0.0250030517578125
0 0.713780517578125 0.050198974609375 0.02427490234375 0.020892333984375
