0 0.02104583740234375 0.5826114654541016 0.0317584228515625 0.03487258911132812
0 0.05530548095703125 0.586835708618164 0.03198486328125 0.0284576416015625
0 0.0694158935546875 0.6020820236206055 0.0271087646484375 0.023512191772460937
0 0.01991729736328125 0.6658209228515625 0.028262939453125 0.025996246337890626
0 0.05096282958984375 0.6663723754882812 0.0271038818359375 0.023307952880859375
0 0.06363525390625 0.6861817169189454 0.0259869384765625 0.018816375732421876
0 0.02908050537109375 0.7658689880371093 0.02474609375 0.017675933837890626
0 0.061246337890625 0.7662378692626953 0.0293756103515625 0.02448516845703125
0 0.02620513916015625 0.850110855102539 0.0259893798828125 0.01928497314453125
2 0.1171875 0.8970000457763672 0.00587646484375 0.012750091552734375
2 0.11931282043457031 0.9226249694824219 0.00587615966796875 0.012750091552734375
2 0.126187744140625 0.9232499694824219 0.00587646484375 0.012750091552734375
2 0.1133123779296875 0.9231250762939454 0.00587646484375 0.01274993896484375
2 0.1070623779296875 0.9231250762939454 0.00587646484375 0.01274993896484375
2 0.2283758544921875 0.8708124542236328 0.01377685546875 0.0073748779296875
2 0.208687744140625 0.9326251220703125 0.00587646484375 0.012750091552734375
2 0.2158123779296875 0.93125 0.00587646484375 0.01274993896484375
2 0.2220623779296875 0.93125 0.00587646484375 0.01274993896484375
2 0.229312744140625 0.9315000152587891 0.00587646484375 0.012750091552734375
2 0.2353125 0.9310000610351562 0.00587646484375 0.012750091552734375
2 0.2420623779296875 0.9326250457763672 0.00587646484375 0.012750091552734375
2 0.246937255859375 0.9327499389648437 0.00587646484375 0.012750091552734375
2 0.253936767578125 0.9297500610351562 0.00587646484375 0.012750091552734375
2 0.2603125 0.9301250457763672 0.00587646484375 0.012750091552734375
2 0.2670623779296875 0.9311250305175781 0.00587646484375 0.012750091552734375
2 0.300687255859375 0.9311250305175781 0.00587646484375 0.012750091552734375
2 0.3071875 0.9311250305175781 0.00587646484375 0.012750091552734375
2 0.313062744140625 0.9311250305175781 0.00587646484375 0.012750091552734375
2 0.229375 0.8969374847412109 0.01377685546875 0.007375030517578125
2 0.8496539306640625 0.9734143829345703 0.014556884765625 0.008578643798828126
2 0.8749041748046875 0.9841644287109375 0.014556884765625 0.008578643798828126
2 0.8727789306640625 0.9936643981933594 0.014556884765625 0.008578643798828126
2 0.8759039306640625 0.9666645050048828 0.014556884765625 0.008578643798828126
2 0.8805291748046875 0.9441643524169921 0.014556884765625 0.008578643798828126
4 0.9288165283203125 0.9340922546386718 0.010958251953125 0.019877777099609376
3 0.961009521484375 0.750194320678711 0.028232421875 0.0098614501953125
2 0.988529052734375 0.9220393371582031 0.014556884765625 0.008578643798828126
2 0.9866546630859375 0.9369142913818359 0.014556884765625 0.008578643798828126
2 0.59535400390625 0.71098876953125 0.015206298828125 0.00772735595703125
2 0.6107501220703125 0.639437484741211 0.00625 0.01412506103515625
2 0.5947283935546875 0.703238754272461 0.015206298828125 0.007727508544921875
