7 0.3844073486328125 0.6771636962890625 0.038780517578125 0.060826416015625
7 0.365809326171875 0.949117431640625 0.064267578125 0.066751708984375
7 0.349765625 0.5967132568359375 0.053968505859375 0.057926025390625
7 0.03094940185546875 0.1113330078125 0.0430718994140625 0.0533880615234375
7 0.20653289794921875 0.019188575744628907 0.0511712646484375 0.04180343627929688
7 0.7785638427734375 0.45516693115234375 0.01777587890625 0.0279150390625
7 0.9469439697265625 0.4108847045898438 0.06827880859375 0.047191162109375
2 0.7842236328125 0.6268478393554687 0.025941162109375 0.0124835205078125
2 0.7391558837890625 0.6272726440429688 0.025941162109375 0.0124835205078125
2 0.5033038330078125 0.6331533813476562 0.028258056640625 0.02076904296875
2 0.537017822265625 0.516072998046875 0.023753662109375 0.0252581787109375
2 0.81905029296875 0.5597607421875 0.01480224609375 0.025899658203125
2 0.8698193359375 0.659285888671875 0.01376220703125 0.02600341796875
2 0.500850830078125 0.7149661254882812 0.0331640625 0.0356036376953125
7 0.53422607421875 0.7978741455078125 0.05314697265625 0.028486328125
7 0.876448974609375 0.7877182006835938 0.05391845703125 0.0401092529296875
7 0.9686590576171875 0.7761123657226563 0.056842041015625 0.0269647216796875
2 0.6828375244140625 0.984576416015625 0.011878662109375 0.0260406494140625
2 0.6970989990234375 0.98134521484375 0.01151611328125 0.0246795654296875
2 0.7167083740234375 0.9852227783203125 0.01151611328125 0.0246795654296875
2 0.7384423828125 0.97634521484375 0.01151611328125 0.0246795654296875
2 0.9370489501953125 0.984049072265625 0.01151611328125 0.02468017578125
2 0.7776605224609375 0.978572998046875 0.011517333984375 0.02468017578125
2 0.7649566650390625 0.9769235229492188 0.01151611328125 0.0246795654296875
