5 0.9404681396484375 0.020545387268066408 0.0753741455078125 0.04544937133789063
5 0.9732352447509766 0.02036308288574219 0.0753741455078125 0.045206298828125
5 0.9198371887207031 0.015857696533203125 0.07537429809570312 0.03743942260742188
5 0.769781494140625 0.015579452514648437 0.08365997314453125 0.031856689453125
5 0.7649271392822266 0.032949066162109374 0.08365997314453125 0.03325225830078125
5 0.4216020202636719 0.09702667236328125 0.03398056030273437 0.0774261474609375
5 0.45035022735595703 0.10448638916015625 0.033980636596679686 0.0774261474609375
5 0.46909107208251954 0.109217529296875 0.03398056030273437 0.0774261474609375
5 0.43615787506103515 0.1010296630859375 0.03398056030273437 0.0774261474609375
5 0.484920768737793 0.11249233245849609 0.033980712890625 0.07742630004882813
5 0.49984073638916016 0.11813323974609374 0.03398056030273437 0.0774261474609375
5 0.5145787048339844 0.12231781005859375 0.03398056030273437 0.0774261474609375
5 0.5458741760253907 0.1312335205078125 0.03398056030273437 0.0774261474609375
5 0.563159523010254 0.13596435546875 0.03398056030273437 0.0774261474609375
5 0.5315001296997071 0.12559295654296876 0.03398056030273437 0.0774261474609375
5 0.5793531036376953 0.14105865478515625 0.03398056030273437 0.0774261474609375
5 0.5939091110229492 0.145789794921875 0.03398056030273437 0.0774261474609375
5 0.6115583801269531 0.1474267578125 0.03398056030273437 0.0774261474609375
5 0.6262964248657227 0.1554327392578125 0.033980789184570315 0.0774261474609375
5 0.6585014343261719 0.163802490234375 0.03398056030273437 0.0774261474609375
5 0.6723298645019531 0.166168212890625 0.03398056030273437 0.0774261474609375
5 0.6421260070800782 0.15889007568359376 0.033980712890625 0.0774261474609375
5 0.688341293334961 0.17144439697265626 0.03398056030273437 0.0774261474609375
5 0.7190910339355469 0.18017822265625 0.03398056030273437 0.0774261474609375
5 0.7343748474121093 0.18600067138671875 0.03398056030273437 0.0774261474609375
5 0.70508056640625 0.17508331298828125 0.03398056030273437 0.0774261474609375
5 0.7520240783691406 0.1896392822265625 0.03398056030273437 0.0774261474609375
5 0.7676718139648437 0.19418853759765625 0.03398056030273437 0.0774261474609375
5 0.7824100494384766 0.1956439208984375 0.03398056030273437 0.0774261474609375
5 0.7984217071533203 0.20364990234375 0.03398056030273437 0.0774261474609375
5 0.8124317932128906 0.20637908935546875 0.03398056030273437 0.0774261474609375
5 0.8302626037597656 0.21056396484375 0.03398056030273437 0.0774261474609375
5 0.8448187255859375 0.2165679931640625 0.03398056030273437 0.0774261474609375
5 0.619086685180664 0.25837860107421873 0.037075958251953124 0.0786029052734375
5 0.6045304870605469 0.2603802490234375 0.037075958251953124 0.0786029052734375
5 0.5763282012939454 0.24946319580078125 0.037075958251953124 0.0786029052734375
5 0.5606805419921875 0.24291290283203126 0.037075958251953124 0.0786029052734375
5 0.5899745941162109 0.25292022705078127 0.037075958251953124 0.0786029052734375
5 0.5475801849365234 0.2363629150390625 0.037075958251953124 0.0786029052734375
5 0.5151929473876953 0.22999420166015624 0.037075958251953124 0.0786029052734375
5 0.4951783752441406 0.22963043212890624 0.037075958251953124 0.0786029052734375
5 0.47598255157470704 0.21798614501953126 0.028360137939453123 0.0531298828125
5 0.4357714462280273 0.1745001220703125 0.0807860565185547 0.03927734375
5 0.429403190612793 0.187418212890625 0.0807861328125 0.0392779541015625
5 0.4266740036010742 0.201610107421875 0.0807860565185547 0.03927734375
5 0.41793243408203123 0.2573458862304687 0.081497802734375 0.0402752685546875
5 0.4163775634765625 0.272237548828125 0.07256591796875 0.03087158203125
5 0.41346641540527346 0.28642974853515624 0.07256591796875 0.03087158203125
5 0.407825927734375 0.30153106689453124 0.07256599426269532 0.03087158203125
5 0.4023675537109375 0.3144500732421875 0.07256591796875 0.03087158203125
5 0.40192840576171873 0.3295379638671875 0.06914070129394531 0.028714599609375
5 0.39519664764404294 0.3434408569335938 0.0691412353515625 0.0288531494140625
5 0.38473426818847656 0.37164337158203126 0.06459243774414063 0.0268072509765625
5 0.3914666748046875 0.35781494140625 0.06459259033203125 0.0268072509765625
5 0.38327869415283206 0.38528961181640625 0.06459236145019531 0.0268072509765625
5 0.37763832092285154 0.3998455810546875 0.06459243774414063 0.0268072509765625
5 0.37454513549804686 0.4140374755859375 0.06459243774414063 0.0268072509765625
5 0.3674489974975586 0.44296783447265625 0.06459236145019531 0.0268072509765625
5 0.3583514404296875 0.45534027099609375 0.06459243774414063 0.0268072509765625
5 0.35725982666015627 0.46825897216796875 0.06459243774414063 0.0268072509765625
5 0.35289314270019534 0.4851800537109375 0.06459243774414063 0.0268072509765625
5 0.3499818468093872 0.4980990600585937 0.06459257125854492 0.0268072509765625
5 0.34579684257507326 0.51174560546875 0.06459238052368164 0.0268072509765625
5 0.33979264259338376 0.5250277709960938 0.06459257125854492 0.0268072509765625
5 0.33560768127441404 0.539583740234375 0.06459243774414063 0.0268072509765625
5 0.33324244499206546 0.5548675537109375 0.06459238052368164 0.0268072509765625
5 0.3288756561279297 0.5696051025390625 0.06459243774414063 0.0268072509765625
5 0.32505462646484373 0.5852529907226562 0.06459243774414063 0.0268072509765625
5 0.3221435070037842 0.5999908447265625 0.06459238052368164 0.0268072509765625
5 0.3068595123291016 0.6427496337890625 0.0645924186706543 0.0268072509765625
5 0.315411319732666 0.6121817016601563 0.06459247589111328 0.0268072509765625
5 0.298853816986084 0.6758645629882812 0.06459239959716796 0.0268072509765625
5 0.2719249725341797 0.7850347900390625 0.06459239959716796 0.0268072509765625
5 0.3128639221191406 0.6274652099609375 0.0645924186706543 0.0268072509765625
5 0.2717431449890137 0.8168759155273437 0.06459239959716796 0.0268072509765625
5 0.2801127624511719 0.831431884765625 0.06459239959716796 0.0268072509765625
5 0.27247091293334963 0.80322998046875 0.06459239959716796 0.0268072509765625
5 0.299217529296875 0.86327392578125 0.0645924186706543 0.0268072509765625
5 0.288664436340332 0.8461700439453125 0.06459259033203125 0.0268072509765625
5 0.30418451309204103 0.8930142211914063 0.05269214630126953 0.044775390625
5 0.3187766408920288 0.9286129760742188 0.045850334167480467 0.0398089599609375
5 0.43677223205566407 0.9160391235351563 0.08058815002441407 0.0143743896484375
5 0.4393196105957031 0.9023928833007813 0.08058822631835938 0.0143743896484375
5 0.4333151626586914 0.8579965209960938 0.08058822631835938 0.0143743896484375
5 0.4354985809326172 0.8847433471679688 0.08058815002441407 0.0143743896484375
5 0.44541488647460936 0.8211520385742187 0.06331878662109375 0.0142095947265625
5 0.4481441879272461 0.7625640869140625 0.06331878662109375 0.0142095947265625
5 0.44959976196289064 0.7483721923828125 0.06331878662109375 0.0142095947265625
5 0.4490538787841797 0.7794854736328125 0.06331878662109375 0.0142095947265625
5 0.4475983047485352 0.7238088989257813 0.06331878662109375 0.0142095947265625
5 0.4486899948120117 0.708160400390625 0.06331878662109375 0.0142095947265625
5 0.4497816848754883 0.659580078125 0.06331878662109375 0.0142095947265625
5 0.4621659469604492 0.5838076782226562 0.04255302429199219 0.0569293212890625
5 0.4630757522583008 0.5508749389648437 0.04255302429199219 0.0569293212890625
5 0.4588909530639648 0.5321340942382813 0.04255302429199219 0.0569293212890625
5 0.46234798431396484 0.49810943603515623 0.04255302429199219 0.0569293212890625
5 0.49835742950439454 0.4001171875 0.013474349975585937 0.0396624755859375
5 0.5106389999389649 0.417635498046875 0.0136358642578125 0.0725152587890625
5 0.5506681442260742 0.4189093017578125 0.013635940551757812 0.0725152587890625
5 0.5328369903564453 0.41654388427734373 0.013636016845703125 0.0725152587890625
5 0.6092562866210938 0.42018218994140627 0.0136358642578125 0.0725152587890625
5 0.5721382904052734 0.41818145751953123 0.013635940551757812 0.0725152587890625
5 0.6463740539550781 0.42272979736328126 0.0136358642578125 0.0725152587890625
5 0.6680260467529296 0.421456298828125 0.013636016845703125 0.0725152587890625
5 0.5885138320922851 0.4192730712890625 0.0136358642578125 0.0725152587890625
5 0.7617305755615235 0.42272979736328126 0.0136358642578125 0.0725152587890625
5 0.6846796417236328 0.43195953369140627 0.0149395751953125 0.057496337890625
5 0.68786376953125 0.26038055419921874 0.024199371337890626 0.03897705078125
5 0.7317140197753906 0.27002410888671874 0.07157577514648437 0.0414849853515625
5 0.7970342254638672 0.2769378662109375 0.031113433837890624 0.012010498046875
5 0.7934706115722656 0.29978515625 0.072083740234375 0.013670654296875
5 0.7947598266601562 0.318695068359375 0.07569137573242188 0.012559814453125
5 0.9043756866455078 0.2813174438476562 0.0733074951171875 0.013489990234375
5 0.7236170959472656 0.4326873779296875 0.0149395751953125 0.057496337890625
5 0.8964701843261719 0.438873291015625 0.0149395751953125 0.057496337890625
5 0.7065137481689453 0.43487091064453126 0.0149395751953125 0.057496337890625
5 0.7819359588623047 0.4201315307617188 0.014017333984375 0.0411181640625
5 0.8006681823730468 0.4247314453125 0.0136358642578125 0.0725146484375
5 0.8383319091796875 0.4260052490234375 0.0136358642578125 0.0725152587890625
5 0.8779969787597657 0.42837005615234375 0.0136358642578125 0.0725152587890625
5 0.8186811065673828 0.42363922119140623 0.0136358642578125 0.0725152587890625
5 0.7410843658447266 0.43468902587890623 0.0149395751953125 0.057496337890625
5 0.8575325775146484 0.43832763671875 0.0149395751953125 0.057496337890625
5 0.935953369140625 0.4326873779296875 0.0149395751953125 0.057496337890625
5 0.9574235534667969 0.4408746337890625 0.0149395751953125 0.057496337890625
5 0.9745268249511718 0.4405108642578125 0.0149395751953125 0.057496337890625
5 0.9945413970947266 0.44342254638671874 0.014939422607421876 0.057496337890625
5 0.8798165130615234 0.2216741943359375 0.0136358642578125 0.0725152587890625
5 0.8981980133056641 0.22132049560546874 0.01328125 0.0748443603515625
5 0.9140287017822266 0.22059600830078124 0.013646697998046875 0.0754522705078125
5 0.9297673797607422 0.22112274169921875 0.0134649658203125 0.0752398681640625
5 0.9614268493652344 0.22112274169921875 0.0134649658203125 0.0752398681640625
5 0.9799857330322266 0.22075927734375 0.0134649658203125 0.0752398681640625
5 0.9461429595947266 0.22276031494140625 0.0134649658203125 0.0752398681640625
5 0.9963614654541015 0.22276031494140625 0.0134649658203125 0.0752398681640625
3 0.03428185969591141 0.31585784912109377 0.03894405245780945 0.1072760009765625
2 0.032357521057128906 0.16807342529296876 0.015042400360107422 0.0229937744140625
2 0.06144069671630859 0.1391827392578125 0.015042400360107422 0.0229937744140625
