2 0.2477593994140625 0.9425951385498047 0.01201416015625 0.024448394775390625
2 0.2508209228515625 0.8438178253173828 0.011165771484375 0.02724456787109375
2 0.286656494140625 0.8036006927490235 0.01177734375 0.02512298583984375
2 0.314947509765625 0.8742469787597656 0.030784912109375 0.012048187255859375
2 0.21655914306640625 0.7941189575195312 0.0271014404296875 0.012936859130859376
2 0.288671875 0.7246686553955078 0.011771240234375 0.025120697021484374
2 0.290556640625 0.6857003021240234 0.011512451171875 0.030286102294921874
2 0.2899371337890625 0.6479969024658203 0.0117724609375 0.025120849609375
2 0.2534039306640625 0.6425226593017578 0.010731201171875 0.025196075439453125
2 0.253311767578125 0.6742469024658203 0.011771240234375 0.025120697021484374
2 0.25240966796875 0.7059112548828125 0.01072998046875 0.0251959228515625
7 0.18820831298828125 0.6956027984619141 0.04885498046875 0.019185638427734374
2 0.4393829345703125 0.6114458847045898 0.02259033203125 0.029168624877929688
2 0.306746826171875 0.48615810394287107 0.01204833984375 0.023707809448242186
2 0.33509033203125 0.5180723571777344 0.027218017578125 0.014307403564453125
2 0.06898223876953125 0.10899757385253907 0.0098974609375 0.02549884796142578
2 0.0992376708984375 0.10499153137207032 0.0098974609375 0.02549884796142578
2 0.19651153564453125 0.20301860809326172 0.0098980712890625 0.02549896240234375
2 0.2561346435546875 0.20164812088012696 0.009898681640625 0.02549896240234375
2 0.3771771240234375 0.21460210800170898 0.028778076171875 0.012813911437988282
2 0.280926513671875 0.17030990600585938 0.028778076171875 0.012813911437988282
2 0.3074169921875 0.149737606048584 0.028778076171875 0.012813911437988282
2 0.328087158203125 0.10274848937988282 0.0102685546875 0.029292240142822265
2 0.520762939453125 0.10254237174987793 0.011016845703125 0.027118644714355468
2 0.63347412109375 0.12733051300048828 0.03474609375 0.015677947998046875
2 0.700855712890625 0.0961593246459961 0.011004638671875 0.023675060272216795
2 0.8050860595703125 0.0843222713470459 0.022823486328125 0.034746227264404295
7 0.9580511474609374 0.05296598434448242 0.055084228515625 0.05508480072021484
2 0.8537884521484375 0.13709291458129882 0.026422119140625 0.023339271545410156
2 0.7266949462890625 0.16906780242919922 0.02203369140625 0.012711868286132813
2 0.85425048828125 0.15980074167251587 0.02884033203125 0.018533964157104493
2 0.60426025390625 0.20087532043457032 0.0109716796875 0.023673133850097658
2 0.6648944091796875 0.19795141220092774 0.010972900390625 0.02367340087890625
2 0.67807373046875 0.1992650032043457 0.010972900390625 0.023673439025878908
7 0.5008489990234375 0.33622886657714846 0.05459228515625 0.022457656860351564
7 0.5675701904296875 0.3337852096557617 0.041552734375 0.020093612670898438
7 0.707227783203125 0.3203257417678833 0.05334228515625 0.03222991943359375
2 0.796258544921875 0.3108371353149414 0.01849853515625 0.03204391479492188
3 0.7998468017578125 0.3587003707885742 0.018948974609375 0.047151947021484376
2 0.807230224609375 0.4454363250732422 0.01435302734375 0.029856109619140626
2 0.7758477783203125 0.484110107421875 0.026270751953125 0.016603012084960938
2 0.6265032958984375 0.54885498046875 0.01055419921875 0.025171661376953126
2 0.465103759765625 0.5073717880249023 0.01055419921875 0.025171661376953126
7 0.6621588134765625 0.5283604049682618 0.037867431640625 0.055025787353515626
2 0.568846435546875 0.6550900268554688 0.015697021484375 0.025413360595703125
7 0.44703369140625 0.6582626342773438 0.038909912109375 0.04703399658203125
7 0.44915283203125 0.7252118682861328 0.030509033203125 0.056353302001953126
7 0.4448248291015625 0.833260498046875 0.025823974609375 0.04871353149414062
7 0.506959228515625 0.8371253967285156 0.064178466796875 0.04357879638671875
7 0.7097760009765625 0.8112425231933593 0.060040283203125 0.05234512329101562
7 0.8450164794921875 0.8790724945068359 0.05815673828125 0.08151214599609374
2 0.969755859375 0.9790740966796875 0.024046630859375 0.0242498779296875
7 0.7567987060546875 0.9432302856445313 0.046492919921875 0.06440338134765625
7 0.5550848388671875 0.9192794799804688 0.064737548828125 0.058978271484375
