2 0.7579608154296875 0.898581771850586 0.020211181640625 0.016526336669921874
2 0.5625897216796875 0.8709925842285157 0.0164599609375 0.014658660888671874
2 0.3858154296875 0.7856742858886718 0.017220458984375 0.012359466552734375
2 0.583216552734375 0.7656570434570312 0.0164306640625 0.01363067626953125
2 0.5761334228515625 0.7732705688476562 0.0164306640625 0.01363067626953125
2 0.67208740234375 0.547930908203125 0.01339111328125 0.0194256591796875
2 0.8102496337890625 0.3801457977294922 0.012435302734375 0.010463333129882813
2 0.8838970947265625 0.2768855667114258 0.0134912109375 0.013176651000976562
2 0.86331787109375 0.19910919189453125 0.01102294921875 0.011536216735839844
2 0.90092041015625 0.20611867904663086 0.011373291015625 0.01358074188232422
