7 0.0906646728515625 0.833143310546875 0.052288818359375 0.05233642578125
6 0.15244293212890625 0.9100888061523438 0.03140869140625 0.03077392578125
6 0.24874984741210937 0.9099490356445312 0.0291497802734375 0.02724609375
6 0.2894987487792969 0.9210342407226563 0.012373046875 0.0145941162109375
6 0.26491119384765627 0.7993655395507813 0.0126904296875 0.012373046875
6 0.03140869140625 0.83172607421875 0.0139593505859375 0.0130078125
2 0.17766983032226563 0.693228759765625 0.009508056640625 0.0196435546875
2 0.23220062255859375 0.660556640625 0.03432952880859375 0.0146099853515625
2 0.3700823974609375 0.6502542114257812 0.03394683837890625 0.01965087890625
2 0.3540609741210938 0.5737948608398438 0.01714599609375 0.022525634765625
2 0.08391510009765625 0.5866433715820313 0.012373046875 0.0246600341796875
2 0.06174484252929688 0.588267822265625 0.012373046875 0.0246600341796875
7 0.35523681640625 0.348717041015625 0.03633392333984375 0.0424761962890625
7 0.11215087890625 0.24509674072265625 0.047420654296875 0.0629595947265625
2 0.24918746948242188 0.167646484375 0.03136993408203125 0.0211431884765625
2 0.2549070739746094 0.1549957275390625 0.02694549560546875 0.01804931640625
2 0.41370574951171873 0.12106597900390625 0.03287078857421875 0.0136419677734375
7 0.03943649291992188 0.058812713623046874 0.05842010498046875 0.07055801391601563
7 0.09555374145507813 0.062457427978515626 0.0307452392578125 0.05131668090820313
2 0.822049560546875 0.02750640869140625 0.009200439453125 0.0209393310546875
7 0.5988356018066406 0.07212455749511719 0.03482666015625 0.05364151000976562
2 0.7473342895507813 0.09424072265625 0.0256353759765625 0.0108197021484375
2 0.73525390625 0.15272369384765624 0.028858642578125 0.0125103759765625
2 0.6711892700195312 0.33446929931640623 0.03273406982421875 0.02785888671875
2 0.6497201538085937 0.39823211669921876 0.02723175048828125 0.0235589599609375
2 0.6294210815429687 0.56077392578125 0.01455291748046875 0.02630615234375
2 0.6094541931152344 0.6450189208984375 0.02417327880859375 0.0222076416015625
2 0.5926776123046875 0.6523538208007813 0.024173583984375 0.022208251953125
2 0.4909918212890625 0.66452880859375 0.013575439453125 0.0307708740234375
2 0.5109457397460937 0.6691314697265625 0.00984161376953125 0.022843017578125
7 0.7885972595214844 0.6310986328125 0.05743560791015625 0.06130859375
7 0.5317947387695312 0.8017572021484375 0.064853515625 0.0300982666015625
2 0.42298583984375 0.9903036499023438 0.00935821533203125 0.01689208984375
2 0.6070213317871094 0.990728759765625 0.00963836669921875 0.0186859130859375
2 0.6203784942626953 0.9893516540527344 0.0102093505859375 0.02154144287109375
2 0.6587761306762695 0.9903987121582031 0.009552001953125 0.01932098388671875
2 0.673394775390625 0.9884201049804687 0.00957611083984375 0.020482177734375
2 0.8028366088867187 0.9873101806640625 0.00922576904296875 0.0241949462890625
2 0.8180152893066406 0.9888400268554688 0.00940185546875 0.020762939453125
2 0.9367938613891602 0.6645260620117187 0.02421142578125 0.0195404052734375
2 0.9677059936523438 0.6805010986328125 0.02421142578125 0.0195404052734375
