0 0.7086508178710937 0.9735911560058593 0.0250018310546875 0.0211346435546875
0 0.7092355346679687 0.931591796875 0.0255059814453125 0.0206463623046875
0 0.7117657470703125 0.8926429748535156 0.0261920166015625 0.0222021484375
0 0.715941162109375 0.8272599792480468 0.025084228515625 0.02292877197265625
0 0.7165469360351563 0.7931742858886719 0.024356689453125 0.02368499755859375
0 0.71615966796875 0.7587460327148438 0.025596923828125 0.0226226806640625
0 0.7267068481445312 0.7161099243164063 0.0307550048828125 0.03117095947265625
0 0.7250347900390625 0.6799162292480468 0.03285400390625 0.03277252197265625
0 0.7227133178710937 0.6420707702636719 0.02312255859375 0.022158203125
0 0.7470303344726562 0.04790245056152344 0.0317138671875 0.025468902587890627
0 0.745555419921875 0.08462203979492187 0.025860595703125 0.02406585693359375
0 0.8642071533203125 0.029131546020507812 0.0393548583984375 0.035571441650390626
0 0.9000588989257813 0.02978599548339844 0.028631591796875 0.026917877197265624
0 0.931661376953125 0.0362701416015625 0.02622314453125 0.0202435302734375
0 0.9637051391601562 0.03761085510253906 0.0259893798828125 0.01928497314453125
0 0.7429177856445313 0.14506828308105468 0.022252197265625 0.021752777099609374
0 0.741611328125 0.19562385559082032 0.0325 0.024746856689453124
0 0.7374728393554687 0.2381684112548828 0.0257427978515625 0.023908538818359373
0 0.7372415161132813 0.27893341064453125 0.025806884765625 0.02344146728515625
0 0.8399203491210937 0.25630722045898435 0.0191778564453125 0.02422271728515625
0 0.7368685913085937 0.317169189453125 0.0244091796875 0.0225213623046875
0 0.956724853515625 0.23533836364746094 0.02247802734375 0.025974578857421875
0 0.7959310913085937 0.7449667358398437 0.027965087890625 0.02648651123046875
0 0.7942648315429688 0.8030178833007813 0.021923828125 0.0256298828125
0 0.7880209350585937 0.9267835998535157 0.031275634765625 0.02857086181640625
0 0.7869940185546875 0.9557308959960937 0.0277227783203125 0.02676849365234375
0 0.7874087524414063 0.9840965270996094 0.02620361328125 0.02844146728515625
0 0.9197015380859375 0.973831787109375 0.02361572265625 0.02831207275390625
0 0.9432037353515625 0.9769369506835938 0.026876220703125 0.02037506103515625
0 0.9652151489257812 0.9738436889648437 0.021494140625 0.0268426513671875
0 0.9819598388671875 0.9752821350097656 0.0258740234375 0.0246575927734375
0 0.713780517578125 0.862698974609375 0.02427490234375 0.020892333984375
0 0.158087158203125 0.10735969543457032 0.0260589599609375 0.023206329345703124
