2 0.20842010498046876 0.9764413452148437 0.0162322998046875 0.0077313232421875
2 0.26726776123046875 0.9794644165039063 0.0154327392578125 0.0077496337890625
2 0.32176544189453127 0.9764315795898437 0.0144879150390625 0.0064013671875
2 0.5048019409179687 0.9195748901367188 0.0134112548828125 0.0112872314453125
2 0.6765298461914062 0.9440957641601563 0.01553955078125 0.0114727783203125
2 0.08991912841796874 0.71076904296875 0.01218017578125 0.0068408203125
2 0.0133599853515625 0.6410525512695312 0.0120806884765625 0.005555419921875
3 0.12159149169921875 0.6575082397460937 0.032818603515625 0.01130615234375
2 0.16184478759765625 0.7004568481445312 0.014324951171875 0.0070806884765625
2 0.1817242431640625 0.65153076171875 0.0104168701171875 0.0064947509765625
2 0.241639404296875 0.6456167602539062 0.0149151611328125 0.0075567626953125
2 0.24429931640625 0.6231161499023438 0.0129815673828125 0.006951904296875
2 0.33300933837890623 0.6899258422851563 0.0137652587890625 0.008516845703125
2 0.46359405517578123 0.6296322631835938 0.01356201171875 0.0067352294921875
2 0.45447784423828125 0.6163796997070312 0.0142962646484375 0.0082696533203125
2 0.4629998779296875 0.6407501220703125 0.0140008544921875 0.0081317138671875
2 0.5463760375976563 0.6345626831054687 0.014952392578125 0.0076251220703125
3 0.6106878662109375 0.6202508544921875 0.0211248779296875 0.0090032958984375
2 0.6106256103515625 0.6321255493164063 0.0125 0.006297607421875
2 0.683687744140625 0.6268753051757813 0.0130108642578125 0.0067498779296875
2 0.743402099609375 0.6133792114257812 0.0125537109375 0.0062591552734375
2 0.7322772216796875 0.5942547607421875 0.0125531005859375 0.006259765625
2 0.7830001831054687 0.6103750610351563 0.01125 0.006253662109375
2 0.7936248779296875 0.6211874389648437 0.01125 0.0046893310546875
3 0.8481256103515625 0.6035003662109375 0.059749755859375 0.0166424560546875
2 0.8626101684570312 0.5860653686523437 0.0127813720703125 0.00816650390625
2 0.8791409301757812 0.6165582275390625 0.013719482421875 0.006883544921875
2 0.9433853149414062 0.603067626953125 0.0132305908203125 0.007364501953125
2 0.9634375 0.6122500610351562 0.0138751220703125 0.0070452880859375
