0 0.0517071533203125 0.029131546020507812 0.0393548583984375 0.035571441650390626
0 0.08755889892578125 0.02978599548339844 0.028631591796875 0.026917877197265624
0 0.119161376953125 0.0362701416015625 0.02622314453125 0.0202435302734375
0 0.15120513916015624 0.03761085510253906 0.0259893798828125 0.01928497314453125
0 0.02742034912109375 0.25630722045898435 0.0191778564453125 0.02422271728515625
0 0.144224853515625 0.23533836364746094 0.02247802734375 0.025974578857421875
0 0.3141748046875 0.2083454895019531 0.023839111328125 0.026529388427734377
0 0.398187255859375 0.22165138244628907 0.022203369140625 0.019526214599609376
0 0.515267333984375 0.20836212158203124 0.025914306640625 0.027553558349609375
0 0.1072015380859375 0.973831787109375 0.02361572265625 0.02831207275390625
0 0.1307037353515625 0.9769369506835938 0.026876220703125 0.02037506103515625
0 0.15271514892578125 0.9738436889648437 0.021494140625 0.0268426513671875
0 0.1694598388671875 0.9752821350097656 0.0258740234375 0.0246575927734375
0 0.19042236328125 0.9743429565429688 0.0273651123046875 0.029208984375
0 0.21091583251953125 0.9745072937011718 0.0231256103515625 0.02349639892578125
0 0.23008087158203125 0.9744389343261719 0.023370361328125 0.028826904296875
0 0.248870849609375 0.9745448303222656 0.024833984375 0.025941162109375
0 0.394510498046875 0.9769589233398438 0.027723388671875 0.0248663330078125
0 0.4284088134765625 0.9771003723144531 0.026990966796875 0.02524383544921875
0 0.331319580078125 0.9767802429199218 0.02668701171875 0.02403045654296875
0 0.6468609619140625 0.9113894653320312 0.022445068359375 0.027667236328125
0 0.653011474609375 0.9765103149414063 0.024658203125 0.022572021484375
0 0.5908331298828124 0.9777384948730469 0.02713623046875 0.0258099365234375
2 0.2421875 0.08450004577636719 0.00587646484375 0.012750091552734375
2 0.2443128204345703 0.11012496948242187 0.00587615966796875 0.012750091552734375
2 0.251187744140625 0.11074996948242187 0.00587646484375 0.012750091552734375
2 0.2383123779296875 0.11062507629394532 0.00587646484375 0.01274993896484375
2 0.2320623779296875 0.11062507629394532 0.00587646484375 0.01274993896484375
2 0.3533758544921875 0.05831245422363281 0.01377685546875 0.0073748779296875
2 0.333687744140625 0.1201251220703125 0.00587646484375 0.012750091552734375
2 0.3408123779296875 0.11875 0.00587646484375 0.01274993896484375
2 0.3470623779296875 0.11875 0.00587646484375 0.01274993896484375
2 0.354312744140625 0.11900001525878906 0.00587646484375 0.012750091552734375
2 0.3603125 0.11850006103515626 0.00587646484375 0.012750091552734375
2 0.3670623779296875 0.12012504577636719 0.00587646484375 0.012750091552734375
2 0.371937255859375 0.12024993896484375 0.00587646484375 0.012750091552734375
2 0.378936767578125 0.11725006103515626 0.00587646484375 0.012750091552734375
2 0.3853125 0.11762504577636719 0.00587646484375 0.012750091552734375
2 0.3920623779296875 0.11862503051757813 0.00587646484375 0.012750091552734375
2 0.425687255859375 0.11862503051757813 0.00587646484375 0.012750091552734375
2 0.4321875 0.11862503051757813 0.00587646484375 0.012750091552734375
2 0.438062744140625 0.11862503051757813 0.00587646484375 0.012750091552734375
2 0.354375 0.08443748474121093 0.01377685546875 0.007375030517578125
2 0.969124755859375 0.2043750762939453 0.017357177734375 0.009250030517578126
2 0.9746539306640625 0.1609143829345703 0.014556884765625 0.008578643798828126
