2 0.242840576171875 0.9280831909179688 0.00589599609375 0.0129022216796875
5 0.2871484375 0.8680673217773438 0.0426171875 0.0251824951171875
2 0.00609893798828125 0.603067626953125 0.0125006103515625 0.007364501953125
2 0.0259375 0.6122500610351562 0.0138751220703125 0.0070452880859375
2 0.0629376220703125 0.60081298828125 0.0136248779296875 0.0071795654296875
2 0.11506256103515625 0.6075 0.0123748779296875 0.005999755859375
2 0.13043701171875 0.596875 0.01237548828125 0.005999755859375
2 0.207562255859375 0.5817498779296875 0.01237548828125 0.005999755859375
2 0.226312255859375 0.590250244140625 0.01237548828125 0.005999755859375
2 0.2409375 0.6007501220703125 0.01237548828125 0.005999755859375
2 0.311312255859375 0.6157501220703125 0.01237548828125 0.005999755859375
2 0.3004986572265625 0.5869369506835938 0.01449951171875 0.0063751220703125
2 0.358812255859375 0.59375 0.01237548828125 0.005999755859375
2 0.41956298828125 0.559625244140625 0.01237548828125 0.005999755859375
2 0.4878125 0.6073748779296875 0.01237548828125 0.005999755859375
2 0.5265625 0.614375 0.01237548828125 0.005999755859375
2 0.516812744140625 0.6513751220703125 0.01237548828125 0.005999755859375
3 0.474549560546875 0.5766183471679688 0.0593994140625 0.011014404296875
2 0.5603125 0.6029998779296875 0.01237548828125 0.005999755859375
2 0.58606201171875 0.620250244140625 0.01237548828125 0.005999755859375
2 0.576312255859375 0.6548748779296875 0.01237548828125 0.005999755859375
2 0.65393798828125 0.6170001220703125 0.01237548828125 0.005999755859375
3 0.637249755859375 0.5982501220703125 0.02324951171875 0.00824951171875
2 0.74203369140625 0.627769775390625 0.01237548828125 0.005999755859375
2 0.792908935546875 0.6097698974609375 0.01237548828125 0.005999755859375
2 0.8111456298828125 0.6091958618164063 0.016209716796875 0.00639892578125
2 0.7269091796875 0.5638949584960937 0.01237548828125 0.005999755859375
2 0.7915338134765625 0.5493951416015626 0.01237548828125 0.005999755859375
2 0.812283935546875 0.5593951416015625 0.01237548828125 0.005999755859375
2 0.8521588134765625 0.565894775390625 0.01237548828125 0.005999755859375
2 0.924158935546875 0.55364501953125 0.01237548828125 0.005999755859375
2 0.972908935546875 0.5600201416015625 0.01237548828125 0.005999755859375
2 0.4010693359375 0.927000732421875 0.014859619140625 0.0071832275390625
2 0.40260986328125 0.9057962036132813 0.013817138671875 0.0067779541015625
2 0.4339984130859375 0.9353610229492187 0.013817138671875 0.0067779541015625
2 0.4524847412109375 0.9350765991210938 0.013817138671875 0.0067779541015625
2 0.450009765625 0.926951904296875 0.012564697265625 0.0068109130859375
2 0.4343463134765625 0.9254953002929688 0.012564697265625 0.0068109130859375
2 0.433931884765625 0.91908447265625 0.01256591796875 0.0068121337890625
2 0.45007080078125 0.919713134765625 0.012564697265625 0.0068121337890625
2 0.4499163818359375 0.9119989013671875 0.012564697265625 0.0068121337890625
2 0.5310986328125 0.9605938720703125 0.012564697265625 0.0068121337890625
2 0.5306842041015625 0.9518377685546875 0.012564697265625 0.0068121337890625
2 0.5284454345703125 0.9288751220703125 0.012568359375 0.0070751953125
2 0.5292022705078125 0.9371923828125 0.012564697265625 0.0068109130859375
2 0.49518310546875 0.9331515502929687 0.012564697265625 0.0068121337890625
2 0.4945068359375 0.9259588623046875 0.01256591796875 0.0068121337890625
2 0.496700439453125 0.9190274047851562 0.01256591796875 0.0068121337890625
2 0.4951123046875 0.9118350219726562 0.01256591796875 0.0068121337890625
2 0.4956109619140625 0.9024267578125 0.01256591796875 0.0068121337890625
2 0.4954571533203125 0.896407470703125 0.01256591796875 0.0068121337890625
2 0.49517333984375 0.882828369140625 0.012564697265625 0.0068121337890625
2 0.4943621826171875 0.8900149536132812 0.01218505859375 0.00619140625
2 0.5282928466796875 0.92129150390625 0.012568359375 0.0070751953125
2 0.5293560791015625 0.91459716796875 0.012569580078125 0.0055621337890625
2 0.5297235107421875 0.9085775756835938 0.012569580078125 0.005562744140625
2 0.5285223388671875 0.9007778930664062 0.01281982421875 0.0061871337890625
2 0.531142578125 0.8786322021484375 0.0122314453125 0.0062506103515625
2 0.4815966796875 0.9338204956054688 0.012552490234375 0.005849609375
2 0.481522216796875 0.9273577880859375 0.012711181640625 0.006270751953125
2 0.4828033447265625 0.9200350952148437 0.012711181640625 0.0062701416015625
2 0.47926025390625 0.9108877563476563 0.012711181640625 0.0062713623046875
2 0.5302801513671875 0.8719070434570313 0.01311767578125 0.0071063232421875
2 0.4810614013671875 0.8986117553710937 0.012711181640625 0.0062713623046875
2 0.4814300537109375 0.8916796875 0.012711181640625 0.006270751953125
2 0.4815374755859375 0.8843576049804688 0.012711181640625 0.0062701416015625
2 0.478905029296875 0.87625244140625 0.012711181640625 0.0067364501953125
2 0.4943377685546875 0.8758474731445313 0.0122314453125 0.0062506103515625
2 0.52869384765625 0.8514193725585938 0.013173828125 0.006209716796875
2 0.529322509765625 0.8425326538085938 0.013175048828125 0.006209716796875
2 0.5276043701171875 0.8272589111328125 0.013173828125 0.006209716796875
2 0.493662109375 0.869437255859375 0.01222900390625 0.00625
2 0.49389892578125 0.860550537109375 0.012230224609375 0.0062506103515625
2 0.493094482421875 0.8532278442382812 0.0122314453125 0.0062506103515625
2 0.4934405517578125 0.84663818359375 0.01453369140625 0.0067669677734375
2 0.49411376953125 0.8405609130859375 0.0122314453125 0.0062506103515625
2 0.493697509765625 0.8338897705078125 0.012227783203125 0.00625
2 0.4938067626953125 0.8268280029296875 0.0122314453125 0.0062506103515625
2 0.4940435791015625 0.8197659301757813 0.0122314453125 0.0062506103515625
2 0.4805767822265625 0.8695819091796875 0.012711181640625 0.0067364501953125
2 0.4805535888671875 0.8613467407226563 0.012711181640625 0.0067364501953125
2 0.4784442138671875 0.8537631225585938 0.012711181640625 0.0067364501953125
2 0.4788104248046875 0.8464407348632812 0.012711181640625 0.0067364501953125
2 0.4808734130859375 0.83989990234375 0.012711181640625 0.0067364501953125
2 0.48072021484375 0.8336196899414062 0.012711181640625 0.0067364501953125
2 0.480435791015625 0.8265582275390625 0.012711181640625 0.0067364501953125
2 0.4808038330078125 0.82001708984375 0.012711181640625 0.0067364501953125
2 0.3990484619140625 0.8194671630859375 0.014207763671875 0.006907958984375
2 0.4473828125 0.8109710693359375 0.014207763671875 0.006907958984375
2 0.4792926025390625 0.8117294311523438 0.01420654296875 0.006907958984375
2 0.4949114990234375 0.8096209716796875 0.014207763671875 0.006907958984375
2 0.52734375 0.8102490234375 0.014207763671875 0.006907958984375
2 0.5272418212890625 0.8170553588867188 0.014598388671875 0.0070648193359375
2 0.76650146484375 0.9704373168945313 0.0110009765625 0.0064080810546875
2 0.7666253662109375 0.964000244140625 0.0122509765625 0.006533203125
2 0.767374267578125 0.957874755859375 0.012249755859375 0.006531982421875
2 0.766624755859375 0.9507504272460937 0.0122509765625 0.006531982421875
2 0.7685009765625 0.9441256713867188 0.0122509765625 0.006531982421875
2 0.76862548828125 0.9370632934570312 0.013250732421875 0.00663330078125
2 0.7685003662109375 0.9303131103515625 0.013250732421875 0.00663330078125
2 0.7683746337890625 0.9240625 0.013250732421875 0.00663330078125
2 0.7291253662109375 0.9519375610351563 0.013250732421875 0.00663330078125
2 0.714124755859375 0.9521875 0.013250732421875 0.00663330078125
2 0.7148760986328125 0.9456875610351563 0.013250732421875 0.00663330078125
2 0.72949951171875 0.9449374389648437 0.013250732421875 0.00663330078125
2 0.6824853515625 0.976063232421875 0.01327880859375 0.006634521484375
2 0.680751953125 0.9675076293945313 0.012264404296875 0.0065155029296875
2 0.6807476806640625 0.9589840698242188 0.011005859375 0.0064678955078125
2 0.6808721923828125 0.9512335205078125 0.011007080078125 0.0064678955078125
2 0.73047607421875 0.9380538940429688 0.012452392578125 0.007857666015625
2 0.7299346923828125 0.9308023071289062 0.0123681640625 0.006854248046875
2 0.7166839599609375 0.9381768798828125 0.0123681640625 0.006854248046875
2 0.71693359375 0.9306771850585938 0.0123681640625 0.006854248046875
2 0.7159332275390625 0.9243014526367187 0.0123681640625 0.006854248046875
2 0.7149334716796875 0.9166775512695312 0.0123681640625 0.006854248046875
2 0.7158087158203125 0.90917724609375 0.0123681640625 0.006854248046875
2 0.7159344482421875 0.902052001953125 0.0123681640625 0.006854248046875
2 0.7166839599609375 0.8940521240234375 0.0123681640625 0.006854248046875
2 0.715308837890625 0.8869268798828125 0.0123681640625 0.006854248046875
2 0.6782501220703125 0.9219363403320312 0.011998291015625 0.0061279296875
2 0.7298101806640624 0.9234271240234375 0.0123681640625 0.006854248046875
2 0.7293096923828125 0.9163015747070312 0.0123681640625 0.006854248046875
2 0.7299346923828125 0.9090521240234375 0.0123681640625 0.006854248046875
2 0.729683837890625 0.9021771240234375 0.0123681640625 0.006854248046875
2 0.729937744140625 0.8948123168945312 0.012166748046875 0.006875
2 0.7297491455078124 0.886019287109375 0.012003173828125 0.007537841796875
2 0.6798760986328125 0.900311279296875 0.011998291015625 0.0061279296875
2 0.679625244140625 0.8934365844726563 0.011998291015625 0.0061279296875
2 0.6796246337890625 0.88506103515625 0.011998291015625 0.0061279296875
2 0.6802508544921875 0.878436279296875 0.011998291015625 0.0061279296875
2 0.6800006103515625 0.8724359130859375 0.011998291015625 0.0061279296875
2 0.6792498779296875 0.8636859130859375 0.011998291015625 0.0061279296875
2 0.677125244140625 0.85693603515625 0.011998291015625 0.0061279296875
2 0.677000732421875 0.8490609741210937 0.011998291015625 0.0061279296875
2 0.7666259765625 0.9156878662109375 0.013250732421875 0.00663330078125
2 0.7661370849609375 0.908770751953125 0.01202392578125 0.007041015625
2 0.7666375732421875 0.8998956298828125 0.012025146484375 0.007041015625
2 0.765 0.8939996337890626 0.01125 0.0067803955078125
2 0.7651263427734375 0.886500244140625 0.01125 0.0067803955078125
2 0.7663751220703126 0.849749755859375 0.01125 0.0067803955078125
2 0.76612548828125 0.8426251220703125 0.01125 0.006781005859375
