5 0.12439323425292968 0.023149337768554688 0.06898117065429688 0.04696609497070312
5 0.12366523742675781 0.04004859924316406 0.06898117065429688 0.04830108642578125
5 0.11371353149414062 0.06262123107910156 0.06898101806640625 0.04830108642578125
5 0.2694921112060547 0.04619102478027344 0.06271469116210937 0.029032745361328126
5 0.2576886749267578 0.05963470458984375 0.08001144409179688 0.033589630126953124
5 0.10327682495117188 0.10873794555664062 0.06898117065429688 0.04830093383789062
5 0.10303390502929688 0.12815505981445313 0.06898101806640625 0.04830108642578125
5 0.094781494140625 0.1504853057861328 0.06898101806640625 0.04830108642578125
5 0.0853155517578125 0.1711163330078125 0.06898101806640625 0.04830093383789062
5 0.08580101013183594 0.19101951599121095 0.06898117065429688 0.04830108642578125
5 0.0809466552734375 0.20898056030273438 0.06898117065429688 0.04830108642578125
5 0.07293701171875 0.2317961883544922 0.06898117065429688 0.04830078125
5 0.06735427856445313 0.2543687438964844 0.06898101806640625 0.04830108642578125
5 0.18632926940917968 0.30356666564941404 0.08001144409179688 0.033589630126953124
5 0.1809893035888672 0.3409454345703125 0.08001144409179688 0.03358978271484375
5 0.17200881958007813 0.35745025634765626 0.08001129150390625 0.033589630126953124
5 0.16060104370117187 0.39628517150878906 0.08001129150390625 0.03358978271484375
5 0.15477584838867187 0.41521736145019533 0.08001144409179688 0.03358978271484375
5 0.14555259704589843 0.4491978454589844 0.08001144409179688 0.03358978271484375
5 0.14191162109375 0.47128528594970703 0.08001144409179688 0.03358970642089844
5 0.13196029663085937 0.4909454345703125 0.08001144409179688 0.03358978271484375
5 0.1266204833984375 0.509149169921875 0.08001129150390625 0.0335894775390625
5 0.11521263122558593 0.5470130920410157 0.08001129150390625 0.0335894775390625
5 0.11132911682128906 0.5637606811523438 0.08001129150390625 0.0335894775390625
5 0.1091448974609375 0.5868193054199219 0.08001144409179688 0.03358978271484375
5 0.09822257995605468 0.6174015808105469 0.08001144409179688 0.0335894775390625
5 0.08681472778320312 0.6542951965332031 0.08001144409179688 0.03358978271484375
5 0.10441116333007812 0.6371830749511719 0.06229400634765625 0.028492431640625
5 0.08742111206054687 0.6947073364257812 0.06229400634765625 0.028492431640625
5 0.07504226684570313 0.7349984741210938 0.06229400634765625 0.028492431640625
5 0.04138336181640625 0.3315533447265625 0.06898101806640625 0.04830108642578125
5 0.031104488372802733 0.3750001525878906 0.06446632385253906 0.04830093383789062
5 0.029466171264648438 0.39587379455566407 0.062281951904296876 0.04830093383789062
5 0.02409595489501953 0.4228155517578125 0.051844940185546876 0.04830093383789062
5 0.07322257995605469 0.7101200866699219 0.08001129150390625 0.03358978271484375
5 0.059144821166992184 0.7467706298828125 0.08001144409179688 0.03358978271484375
5 0.04797988891601562 0.7826930236816406 0.08001144409179688 0.03358978271484375
5 0.04676605224609375 0.8040518188476562 0.08001144409179688 0.03358978271484375
5 0.06387725830078125 0.7689791870117187 0.06229400634765625 0.028492431640625
5 0.03888677597045898 0.8394891357421875 0.07851951599121093 0.03358978271484375
5 0.03551898956298828 0.8596347045898437 0.07269416809082031 0.03358978271484375
5 0.030421867370605468 0.8768678283691407 0.062499923706054686 0.03358978271484375
5 0.9004483032226562 0.9404539489746093 0.0737774658203125 0.0313720703125
5 0.9056147766113282 0.9024227905273438 0.0737774658203125 0.0313720703125
5 0.9219755554199218 0.8672621154785156 0.0737774658203125 0.0313714599609375
5 0.9357527160644531 0.8121530151367188 0.0737774658203125 0.0313720703125
5 0.9394842529296875 0.793209228515625 0.07377716064453126 0.0313720703125
5 0.9447938537597657 0.7755572509765625 0.0737774658203125 0.0313720703125
5 0.9462542724609375 0.7535163879394531 0.06572906494140625 0.02829010009765625
5 0.9507032775878906 0.7365814208984375 0.06572906494140625 0.028289794921875
5 0.9590269470214844 0.718642578125 0.06572906494140625 0.028289794921875
5 0.984859619140625 0.6454507446289063 0.06572906494140625 0.028289794921875
5 0.9872994995117188 0.6270809936523437 0.06572906494140625 0.028289794921875
