5 0.74831298828125 0.16383622884750365 0.052535400390625 0.05151982307434082
5 0.549444580078125 0.3402685546875 0.0161907958984375 0.07154327392578125
5 0.7727035522460938 0.1626926040649414 0.0525360107421875 0.051519851684570316
5 0.7934732055664062 0.16326452255249024 0.0525360107421875 0.051519889831542966
5 0.81919677734375 0.16326452255249024 0.0525360107421875 0.051519889831542966
5 0.8437777709960937 0.16326467514038087 0.0525360107421875 0.051519889831542966
5 0.9262857055664062 0.16555089950561525 0.0525360107421875 0.051519889831542966
5 0.9617279052734375 0.16116855621337892 0.0525360107421875 0.051519851684570316
5 0.9068499755859375 0.1615494704246521 0.052535400390625 0.051519975662231446
5 0.6454812622070313 0.3377915191650391 0.0161920166015625 0.07154350280761719
5 0.6879733276367187 0.3391252899169922 0.0161920166015625 0.07154350280761719
5 0.705313720703125 0.3379820251464844 0.01619140625 0.07154350280761719
5 0.7638125610351563 0.34141189575195313 0.0161907958984375 0.07154327392578125
5 0.8221237182617187 0.34086692810058594 0.014674072265625 0.07540756225585937
5 0.7438043212890625 0.34045913696289065 0.0161907958984375 0.07154327392578125
5 0.859471435546875 0.3408669662475586 0.0146746826171875 0.07540771484375
5 0.8402261352539062 0.33991416931152346 0.014674072265625 0.07540763854980469
5 0.976658935546875 0.34220081329345703 0.0146746826171875 0.07540771484375
5 0.8804318237304688 0.34334415435791016 0.0146746826171875 0.07540771484375
5 0.9955230712890625 0.34410629272460935 0.014674072265625 0.07540763854980469
2 0.2667779541015625 0.9866990661621093 0.0248760986328125 0.00997589111328125
2 0.2649639892578125 0.9749094390869141 0.024876708984375 0.00997589111328125
2 0.26481292724609373 0.9617593383789063 0.024876708984375 0.00997589111328125
2 0.2639056396484375 0.9483071899414063 0.024876708984375 0.00997589111328125
2 0.26602203369140626 0.9347038269042969 0.024876708984375 0.00997589111328125
2 0.26828948974609373 0.8966143798828125 0.0248760986328125 0.00997589111328125
2 0.19135467529296876 0.8997885131835938 0.0248760986328125 0.00997589111328125
2 0.1887847900390625 0.8851271057128907 0.024876708984375 0.009975738525390625
2 0.186971435546875 0.8718260955810547 0.0248760986328125 0.009975738525390625
2 0.18470428466796876 0.859129409790039 0.0248760986328125 0.00997589111328125
2 0.18908721923828126 0.8441657257080079 0.0248760986328125 0.009975738525390625
2 0.18893585205078126 0.8295043182373046 0.0248760986328125 0.00997589111328125
2 0.20042388916015624 0.8168077850341797 0.0248760986328125 0.00997589111328125
2 0.26783599853515627 0.8852781677246093 0.0248760986328125 0.00997589111328125
2 0.268138427734375 0.870918960571289 0.024876708984375 0.00997589111328125
2 0.26844085693359376 0.8580714416503906 0.0248760986328125 0.00997589111328125
2 0.2657196044921875 0.8459795379638672 0.0248760986328125 0.00997589111328125
2 0.26420806884765624 0.8316203308105469 0.0248760986328125 0.00997589111328125
2 0.26330108642578126 0.8196795654296875 0.024876708984375 0.00997589111328125
2 0.26949859619140626 0.7308040618896484 0.0248760986328125 0.00997589111328125
2 0.19543548583984374 0.7424427032470703 0.0248760986328125 0.009975738525390625
2 0.193924560546875 0.7273278045654297 0.0248760986328125 0.00997589111328125
2 0.19331939697265624 0.7158404541015625 0.0248760986328125 0.009975738525390625
2 0.19226165771484374 0.7028417205810547 0.0248760986328125 0.00997589111328125
2 0.193470458984375 0.6904474639892578 0.0248760986328125 0.009975738525390625
2 0.19709808349609376 0.6775997924804688 0.0248760986328125 0.00997589111328125
2 0.19800537109375 0.663089599609375 0.0248760986328125 0.00997589111328125
2 0.26859130859375 0.7172008514404297 0.024876708984375 0.00997589111328125
2 0.2667779541015625 0.6930170440673828 0.0248760986328125 0.00997589111328125
2 0.2717654418945312 0.6779020690917968 0.024876708984375 0.00997589111328125
2 0.2704058837890625 0.6653567504882812 0.0248760986328125 0.00997589111328125
2 0.26934722900390623 0.6508464813232422 0.0248760986328125 0.00997589111328125
2 0.2676849365234375 0.637545394897461 0.0248760986328125 0.00997589111328125
2 0.2701025390625 0.6021764755249024 0.0248760986328125 0.009975814819335937
2 0.27085906982421876 0.5864571380615234 0.0248760986328125 0.009975814819335937
2 0.27025390625 0.5450423049926758 0.024876708984375 0.009975814819335937
2 0.27025421142578127 0.5275090408325195 0.024876708984375 0.009975814819335937
2 0.3645709228515625 0.1824365234375 0.009522705078125 0.022257347106933594
2 0.37923187255859375 0.1800181198120117 0.0095220947265625 0.022257347106933594
2 0.3905682373046875 0.17865779876708984 0.009522705078125 0.022257347106933594
2 0.40371856689453123 0.18818019866943358 0.0095220947265625 0.02225738525390625
2 0.41732177734375 0.18636636734008788 0.009522705078125 0.022257347106933594
2 0.43273895263671874 0.18712209701538085 0.009522705078125 0.022257347106933594
2 0.4457373046875 0.18062271118164064 0.0095220947265625 0.022257347106933594
2 0.44241241455078123 0.284613094329834 0.009522705078125 0.022257347106933594
2 0.429715576171875 0.28098546981811523 0.009522705078125 0.022257347106933594
2 0.41656646728515623 0.28204353332519533 0.009522705078125 0.022257347106933594
2 0.402811279296875 0.2826481056213379 0.009522705078125 0.022257347106933594
