5 0.10775314331054688 0.7884014892578125 0.07377716064453126 0.0313720703125
5 0.11421112060546874 0.7718972778320312 0.07377716064453126 0.03137176513671875
5 0.12239181518554687 0.7367366027832031 0.07377716064453126 0.0313720703125
5 0.11866043090820312 0.7539582824707032 0.0737774658203125 0.03137176513671875
5 0.12655364990234375 0.7189410400390625 0.0737774658203125 0.03137176513671875
5 0.129710693359375 0.7007151794433594 0.07377716064453126 0.03137176513671875
5 0.13358566284179688 0.6862202453613281 0.0737774658203125 0.0313720703125
5 0.13846481323242188 0.6675634765625 0.07377716064453126 0.03137176513671875
5 0.14678863525390626 0.6529251098632812 0.07377716064453126 0.0313720703125
5 0.15539947509765625 0.6154682922363282 0.0737774658203125 0.0313720703125
5 0.15008941650390625 0.6351290893554687 0.07377716064453126 0.0313720703125
5 0.1598486328125 0.6008294677734375 0.07377716064453126 0.0313720703125
5 0.164154052734375 0.5836079406738282 0.0737774658203125 0.03137176513671875
5 0.1719036865234375 0.5665303039550781 0.0737774658203125 0.0313720703125
5 0.17663970947265625 0.5507437133789063 0.0737774658203125 0.0313720703125
5 0.18080154418945313 0.53065185546875 0.07377716064453126 0.0313720703125
5 0.18453292846679686 0.5118516540527344 0.0737774658203125 0.03137176513671875
5 0.18869461059570314 0.4976437377929688 0.07377716064453126 0.0313720703125
5 0.1984539794921875 0.48042190551757813 0.07377716064453126 0.0313720703125
5 0.21452728271484375 0.41096160888671873 0.07377716064453126 0.0313720703125
5 0.06300247192382813 0.443240966796875 0.03578155517578125 0.07964996337890624
5 0.03901046752929688 0.29385482788085937 0.07377716064453126 0.0313720703125
5 0.222994384765625 0.39316619873046876 0.0737774658203125 0.0313720703125
5 0.22457305908203126 0.3763749694824219 0.07377716064453126 0.0313720703125
5 0.2257212829589844 0.35886642456054685 0.0737774658203125 0.03137176513671875
5 0.24380355834960937 0.32600189208984376 0.07377716064453126 0.03137176513671875
5 0.24767837524414063 0.30720169067382813 0.07377716064453126 0.0313714599609375
5 0.23361465454101563 0.3433668518066406 0.0737774658203125 0.03137176513671875
5 0.25198394775390626 0.29241989135742186 0.07377716064453126 0.0313720703125
5 0.25528488159179685 0.2751983642578125 0.07377716064453126 0.0313720703125
5 0.25872909545898437 0.25639801025390624 0.0737774658203125 0.03137176513671875
5 0.2617430114746094 0.2383154296875 0.07377716064453126 0.0313720703125
5 0.2816911315917969 0.18894683837890625 0.0737774658203125 0.0313720703125
5 0.26719635009765624 0.22425125122070313 0.07377716064453126 0.0313720703125
5 0.2848484802246094 0.1720123291015625 0.07377716064453126 0.0313720703125
5 0.28685791015625 0.15392974853515626 0.0737774658203125 0.0313720703125
5 0.27379791259765623 0.2067425537109375 0.0737774658203125 0.0313720703125
5 0.0446075439453125 0.2779249572753906 0.07377716064453126 0.0313720703125
5 0.05522735595703125 0.2383154296875 0.07377716064453126 0.0313720703125
5 0.0674261474609375 0.20272430419921875 0.0737774658203125 0.0313720703125
5 0.08794830322265625 0.12795394897460938 0.0737774658203125 0.0313720703125
5 0.09311477661132812 0.08992279052734375 0.0737774658203125 0.0313720703125
5 0.10947555541992188 0.05476211547851562 0.0737774658203125 0.0313714599609375
5 0.29274169921875 0.1390043640136719 0.07377716064453126 0.03137176513671875
5 0.29833877563476563 0.121639404296875 0.0737774658203125 0.03137176513671875
5 0.30178329467773435 0.10556564331054688 0.07377716064453126 0.0313720703125
5 0.2991998291015625 0.08202972412109374 0.0737774658203125 0.0313720703125
5 0.30838470458984374 0.06882644653320312 0.0737774658203125 0.0313720703125
5 0.3111114501953125 0.04902130126953125 0.0737774658203125 0.0313720703125
5 0.3210137939453125 0.0351007080078125 0.07377716064453126 0.0313720703125
5 0.32445831298828126 0.015393409729003906 0.0737774658203125 0.030981903076171876
2 0.424501953125 0.2642796325683594 0.009788818359375 0.020286865234375
2 0.7555926513671875 0.006659927368164062 0.0232769775390625 0.01379180908203125
