2 0.19111175537109376 0.29412567138671875 0.0072235107421875 0.0095013427734375
2 0.171563720703125 0.29887603759765624 0.0113751220703125 0.00925048828125
2 0.1198126220703125 0.2793743896484375 0.0113751220703125 0.009249267578125
2 0.08418731689453125 0.2661248779296875 0.0113751220703125 0.0092498779296875
2 0.08204071044921875 0.36071014404296875 0.0075811767578125 0.010169677734375
2 0.04164886474609375 0.3987008666992187 0.0107977294921875 0.0088482666015625
2 0.0576788330078125 0.38411285400390627 0.0073931884765625 0.01052490234375
2 0.06437530517578124 0.3988125610351563 0.00757568359375 0.0103753662109375
2 0.05659423828125 0.41867279052734374 0.0075616455078125 0.009654541015625
2 0.263729248046875 0.336650390625 0.0117913818359375 0.008448486328125
2 0.21550048828125 0.4123751831054687 0.0075 0.0106768798828125
2 0.24473968505859375 0.4097869873046875 0.01127197265625 0.0080731201171875
2 0.20286102294921876 0.4412030029296875 0.006278076171875 0.009344482421875
2 0.0323095703125 0.49003692626953127 0.008369140625 0.0113232421875
2 0.15225067138671874 0.5815625 0.0064996337890625 0.00894287109375
5 0.7489999389648437 0.9255001831054688 0.0097454833984375 0.013499755859375
5 0.7435000610351562 0.9226254272460938 0.0097454833984375 0.013499755859375
5 0.7362509155273438 0.9205001831054688 0.0097454833984375 0.013499755859375
5 0.7292498779296875 0.916624755859375 0.009744873046875 0.0135003662109375
5 0.603875732421875 0.9401248168945312 0.007249755859375 0.0117498779296875
5 0.5585028076171875 0.89749267578125 0.0080450439453125 0.0110150146484375
5 0.412294921875 0.8668051147460938 0.0091595458984375 0.0126104736328125
5 0.4430908203125 0.8555316162109375 0.007431640625 0.0115631103515625
5 0.3902496337890625 0.8327496337890625 0.0097369384765625 0.015
2 0.5725228881835938 0.597760009765625 0.011295166015625 0.0087298583984375
2 0.5473565673828125 0.588795166015625 0.0112872314453125 0.0086602783203125
2 0.5299380493164062 0.6045632934570313 0.0075518798828125 0.010875244140625
2 0.5251873779296875 0.6026876831054687 0.007552490234375 0.010875244140625
2 0.5150628662109376 0.541812744140625 0.007552490234375 0.010875244140625
2 0.9974942016601562 0.9429495239257812 0.008238525390625 0.010399169921875
2 0.9716256713867187 0.049687957763671874 0.0064996337890625 0.01137359619140625
2 0.9762509155273438 0.04981307983398438 0.006500244140625 0.01137359619140625
