2 0.03412567138671875 0.8546879577636719 0.0064996337890625 0.01137359619140625
2 0.03875091552734375 0.8548130798339844 0.006500244140625 0.01137359619140625
5 0.006710281372070312 0.088465576171875 0.01485809326171875 0.0140679931640625
5 0.007445831298828125 0.08115875244140625 0.0163763427734375 0.01606689453125
5 0.01506195068359375 0.07162506103515626 0.025374755859375 0.01808258056640625
5 0.01968719482421875 0.06487472534179688 0.025374755859375 0.01808258056640625
5 0.02943756103515625 0.0516253662109375 0.025374755859375 0.01808258056640625
5 0.04706298828125 0.021499786376953125 0.0253753662109375 0.01808258056640625
5 0.0564373779296875 0.007323074340820313 0.025374755859375 0.0157916259765625
5 0.20387451171875 0.035374908447265624 0.021763916015625 0.027750244140625
5 0.247999267578125 0.07193740844726562 0.01125 0.0129632568359375
5 0.329188232421875 0.08156265258789062 0.022220458984375 0.015625
5 0.42425048828125 0.08293731689453125 0.024404296875 0.0226251220703125
5 0.4174371337890625 0.09012542724609375 0.02362548828125 0.02314208984375
2 0.3883770751953125 0.09846023559570312 0.010614013671875 0.012420654296875
2 0.5068609619140625 0.33960693359375 0.01102783203125 0.00878570556640625
2 0.873648681640625 0.3466276550292969 0.0105908203125 0.015872802734375
