2 0.11641754150390625 0.7829704284667969 0.0105877685546875 0.01424896240234375
2 0.5926373291015625 0.7048835754394531 0.011524658203125 0.01026702880859375
2 0.599329833984375 0.2545154571533203 0.011671142578125 0.0155596923828125
2 0.7065679931640625 0.004763946533203125 0.01011474609375 0.010500335693359375
5 0.9434915161132813 0.900965576171875 0.017733154296875 0.0140679931640625
5 0.9432666015625 0.8936587524414062 0.021219482421875 0.01606689453125
5 0.9525619506835937 0.8841250610351562 0.025374755859375 0.01808258056640625
5 0.9571871948242188 0.8773747253417968 0.025374755859375 0.01808258056640625
5 0.9669375610351563 0.8641253662109375 0.025374755859375 0.01808258056640625
5 0.98456298828125 0.8339997863769532 0.0253753662109375 0.01808258056640625
5 0.9939373779296875 0.8192503356933594 0.025374755859375 0.01808258056640625
5 0.7944381713867188 0.8221875 0.0196405029296875 0.015625
5 0.7983221435546874 0.818673095703125 0.01889404296875 0.0150958251953125
5 0.8004476928710937 0.8137979125976562 0.01889404296875 0.0150958251953125
2 0.893232421875 0.6761959838867188 0.0127130126953125 0.01189178466796875
2 0.8335610961914063 0.6119552612304687 0.0093701171875 0.01091033935546875
5 0.91731201171875 0.48650039672851564 0.019375 0.015301513671875
5 0.8963751220703124 0.5126875305175781 0.0142498779296875 0.018973388671875
