2 0.20963470458984376 0.01215423583984375 0.0248236083984375 0.01249755859375
2 0.21006988525390624 0.3697918701171875 0.0263299560546875 0.01388885498046875
2 0.16736114501953125 0.42534713745117186 0.0090277099609375 0.024305419921875
7 0.37263671875 0.9806216430664062 0.037020263671875 0.071671142578125
7 0.4353643798828125 0.9376193237304687 0.034971923828125 0.0561614990234375
2 0.554798583984375 0.984185791015625 0.02700439453125 0.014637451171875
2 0.5787042236328125 0.93614990234375 0.013902587890625 0.0258489990234375
2 0.5779324340820312 0.8709490966796875 0.0100311279296875 0.02537384033203125
2 0.5492767333984375 0.8134605407714843 0.026021728515625 0.01195159912109375
7 0.3272311401367187 0.7944865417480469 0.062271728515625 0.04060150146484375
2 0.6168978881835937 0.6813270568847656 0.0123455810546875 0.03193145751953125
7 0.363885498046875 0.6311222839355469 0.07540771484375 0.083936767578125
7 0.4246807861328125 0.6451649475097656 0.0252874755859375 0.04994873046875
2 0.55094970703125 0.6312037658691406 0.023101806640625 0.013055419921875
2 0.55192138671875 0.6101853942871094 0.023101806640625 0.013055419921875
2 0.6191168212890625 0.5150425720214844 0.010994873046875 0.02547027587890625
7 0.3648590087890625 0.4624932861328125 0.0426593017578125 0.056409912109375
2 0.5511184692382812 0.43364166259765624 0.025848388671875 0.0131414794921875
2 0.5511187744140625 0.4189814758300781 0.0281634521484375 0.0115740966796875
2 0.6512423706054687 0.3752006530761719 0.0281634521484375 0.0115740966796875
2 0.65144287109375 0.35108795166015627 0.0281634521484375 0.01236114501953125
7 0.42100006103515625 0.3452372741699219 0.0402362060546875 0.0682757568359375
2 0.556922607421875 0.19731765747070312 0.030445556640625 0.01508697509765625
7 0.3424951171875 0.18849563598632812 0.0545513916015625 0.06743896484375
7 0.36628143310546873 0.055125274658203126 0.0382232666015625 0.05873138427734375
2 0.6249862670898437 0.09164260864257813 0.012373046875 0.02358551025390625
2 0.5596792602539062 0.02455230712890625 0.027537841796875 0.01416656494140625
7 0.8434494018554688 0.9675830078125 0.0430718994140625 0.0533880615234375
7 0.7730712890625 0.8687681579589843 0.0331927490234375 0.05267608642578125
2 0.801204833984375 0.8247367858886718 0.0098089599609375 0.02447296142578125
2 0.8189569091796876 0.8173649597167969 0.0126885986328125 0.02641571044921875
2 0.8684115600585938 0.6882534790039062 0.0185760498046875 0.0256024169921875
2 0.9443362426757812 0.3827619934082031 0.0257208251953125 0.0251385498046875
7 0.7797100830078125 0.33448440551757813 0.0431494140625 0.0622186279296875
7 0.8467803955078125 0.2711407470703125 0.0543121337890625 0.0758831787109375
7 0.8865325927734375 0.22203582763671875 0.0666925048828125 0.06586669921875
7 0.8306820678710938 0.15669464111328124 0.0535186767578125 0.0262933349609375
6 0.8309487915039062 0.13591873168945312 0.0143072509765625 0.01280120849609375
6 0.8480270385742188 0.13718368530273437 0.0143072509765625 0.01280120849609375
2 0.9277639770507813 0.027242584228515623 0.0092010498046875 0.0198529052734375
7 0.8998056030273438 0.5440176391601562 0.033560791015625 0.035447998046875
