5 0.03387481689453125 0.7943124389648437 0.02272125244140625 0.006875
2 0.030871124267578126 0.767041015625 0.00601287841796875 0.01091796875
2 0.025621185302734373 0.767415771484375 0.00601287841796875 0.01091796875
2 0.019996337890625 0.7682907104492187 0.00601287841796875 0.01091796875
2 0.00474639892578125 0.7705410766601563 0.0060125732421875 0.0109185791015625
2 0.045496368408203126 0.7654156494140625 0.0060125732421875 0.01091796875
2 0.23125 0.7731689453125 0.00721832275390625 0.01218505859375
2 0.083719482421875 0.7059954833984375 0.0091900634765625 0.005440673828125
2 0.161441650390625 0.6952688598632812 0.01567138671875 0.0058551025390625
2 0.24419464111328126 0.6796038818359375 0.01338134765625 0.0059716796875
2 0.26485595703125 0.6849081420898437 0.01299774169921875 0.0060675048828125
2 0.340245361328125 0.6771527099609375 0.0095098876953125 0.0053045654296875
5 0.3020635986328125 0.5322402954101563 0.00637298583984375 0.0214801025390625
2 0.13120071411132814 0.5413153076171875 0.0131512451171875 0.0056207275390625
2 0.13295074462890624 0.534564208984375 0.01315155029296875 0.0056201171875
2 0.6447618103027344 0.1427557373046875 0.00847564697265625 0.013011474609375
2 0.656011962890625 0.14063018798828125 0.00847564697265625 0.013011474609375
3 0.9536236572265625 0.397698974609375 0.0060028076171875 0.020435791015625
2 0.5005416870117188 0.6752084350585937 0.01275665283203125 0.0075555419921875
2 0.6469380187988282 0.6668789672851563 0.0164898681640625 0.0070709228515625
2 0.6937126159667969 0.6695977783203125 0.018935546875 0.0060467529296875
2 0.7912251281738282 0.6638607788085937 0.01367584228515625 0.006036376953125
