7 0.022049713134765624 0.9691946411132812 0.04494140625 0.0262933349609375
7 0.2305230712890625 0.9620069885253906 0.048875732421875 0.03908935546875
6 0.01844879150390625 0.9484187316894531 0.0143072509765625 0.01280120849609375
6 0.03552703857421875 0.9496836853027344 0.0143072509765625 0.01280120849609375
2 0.388192138671875 0.8464834594726562 0.012772216796875 0.02353912353515625
2 0.19302490234375 0.842266845703125 0.0092724609375 0.02236480712890625
2 0.11526397705078124 0.8397425842285157 0.0092010498046875 0.0198529052734375
2 0.0814080810546875 0.7774833679199219 0.0250146484375 0.0112982177734375
2 0.2378314208984375 0.8166415405273437 0.030361328125 0.011295166015625
2 0.3102398681640625 0.7537646484375 0.012801513671875 0.0314801025390625
2 0.18900604248046876 0.7532003784179687 0.0105419921875 0.026732177734375
2 0.17219879150390624 0.7473117065429687 0.0105419921875 0.02673187255859375
2 0.1343072509765625 0.7515888977050781 0.0105419921875 0.02673187255859375
7 0.21698089599609374 0.6259364318847657 0.0550152587890625 0.03677276611328125
6 0.3910009765625 0.6329066467285156 0.01167236328125 0.01280120849609375
6 0.40356201171875 0.6341717529296875 0.01167236328125 0.01280120849609375
2 0.14741729736328124 0.4036297607421875 0.0104071044921875 0.025838165283203124
2 0.3123260498046875 0.40569252014160156 0.010194091796875 0.01924774169921875
2 0.424510498046875 0.37311744689941406 0.02296630859375 0.012048187255859375
2 0.39640869140625 0.37174697875976564 0.02296630859375 0.012048187255859375
2 0.2813330078125 0.37451805114746095 0.02296630859375 0.012048187255859375
2 0.246829833984375 0.37427711486816406 0.02296630859375 0.012048187255859375
2 0.20592620849609375 0.33826805114746095 0.0229669189453125 0.012048187255859375
2 0.06458831787109375 0.3405094909667969 0.02820556640625 0.013860931396484375
2 0.099224853515625 0.31590377807617187 0.0104071044921875 0.025838165283203124
2 0.088065185546875 0.29759063720703127 0.0104071044921875 0.0258380126953125
2 0.083682861328125 0.2672292327880859 0.010406494140625 0.025837860107421874
2 0.2442095947265625 0.2620936584472656 0.01040771484375 0.025837860107421874
2 0.28350341796875 0.2803012847900391 0.010406494140625 0.025837554931640624
2 0.314886474609375 0.2819428253173828 0.010406494140625 0.025837554931640624
2 0.4027490234375 0.3031627655029297 0.010406494140625 0.025838165283203124
3 0.020709228515625 0.2774850463867187 0.0143450927734375 0.03313262939453125
3 0.10240203857421876 0.28583335876464844 0.0113116455078125 0.031756591796875
3 0.13272125244140626 0.3141356658935547 0.01241943359375 0.034144744873046876
2 0.2477593994140625 0.1300951385498047 0.01201416015625 0.024448394775390625
2 0.2508209228515625 0.031317825317382815 0.011165771484375 0.02724456787109375
2 0.314947509765625 0.061746978759765626 0.030784912109375 0.012048187255859375
7 0.4448248291015625 0.022410011291503905 0.025823974609375 0.04511726379394531
7 0.506959228515625 0.024625396728515624 0.064178466796875 0.04357879638671875
7 0.8450164794921875 0.06657249450683594 0.05815673828125 0.08151214599609374
2 0.969755859375 0.1665740966796875 0.024046630859375 0.0242498779296875
7 0.7567987060546875 0.13073028564453126 0.046492919921875 0.06440338134765625
7 0.5550848388671875 0.10677947998046874 0.064737548828125 0.058978271484375
2 0.7307208251953125 0.3294495391845703 0.02584716796875 0.014427490234375
2 0.5388153076171875 0.3333051300048828 0.02584716796875 0.014427490234375
2 0.5788134765625 0.3016949462890625 0.011864013671875 0.032627105712890625
2 0.5927972412109375 0.2983336639404297 0.00932373046875 0.027514495849609376
2 0.6024884033203125 0.3030225372314453 0.00942626953125 0.027019500732421875
2 0.5036468505859375 0.4006800079345703 0.010196533203125 0.022557830810546874
2 0.5161248779296875 0.4013481140136719 0.010196533203125 0.022557525634765624
2 0.5658050537109375 0.4005513000488281 0.010462646484375 0.022553253173828124
2 0.950225830078125 0.39378028869628906 0.01209228515625 0.0222198486328125
2 0.96466552734375 0.3911219787597656 0.011484375 0.0242681884765625
7 0.99222900390625 0.5448487854003906 0.049427490234375 0.06182281494140625
7 0.7666436767578125 0.5466200256347656 0.05770263671875 0.056702880859375
7 0.5903753662109374 0.5632928466796875 0.058377685546875 0.0529962158203125
7 0.4917181396484375 0.5354495239257813 0.06469970703125 0.03900177001953125
7 0.814974365234375 0.6220564270019531 0.060074462890625 0.02378082275390625
2 0.8708050537109375 0.7599383544921875 0.013768310546875 0.02561859130859375
2 0.8417706298828125 0.76152587890625 0.010703125 0.02275146484375
2 0.8287786865234374 0.7620233154296875 0.010704345703125 0.02275177001953125
2 0.7109930419921875 0.7605970764160156 0.01046142578125 0.031087646484375
2 0.639228515625 0.7565254211425781 0.010703125 0.02275146484375
2 0.619642333984375 0.755224609375 0.010703125 0.02275146484375
2 0.55379638671875 0.8478755187988282 0.01030029296875 0.022789306640625
2 0.5920635986328125 0.8501718139648438 0.010301513671875 0.022789306640625
2 0.6078485107421875 0.8497700500488281 0.01030029296875 0.022789306640625
2 0.7333453369140625 0.8508670043945312 0.010301513671875 0.02278961181640625
2 0.745438232421875 0.8532173156738281 0.00972412109375 0.01878875732421875
2 0.993516845703125 0.8569682312011718 0.010364990234375 0.022601318359375
2 0.952677001953125 0.8607402038574219 0.010703125 0.02275146484375
2 0.7919677734375 0.790120849609375 0.0287744140625 0.012984619140625
2 0.52011962890625 0.8477738952636719 0.01030029296875 0.022789306640625
2 0.4958770751953125 0.8190922546386719 0.024432373046875 0.01259552001953125
2 0.513189697265625 0.7925660705566406 0.026978759765625 0.01693206787109375
2 0.572679443359375 0.7850645446777343 0.02310546875 0.012275390625
2 0.60441650390625 0.7868194580078125 0.030084228515625 0.01119293212890625
7 0.9186968994140625 0.9744235229492187 0.057935791015625 0.03629913330078125
