7 0.3156573486328125 0.6771636962890625 0.038780517578125 0.060826416015625
7 0.297059326171875 0.949117431640625 0.064267578125 0.066751708984375
7 0.281015625 0.5967132568359375 0.053968505859375 0.057926025390625
7 0.13778289794921875 0.019188575744628907 0.0511712646484375 0.04180343627929688
7 0.7098138427734375 0.45516693115234375 0.01777587890625 0.0279150390625
7 0.8781939697265625 0.4108847045898438 0.06827880859375 0.047191162109375
7 0.9439508056640625 0.44032440185546873 0.0581103515625 0.0346575927734375
2 0.97642822265625 0.5896771240234375 0.02855712890625 0.012640380859375
2 0.97845458984375 0.6257257080078125 0.025439453125 0.01357666015625
2 0.930609130859375 0.6264224243164063 0.025941162109375 0.0124835205078125
2 0.7154736328125 0.6268478393554687 0.025941162109375 0.0124835205078125
2 0.6704058837890625 0.6272726440429688 0.025941162109375 0.0124835205078125
2 0.4345538330078125 0.6331533813476562 0.028258056640625 0.02076904296875
2 0.468267822265625 0.516072998046875 0.023753662109375 0.0252581787109375
2 0.75030029296875 0.5597607421875 0.01480224609375 0.025899658203125
2 0.8010693359375 0.659285888671875 0.01376220703125 0.02600341796875
2 0.432100830078125 0.7149661254882812 0.0331640625 0.0356036376953125
7 0.46547607421875 0.7978741455078125 0.05314697265625 0.028486328125
7 0.807698974609375 0.7877182006835938 0.05391845703125 0.0401092529296875
7 0.8999090576171875 0.7761123657226563 0.056842041015625 0.0269647216796875
7 0.9484429931640626 0.8477496337890625 0.072451171875 0.0677471923828125
2 0.6140875244140624 0.984576416015625 0.011878662109375 0.0260406494140625
2 0.6283489990234375 0.98134521484375 0.01151611328125 0.0246795654296875
2 0.6479583740234375 0.9852227783203125 0.01151611328125 0.0246795654296875
2 0.6696923828125 0.97634521484375 0.01151611328125 0.0246795654296875
2 0.8682989501953124 0.984049072265625 0.01151611328125 0.02468017578125
2 0.7089105224609376 0.978572998046875 0.011517333984375 0.02468017578125
2 0.6962066650390625 0.9769235229492188 0.01151611328125 0.0246795654296875
