2 0.01318553924560547 0.7816733551025391 0.026996917724609375 0.026761474609375
5 0.10416915893554687 0.9779469299316407 0.021379547119140627 0.025139617919921874
2 0.39717185974121094 0.9296438598632812 0.018139801025390624 0.027583770751953125
7 0.3870246124267578 0.72212646484375 0.03938018798828125 0.0600030517578125
2 0.2877094268798828 0.5583099365234375 0.026420745849609375 0.02304473876953125
2 0.7558045959472657 0.0414909553527832 0.025401611328125 0.020625343322753908
2 0.6527572631835937 0.0889427649974823 0.02745452880859375 0.025326752662658693
2 0.4161145782470703 0.20230926513671876 0.023916015625 0.02752368927001953
2 0.39458885192871096 0.22011201858520507 0.023559722900390625 0.027541160583496094
2 0.6574720764160156 0.35771656036376953 0.0258380126953125 0.024092178344726562
2 0.5917738342285156 0.44809368133544925 0.0258380126953125 0.024092178344726562
2 0.4807963562011719 0.5235685729980468 0.02863128662109375 0.022695465087890623
2 0.4162458038330078 0.46894447326660155 0.02556427001953125 0.02378265380859375
7 0.7746713256835938 0.49376697540283204 0.07402984619140625 0.07623924255371094
7 0.7263832092285156 0.5575638961791992 0.05212127685546875 0.061754074096679684
2 0.46134544372558595 0.6213323593139648 0.024965057373046873 0.0115252685546875
2 0.5019900512695312 0.6654090881347656 0.02255615234375 0.020438690185546875
2 0.5092666625976563 0.6789705657958984 0.02255615234375 0.02043853759765625
2 0.5175904846191406 0.6949760437011718 0.02255615234375 0.020438690185546875
2 0.6626870727539063 0.738458251953125 0.02518524169921875 0.01889404296875
7 0.8260536193847656 0.8454540252685547 0.033837890625 0.06125808715820313
7 0.9451158142089844 0.8459961700439453 0.06154541015625 0.03272857666015625
7 0.8565792846679687 0.710323715209961 0.02633544921875 0.05129989624023437
2 0.9313899230957031 0.5246378326416016 0.0245819091796875 0.021356735229492187
7 0.9778108215332031 0.2949282836914062 0.075494384765625 0.06657218933105469
