7 0.8346051025390625 0.46543701171875 0.032996826171875 0.047362060546875
2 0.9403173828125 0.9387991333007812 0.01298828125 0.0069000244140625
2 0.96105224609375 0.862279052734375 0.013936767578125 0.00965087890625
2 0.901884765625 0.7432534790039063 0.016083984375 0.010736083984375
2 0.725477294921875 0.7857388305664063 0.008546142578125 0.0134771728515625
2 0.7317266845703125 0.7847384643554688 0.008546142578125 0.0134771728515625
2 0.7371014404296875 0.782489013671875 0.00854736328125 0.013477783203125
2 0.7064764404296875 0.7902389526367187 0.00854736328125 0.013477783203125
2 0.7192266845703125 0.7873635864257813 0.008546142578125 0.0134771728515625
2 0.627437744140625 0.619437255859375 0.0124853515625 0.0078753662109375
2 0.43913330078125 0.8783480834960937 0.011983642578125 0.0118035888671875
3 0.2790283203125 0.902052001953125 0.031192626953125 0.0171453857421875
5 0.2751397705078125 0.6782839965820312 0.03096923828125 0.017431640625
5 0.289266357421875 0.653409423828125 0.030968017578125 0.017431640625
5 0.306390380859375 0.6189093017578124 0.03096923828125 0.017431640625
5 0.343765869140625 0.5974093627929687 0.030968017578125 0.017431640625
5 0.268515625 0.7000344848632812 0.03096923828125 0.0174310302734375
3 0.24390350341796874 0.9143023681640625 0.0311932373046875 0.0171453857421875
3 0.2532788848876953 0.9015524291992187 0.03119354248046875 0.0171453857421875
3 0.286153564453125 0.8896774291992188 0.03119384765625 0.0171453857421875
3 0.2959033203125 0.868302001953125 0.031192626953125 0.0171453857421875
3 0.2606695556640625 0.8814321899414063 0.031160888671875 0.0173651123046875
3 0.268153076171875 0.86855224609375 0.031192626953125 0.0171453857421875
3 0.2742779541015625 0.85792724609375 0.031192626953125 0.0171453857421875
3 0.3026531982421875 0.8566769409179688 0.031192626953125 0.0171453857421875
3 0.3072943115234375 0.8458078002929688 0.031160888671875 0.0173651123046875
3 0.3136529541015625 0.8351773071289063 0.031192626953125 0.0171453857421875
3 0.2752789306640625 0.8480523681640625 0.031192626953125 0.0171453857421875
3 0.21390350341796874 0.86980224609375 0.0311932373046875 0.0171453857421875
3 0.19215301513671876 0.8596774291992187 0.0311932373046875 0.0171453857421875
3 0.21940399169921876 0.85855224609375 0.0311932373046875 0.0171453857421875
3 0.22402862548828126 0.8478024291992188 0.0311932373046875 0.0171453857421875
3 0.226778564453125 0.8384274291992188 0.0311932373046875 0.0171453857421875
3 0.23654449462890625 0.8251828002929688 0.0311614990234375 0.0173651123046875
3 0.202044677734375 0.8370574951171875 0.031160888671875 0.017364501953125
3 0.20740325927734374 0.8261773681640625 0.0311932373046875 0.0171453857421875
3 0.21265350341796874 0.8153024291992188 0.0311932373046875 0.0171453857421875
3 0.23865325927734374 0.8148028564453125 0.0311932373046875 0.0171453857421875
3 0.21740325927734375 0.8018023681640625 0.0311932373046875 0.0171453857421875
3 0.2526531219482422 0.7886770629882812 0.03119293212890625 0.0171453857421875
3 0.2566533660888672 0.7783026123046874 0.03119293212890625 0.01714599609375
3 0.22927825927734374 0.7798019409179687 0.0311932373046875 0.0171453857421875
3 0.23427886962890626 0.76855224609375 0.0311932373046875 0.0171453857421875
3 0.2391533660888672 0.7573019409179688 0.03119293212890625 0.01714599609375
3 0.2461528778076172 0.7460519409179688 0.03119293212890625 0.0171453857421875
3 0.2532793426513672 0.7321774291992188 0.03119293212890625 0.0171453857421875
3 0.2617779541015625 0.71105224609375 0.031192626953125 0.0171453857421875
3 0.25679443359375 0.7214324951171875 0.031160888671875 0.017364501953125
3 0.319903564453125 0.650802001953125 0.031192626953125 0.0171453857421875
3 0.31290283203125 0.6649273681640625 0.031192626953125 0.0171453857421875
3 0.305794677734375 0.6764324951171875 0.031160888671875 0.017364501953125
3 0.302403564453125 0.6865524291992188 0.03119384765625 0.0171453857421875
3 0.2970281982421875 0.69855224609375 0.031192626953125 0.0171453857421875
3 0.2920281982421875 0.7089276123046875 0.031192626953125 0.0171453857421875
3 0.2865283203125 0.7201776123046875 0.031192626953125 0.0171453857421875
3 0.2800286865234375 0.733302001953125 0.031192626953125 0.0171453857421875
3 0.2744195556640625 0.7451824951171875 0.031160888671875 0.017364501953125
3 0.2689031982421875 0.7558026123046875 0.031192626953125 0.0171453857421875
3 0.26304443359375 0.7676828002929688 0.031160888671875 0.0173651123046875
3 0.2879193115234375 0.8245574951171875 0.031160888671875 0.017364501953125
3 0.29477783203125 0.8118023681640625 0.031192626953125 0.0171453857421875
3 0.30140380859375 0.8003024291992188 0.03119384765625 0.0171453857421875
3 0.306043701171875 0.7895578002929687 0.031160888671875 0.0173651123046875
3 0.3227783203125 0.752052001953125 0.031192626953125 0.0171453857421875
3 0.318153076171875 0.82355224609375 0.031192626953125 0.0171453857421875
3 0.3246539306640625 0.8109274291992188 0.03119384765625 0.0171453857421875
3 0.3296533203125 0.7993023681640625 0.031192626953125 0.0171453857421875
3 0.333778076171875 0.7883023071289063 0.031192626953125 0.0171453857421875
3 0.3405291748046875 0.7765524291992187 0.03119384765625 0.0171453857421875
3 0.34327880859375 0.76605224609375 0.031192626953125 0.0171453857421875
3 0.34991943359375 0.7533071899414062 0.031160888671875 0.0173651123046875
3 0.3562786865234375 0.74042724609375 0.031192626953125 0.0171453857421875
3 0.3622943115234375 0.7301821899414063 0.031160888671875 0.0173651123046875
3 0.367403564453125 0.71917724609375 0.031192626953125 0.0171453857421875
3 0.3742779541015625 0.7074270629882813 0.031192626953125 0.0171453857421875
3 0.37727783203125 0.6966775512695312 0.031192626953125 0.0171453857421875
3 0.386153564453125 0.6828024291992187 0.03119384765625 0.0171453857421875
3 0.388028564453125 0.6721774291992187 0.03119384765625 0.0171453857421875
3 0.3931695556640625 0.6614328002929688 0.031160888671875 0.0173651123046875
3 0.3611529541015625 0.6736773681640625 0.031192626953125 0.0171453857421875
3 0.3516534423828125 0.6959274291992188 0.03119384765625 0.0171453857421875
3 0.34352783203125 0.7086773681640625 0.031192626953125 0.0171453857421875
3 0.3396533203125 0.72042724609375 0.031192626953125 0.0171453857421875
2 0.358714599609375 0.3136328125 0.01357177734375 0.0192352294921875
