5 0.9589807891845703 0.7622572326660156 0.06898117065429688 0.04830108642578125
5 0.9546115875244141 0.7845872497558594 0.06898101806640625 0.04830108642578125
5 0.954369125366211 0.8047330474853516 0.06898117065429688 0.04830108642578125
5 0.9368932342529297 0.8353156280517579 0.06898117065429688 0.04830093383789062
5 0.9361652374267578 0.8525485992431641 0.06898117065429688 0.04830108642578125
5 0.9262135314941407 0.8751212310791016 0.06898101806640625 0.04830108642578125
5 0.9157768249511719 0.9212379455566406 0.06898117065429688 0.04830093383789062
5 0.9155339050292969 0.9406550598144531 0.06898101806640625 0.04830108642578125
5 0.907281494140625 0.9629853057861328 0.06898101806640625 0.04830108642578125
5 0.8978155517578125 0.9836163330078125 0.06898101806640625 0.04830093383789062
3 0.7493430328369141 0.07346574187278748 0.04167236328125 0.11921651363372802
3 0.6512361145019532 0.42968757629394533 0.03708023071289063 0.10792488098144531
3 0.46277896881103514 0.49495826721191405 0.0408599853515625 0.10849777221679688
2 0.5767184829711914 0.7758013916015625 0.02144073486328125 0.04180816650390625
2 0.5165640258789063 0.86561767578125 0.01504241943359375 0.0229937744140625
2 0.5529661178588867 0.8005175018310546 0.01504241943359375 0.0229937744140625
2 0.4722651290893555 0.6142693710327148 0.015042343139648438 0.022993698120117187
2 0.5269647216796876 0.3217039108276367 0.01504241943359375 0.0229937744140625
2 0.6431049346923828 0.31727411270141603 0.01504241943359375 0.022993736267089844
2 0.7008861541748047 0.3188148880004883 0.01504241943359375 0.0229937744140625
