2 0.0101458740234375 0.7729949951171875 0.009200439453125 0.0209393310546875
2 0.009549560546875 0.8837564086914063 0.009200439453125 0.0209393310546875
2 0.1094732666015625 0.34335693359375 0.027122802734375 0.0129718017578125
2 0.4782720947265625 0.33660385131835935 0.02601806640625 0.01311370849609375
2 0.5728640747070313 0.37105377197265627 0.0260186767578125 0.0131134033203125
2 0.5377359008789062 0.28694976806640626 0.0133746337890625 0.021226806640625
7 0.4222137451171875 0.14835556030273436 0.03240234375 0.06191162109375
7 0.5126943969726563 0.14936737060546876 0.0643524169921875 0.0627655029296875
7 0.07128311157226562 0.1549967956542969 0.0568658447265625 0.05763885498046875
7 0.4795245361328125 0.06002899169921875 0.0590655517578125 0.03932586669921875
2 0.2479864501953125 0.04895050048828125 0.01248291015625 0.0318157958984375
2 0.7978598022460938 0.02177978515625 0.0221368408203125 0.01144012451171875
7 0.6179241943359375 0.02752124786376953 0.060421142578125 0.05718154907226562
7 0.642340087890625 0.13628311157226564 0.0592340087890625 0.03512542724609375
7 0.71365478515625 0.21514144897460938 0.0294525146484375 0.05313720703125
7 0.9201785278320312 0.694285888671875 0.0297247314453125 0.0678570556640625
6 0.906785888671875 0.5851785278320313 0.01642822265625 0.0175
6 0.920535888671875 0.5946429443359375 0.01607177734375 0.0178570556640625
6 0.905535888671875 0.6039285278320312 0.01607177734375 0.0178570556640625
6 0.910892333984375 0.6191070556640625 0.01392822265625 0.0153570556640625
7 0.9034893798828125 0.814906005859375 0.050672607421875 0.0629376220703125
4 0.29301788330078127 0.18020797729492188 0.015611572265625 0.035272216796875
2 0.29630126953125 0.027967987060546876 0.0108526611328125 0.02417724609375
