7 0.287061767578125 0.9265994262695313 0.0537335205078125 0.0246588134765625
2 0.245 0.051250152587890625 0.0284979248046875 0.01321441650390625
2 0.34428558349609373 0.013750152587890625 0.0284979248046875 0.01321441650390625
7 0.5164999389648437 0.03287750244140625 0.05541748046875 0.0625067138671875
6 0.62013916015625 0.01302093505859375 0.01736083984375 0.016319580078125
2 0.7656405639648437 0.10136077880859375 0.0103875732421875 0.023553466796875
2 0.7836862182617188 0.10422775268554688 0.0111016845703125 0.03067779541015625
2 0.9873193359375 0.24335235595703125 0.014986572265625 0.029962158203125
2 0.9916665649414063 0.27465240478515623 0.0104766845703125 0.025694580078125
7 0.6821636962890625 0.373751220703125 0.056612548828125 0.06967529296875
7 0.6529437255859375 0.6368399047851563 0.0550396728515625 0.0520306396484375
2 0.7757403564453125 0.5906427001953125 0.0264801025390625 0.01177001953125
2 0.7638653564453125 0.6398788452148437 0.0264801025390625 0.01177001953125
2 0.978646240234375 0.5838543701171875 0.025142822265625 0.0163189697265625
2 0.8970486450195313 0.8980899047851563 0.0329864501953125 0.0157672119140625
2 0.6630859375 0.9111297607421875 0.066724853515625 0.04764404296875
