2 0.41370574951171873 0.9773159790039062 0.03287078857421875 0.0136419677734375
7 0.03943649291992188 0.9150627136230469 0.05842010498046875 0.07055801391601563
7 0.09555374145507813 0.9187074279785157 0.0307452392578125 0.05131668090820313
2 0.36089080810546875 0.7630500793457031 0.01045257568359375 0.02292694091796875
7 0.08288406372070313 0.643509521484375 0.058358154296875 0.0472137451171875
2 0.3653236389160156 0.4202095031738281 0.0111248779296875 0.02569793701171875
6 0.0578997802734375 0.27902923583984374 0.01173858642578125 0.012373046875
6 0.05952407836914062 0.26542510986328127 0.01173858642578125 0.012373046875
6 0.07225250244140625 0.2680012512207031 0.01173858642578125 0.012373046875
6 0.06340728759765625 0.24932098388671875 0.01173828125 0.012373046875
6 0.06788711547851563 0.23095809936523437 0.01173858642578125 0.012373046875
6 0.062214508056640624 0.22147842407226562 0.01173858642578125 0.012373046875
6 0.06891494750976562 0.20882614135742186 0.01173858642578125 0.012373046875
6 0.061656036376953126 0.19839462280273437 0.01173858642578125 0.012373046875
6 0.07089462280273437 0.186376953125 0.01173858642578125 0.012373046875
7 0.05805831909179687 0.052982177734375 0.0266497802734375 0.059644775390625
7 0.46876419067382813 0.1125921630859375 0.06008941650390625 0.03475677490234375
7 0.46157241821289063 0.1742268371582031 0.06185089111328125 0.040128173828125
7 0.7685856628417969 0.17384628295898438 0.0532958984375 0.04372039794921875
2 0.46192901611328124 0.31345199584960937 0.0107867431640625 0.02304962158203125
2 0.708934326171875 0.3115673828125 0.0104315185546875 0.029010009765625
2 0.736890869140625 0.31350906372070314 0.0104315185546875 0.029010009765625
2 0.5106282043457031 0.3389910888671875 0.02569793701171875 0.0104693603515625
2 0.5455647277832031 0.34029815673828123 0.02569793701171875 0.0104693603515625
2 0.4994032287597656 0.425164794921875 0.0107867431640625 0.02304962158203125
2 0.6137757873535157 0.4254826354980469 0.01039337158203125 0.030062255859375
7 0.6640737915039062 0.5594361877441406 0.06720123291015626 0.05207977294921875
7 0.5364474487304688 0.6230096435546875 0.05551544189453125 0.0290155029296875
7 0.6545021057128906 0.6362539672851563 0.052275390625 0.031600341796875
2 0.5521890258789063 0.7633248901367188 0.009200439453125 0.021573486328125
2 0.5809820556640625 0.7653924560546875 0.013162841796875 0.0269781494140625
2 0.6134580993652343 0.7608248901367187 0.009200439453125 0.021573486328125
2 0.6249176025390625 0.7653045654296875 0.009200439453125 0.021573486328125
2 0.6376458740234375 0.764390869140625 0.009200439453125 0.021573486328125
2 0.8226458740234375 0.7729949951171875 0.009200439453125 0.0209393310546875
2 0.822049560546875 0.8837564086914063 0.009200439453125 0.0209393310546875
7 0.5988356018066406 0.9283745574951172 0.03482666015625 0.05364151000976562
2 0.7473342895507813 0.95049072265625 0.0256353759765625 0.0108197021484375
2 0.9219732666015625 0.34335693359375 0.027122802734375 0.0129718017578125
7 0.8837831115722656 0.1549967956542969 0.0568658447265625 0.05763885498046875
