2 0.14106246948242188 0.25075008392333986 0.0136248779296875 0.012762298583984375
2 0.1456873321533203 0.24524995803833008 0.013625030517578124 0.012762336730957032
2 0.16506271362304686 0.21887506484985353 0.013625030517578124 0.012762374877929687
2 0.1786876678466797 0.1992500114440918 0.013625030517578124 0.012762374877929687
2 0.24718772888183593 0.12531262397766113 0.01587493896484375 0.013713474273681641
2 0.2610624694824219 0.10693750381469727 0.01587493896484375 0.013713493347167968
2 0.26581253051757814 0.09918749809265137 0.0148748779296875 0.012710857391357421
2 0.11200004577636719 0.18206253051757812 0.013814849853515625 0.014375
2 0.10737503051757813 0.1784375762939453 0.013814849853515625 0.014375
2 0.10124992370605469 0.1752499198913574 0.012503509521484374 0.01300006866455078
2 0.09237510681152344 0.16475004196166992 0.012503509521484374 0.01300006866455078
2 0.08137519836425781 0.15525001525878906 0.012503509521484374 0.01300006866455078
2 0.11713905334472656 0.14379939079284668 0.008972015380859375 0.012598724365234374
2 0.10063896179199219 0.12992433547973634 0.008972015380859375 0.012598724365234374
2 0.09035072326660157 0.11988676071166993 0.00945159912109375 0.013023567199707032
2 0.0846007537841797 0.11526175498962403 0.00945159912109375 0.013023605346679687
2 0.07810073852539062 0.11126174926757812 0.00945159912109375 0.013023567199707032
2 0.054381637573242186 0.08936110496520996 0.00773681640625 0.013277816772460937
2 0.049381561279296875 0.08573610424995422 0.00773681640625 0.013277850151062011
2 0.037881698608398434 0.07623609066009522 0.007736968994140625 0.013277864456176758
2 0.026557235717773436 0.06387513637542724 0.0108642578125 0.016750326156616212
2 0.20687515258789063 0.11568756103515625 0.0138800048828125 0.013125
2 0.21262496948242188 0.10999996185302735 0.01220458984375 0.011499996185302735
2 0.2119373321533203 0.08449998021125793 0.013625030517578124 0.009395499229431153
2 0.2013750457763672 0.07349998474121094 0.016994781494140625 0.01125
2 0.19162521362304688 0.06374992847442627 0.016994781494140625 0.01125
2 0.18537498474121095 0.058500027656555174 0.016994781494140625 0.01125
2 0.15437484741210938 0.034875032901763914 0.01699462890625 0.011250004768371583
