2 0.1748193359375 0.24335235595703125 0.014986572265625 0.029962158203125
2 0.17916656494140626 0.27465240478515623 0.0104766845703125 0.025694580078125
2 0.166146240234375 0.5838543701171875 0.025142822265625 0.0163189697265625
2 0.08454864501953124 0.8980899047851563 0.0329864501953125 0.0157672119140625
7 0.24232513427734376 0.9228201293945313 0.065184326171875 0.073841552734375
2 0.58493408203125 0.7210311889648438 0.0135479736328125 0.023216552734375
2 0.5635302734375 0.7123580932617187 0.013548583984375 0.023216552734375
2 0.5624993896484375 0.6678240966796875 0.023919677734375 0.02750732421875
2 0.5193124389648438 0.6255300903320312 0.0308172607421875 0.0143719482421875
7 0.4107553100585937 0.7276455688476563 0.0284222412109375 0.05423095703125
2 0.22355133056640625 0.6863726806640625 0.03043701171875 0.0262939453125
2 0.279326171875 0.669464111328125 0.0277679443359375 0.0167816162109375
7 0.36273681640625 0.60809326171875 0.0455419921875 0.055438232421875
7 0.24634796142578125 0.3707916259765625 0.0694659423828125 0.044453125
7 0.37263671875 0.16812164306640626 0.037020263671875 0.071671142578125
7 0.4353643798828125 0.12511932373046875 0.034971923828125 0.0561614990234375
2 0.710262451171875 0.32465301513671874 0.0254632568359375 0.0182427978515625
2 0.6407736206054687 0.3174365234375 0.020924072265625 0.0307073974609375
2 0.5671292114257812 0.2276123046875 0.0270050048828125 0.014637451171875
2 0.56462890625 0.20929412841796874 0.0270050048828125 0.014637451171875
2 0.554798583984375 0.171685791015625 0.02700439453125 0.014637451171875
2 0.5787042236328125 0.12364990234375 0.013902587890625 0.0258489990234375
2 0.5779324340820312 0.0584490966796875 0.0100311279296875 0.02537384033203125
2 0.6265032958984375 0.2804986572265625 0.018243408203125 0.02475341796875
7 0.8434494018554688 0.1550830078125 0.0430718994140625 0.0533880615234375
7 0.7730712890625 0.05626815795898438 0.0331927490234375 0.05267608642578125
2 0.801204833984375 0.012236785888671876 0.0098089599609375 0.02447296142578125
7 0.5663595581054688 0.9106082153320313 0.0659307861328125 0.0382122802734375
7 0.7296875 0.8282333374023437 0.06947265625 0.0459765625
7 0.784517822265625 0.9394583129882812 0.0273785400390625 0.03038818359375
