5 0.1464807891845703 0.7622572326660156 0.06898117065429688 0.04830108642578125
5 0.2805039978027344 0.7813579559326171 0.08001144409179688 0.033589630126953124
5 0.14211158752441405 0.7845872497558594 0.06898101806640625 0.04830108642578125
5 0.14186912536621094 0.8047330474853516 0.06898117065429688 0.04830108642578125
5 0.12439323425292968 0.8353156280517579 0.06898117065429688 0.04830093383789062
5 0.12366523742675781 0.8525485992431641 0.06898117065429688 0.04830108642578125
5 0.11371353149414062 0.8751212310791016 0.06898101806640625 0.04830108642578125
5 0.2694921112060547 0.8586910247802735 0.06271469116210937 0.029032745361328126
5 0.2576886749267578 0.8721347045898438 0.08001144409179688 0.033589630126953124
5 0.10327682495117188 0.9212379455566406 0.06898117065429688 0.04830093383789062
5 0.10303390502929688 0.9406550598144531 0.06898101806640625 0.04830108642578125
5 0.094781494140625 0.9629853057861328 0.06898101806640625 0.04830108642578125
5 0.0853155517578125 0.9836163330078125 0.06898101806640625 0.04830093383789062
