0 0.7705377197265625 0.4061272430419922 0.0292535400390625 0.024055328369140625
2 0.17287498474121094 0.9963749694824219 0.005 0.01274993896484375
2 0.18637496948242188 0.996875 0.005 0.01274993896484375
2 0.17487503051757813 0.979375 0.005 0.01274993896484375
2 0.16012496948242189 0.9951249694824219 0.005 0.01274993896484375
2 0.14724998474121093 0.9964999389648438 0.005 0.01274993896484375
2 0.13474998474121094 0.9961250305175782 0.005 0.01274993896484375
2 0.002000007629394531 0.9589999389648437 0.004000015258789062 0.01274993896484375
2 0.008125 0.9580000305175781 0.005 0.01274993896484375
2 0.02 0.956875 0.005 0.01274993896484375
2 0.012874984741210937 0.988125 0.005 0.01274993896484375
2 0.025625 0.9885000610351562 0.005 0.01274993896484375
2 0.7582530212402344 0.985445556640625 0.011243896484375 0.014640960693359375
