5 0.268055419921875 0.294495849609375 0.0727880859375 0.01183746337890625
5 0.270498046875 0.2773920440673828 0.07253173828125 0.014167022705078126
5 0.5765716552734375 0.051311798095703125 0.012860107421875 0.06647430419921875
5 0.5441607666015625 0.05375518798828125 0.0149169921875 0.07530044555664063
5 0.8200714111328125 0.01835723876953125 0.078194580078125 0.014884490966796875
5 0.8192041015625 0.0334033203125 0.078194580078125 0.014884490966796875
5 0.8168896484375 0.048882064819335935 0.078193359375 0.014880828857421875
5 0.8193487548828124 0.08259323120117187 0.078194580078125 0.014884490966796875
5 0.81732421875 0.09749320983886718 0.078193359375 0.014880828857421875
5 0.817757568359375 0.12975601196289063 0.078193359375 0.014880828857421875
5 0.8095098876953125 0.17677558898925783 0.078193359375 0.0148809814453125
5 0.80791748046875 0.21106536865234374 0.078194580078125 0.014884490966796875
5 0.8142852783203125 0.22842491149902344 0.078193359375 0.014880828857421875
5 0.8067626953125 0.24289237976074218 0.078193359375 0.014880828857421875
5 0.8112457275390625 0.259676513671875 0.078194580078125 0.014884490966796875
5 0.5610882568359375 0.05158500671386719 0.0149169921875 0.07530029296875
5 0.362303466796875 0.045219192504882814 0.0149169921875 0.07530029296875
5 0.33192138671875 0.047678680419921876 0.014918212890625 0.07530029296875
5 0.28128662109375 0.045219192504882814 0.014918212890625 0.07530029296875
5 0.2180609130859375 0.045363845825195315 0.014918212890625 0.07530029296875
5 0.1212738037109375 0.04218109130859375 0.0149176025390625 0.07530044555664063
5 0.08582763671875 0.04304908752441406 0.0149176025390625 0.07530029296875
5 0.00622222900390625 0.13318222045898437 0.0127020263671875 0.07530029296875
5 0.0189874267578125 0.12826316833496093 0.0149176025390625 0.07530029296875
5 0.05255279541015625 0.12927581787109374 0.0149176025390625 0.07530029296875
5 0.03643951416015625 0.13429702758789064 0.0131292724609375 0.064578857421875
5 0.07029388427734375 0.13646713256835938 0.013128662109375 0.06457839965820313
5 0.24867919921875 0.1400841522216797 0.013128662109375 0.06457839965820313
5 0.267342529296875 0.13965003967285156 0.013128662109375 0.06457839965820313
5 0.10289947509765625 0.12305496215820312 0.0149176025390625 0.07530029296875
5 0.1347283935546875 0.12739517211914062 0.0149176025390625 0.07530029296875
5 0.17002960205078124 0.13101219177246093 0.0149176025390625 0.07530029296875
5 0.18478515625 0.1340503692626953 0.0149169921875 0.07530029296875
5 0.2008453369140625 0.12811866760253907 0.0149169921875 0.07530029296875
5 0.233541259765625 0.13332687377929686 0.0149169921875 0.07530044555664063
5 0.3459539794921875 0.12464645385742187 0.0149169921875 0.07530044555664063
5 0.3808221435546875 0.13115676879882812 0.0149169921875 0.07530044555664063
5 0.3987615966796875 0.13274818420410156 0.014918212890625 0.07530029296875
5 0.4119268798828125 0.13086746215820313 0.0149169921875 0.07530044555664063
5 0.43116943359375 0.13144615173339844 0.0149169921875 0.07530029296875
5 0.4450567626953125 0.1376671600341797 0.014918212890625 0.07530029296875
5 0.4618414306640625 0.12493568420410156 0.0149169921875 0.07530029296875
5 0.4955499267578125 0.13549697875976563 0.014918212890625 0.07530029296875
5 0.480069580078125 0.13578628540039062 0.014918212890625 0.07530029296875
5 0.5133453369140625 0.13578636169433594 0.0149169921875 0.07530029296875
5 0.528101806640625 0.1343396759033203 0.0149169921875 0.07530029296875
5 0.5599310302734375 0.14012672424316405 0.0149169921875 0.07530029296875
5 0.5781591796875 0.13766708374023437 0.014918212890625 0.07530029296875
5 0.59291748046875 0.13795646667480468 0.0149169921875 0.07530029296875
5 0.63342529296875 0.14113929748535156 0.0149169921875 0.07530029296875
5 0.4093511962890625 0.2960723114013672 0.015103759765625 0.07225540161132812
5 0.426998291015625 0.29955718994140623 0.014879150390625 0.06521636962890626
5 0.493658447265625 0.3052899932861328 0.015103759765625 0.07225555419921875
5 0.70881103515625 0.31518211364746096 0.015103759765625 0.07225555419921875
5 0.4773583984375 0.3022549438476563 0.014879150390625 0.06521652221679687
5 0.509732666015625 0.30292945861816406 0.014879150390625 0.06521636962890626
5 0.562115478515625 0.3081002044677734 0.0148779296875 0.06521591186523437
5 0.611351318359375 0.31079803466796874 0.014879150390625 0.06521652221679687
5 0.6268646240234375 0.30630180358886716 0.014879150390625 0.06521652221679687
5 0.65721435546875 0.31147247314453125 0.0148779296875 0.06521591186523437
5 0.6760992431640624 0.3065264892578125 0.0148779296875 0.06521591186523437
5 0.692061767578125 0.3051776123046875 0.014879150390625 0.06521652221679687
5 0.726458740234375 0.30607688903808594 0.014879150390625 0.06521636962890626
5 0.7401739501953125 0.3040534210205078 0.014879150390625 0.06521652221679687
5 0.7579339599609375 0.31282150268554687 0.014879150390625 0.06521652221679687
3 0.0957177734375 0.3442032623291016 0.098602294921875 0.036080322265625
3 0.4638604736328125 0.4096792602539063 0.101339111328125 0.03235031127929688
3 0.61213134765625 0.4175670623779297 0.1034814453125 0.04090133666992188
