2 0.1678564453125 0.044728102684021 0.0128643798828125 0.02445620536804199
2 0.17035675048828125 0.0872281277179718 0.0128643798828125 0.024456210136413574
2 0.1331597900390625 0.125 0.028125 0.013888893127441406
3 0.211632080078125 0.028298609256744385 0.013541259765625 0.04895833492279053
2 0.1199981689453125 0.5008721542358399 0.0268017578125 0.014922409057617188
2 0.1330145263671875 0.5517374420166016 0.0271380615234375 0.01458587646484375
2 0.1557293701171875 0.6161458587646484 0.0100732421875 0.023958282470703127
7 0.022440338134765626 0.7583124542236328 0.04856689453125 0.05037490844726562
7 0.3420587158203125 0.9897502899169922 0.0648388671875 0.06023269653320312
2 0.5738815307617188 0.7937882232666016 0.024305419921875 0.024305419921875
2 0.5969915771484375 0.7533804321289063 0.027467041015625 0.0198779296875
2 0.6181393432617187 0.7089617156982422 0.0125128173828125 0.0244049072265625
7 0.36271575927734373 0.7103414916992188 0.0649676513671875 0.050181427001953126
2 0.6334625244140625 0.6279227828979492 0.011522216796875 0.02745033264160156
7 0.384488525390625 0.4982592010498047 0.0489678955078125 0.06986801147460937
2 0.6493060302734375 0.4560184860229492 0.0127587890625 0.026234588623046874
2 0.24131927490234376 0.4596836090087891 0.0266204833984375 0.01357391357421875
7 0.3950616455078125 0.3645833206176758 0.026234130859375 0.03858024597167969
7 0.4837380981445312 0.33948684692382813 0.0489581298828125 0.06323310852050781
2 0.6230599975585938 0.3536064529418945 0.023896484375 0.013466262817382812
2 0.6603009033203125 0.3373842620849609 0.0112158203125 0.024305572509765627
2 0.6628164672851562 0.30710649490356445 0.0112158203125 0.02430561065673828
2 0.7039126586914063 0.24712196350097657 0.0112158203125 0.024305648803710937
2 0.6334881591796875 0.2660108184814453 0.02608642578125 0.015817909240722655
2 0.6411614990234376 0.14388883590698243 0.0292352294921875 0.02317893981933594
2 0.6571072387695313 0.1325901222229004 0.0252911376953125 0.022895984649658203
2 0.6965664672851563 0.09645065307617187 0.0150457763671875 0.0279681396484375
2 0.7104812622070312 0.09101287961006164 0.012679443359375 0.02461841106414795
2 0.7996987915039062 0.5826490783691406 0.0120489501953125 0.023707809448242186
2 0.79493896484375 0.4867757034301758 0.0120489501953125 0.023708038330078125
7 0.781439208984375 0.32511295318603517 0.0639105224609375 0.023719863891601564
2 0.8023345947265625 0.20350151062011718 0.00982177734375 0.02597888946533203
2 0.8814822387695312 0.10899757385253907 0.0098974609375 0.02549884796142578
2 0.9117376708984375 0.10499153137207032 0.0098974609375 0.02549884796142578
7 0.45229583740234375 0.7968514251708985 0.05963623046875 0.055386962890625
7 0.36415924072265626 0.8677967071533204 0.0689129638671875 0.07244903564453126
