5 0.8540325927734375 0.1292333984375 0.013128662109375 0.06457839965820313
5 0.96707763671875 0.04304908752441406 0.0149176025390625 0.07530029296875
5 0.8543756103515625 0.04348320007324219 0.0149176025390625 0.07530044555664063
5 0.8380264282226563 0.04362785339355469 0.0149176025390625 0.07530029296875
5 0.8711575317382813 0.04145767211914062 0.0149176025390625 0.07530029296875
5 0.8368701171875 0.1286974334716797 0.0149176025390625 0.07530029296875
5 0.7558511352539062 0.12392295837402344 0.0149176025390625 0.07530029296875
5 0.7251803588867187 0.12681640625 0.0149176025390625 0.07530029296875
5 0.7039126586914063 0.12753990173339844 0.0149176025390625 0.07530044555664063
5 0.6743988037109375 0.12638236999511718 0.0149176025390625 0.07530029296875
5 0.62101318359375 0.1217529296875 0.0149176025390625 0.07530029296875
5 0.7733026123046876 0.13212692260742187 0.013128662109375 0.06457839965820313
5 0.8052767944335938 0.13776931762695313 0.013128662109375 0.06457839965820313
5 0.5886965942382812 0.1287994384765625 0.013128662109375 0.06457855224609375
5 0.5716253662109375 0.1370458984375 0.0131292724609375 0.06457870483398437
5 0.5283670043945312 0.132850341796875 0.0131292724609375 0.06457870483398437
5 0.6055325317382813 0.1233441162109375 0.0149176025390625 0.07530029296875
5 0.5479519653320313 0.12117416381835938 0.0149176025390625 0.07530044555664063
5 0.49326416015625 0.12913131713867188 0.0149176025390625 0.07530029296875
5 0.49384246826171874 0.0365633773803711 0.0149176025390625 0.07317611694335938
5 0.5106256103515625 0.03813011169433594 0.0149176025390625 0.07530044555664063
5 0.8864932250976563 0.13318222045898437 0.0149176025390625 0.07530029296875
5 0.9002374267578125 0.12826316833496093 0.0149176025390625 0.07530029296875
5 0.9338027954101562 0.12927581787109374 0.0149176025390625 0.07530029296875
5 0.9176895141601562 0.13429702758789064 0.0131292724609375 0.064578857421875
5 0.9515438842773437 0.13646713256835938 0.013128662109375 0.06457839965820313
5 0.9841494750976563 0.12305496215820312 0.0149176025390625 0.07530029296875
5 0.5456161499023438 0.3064833068847656 0.0149176025390625 0.07530029296875
5 0.5651531982421875 0.3114149475097656 0.0149176025390625 0.07530029296875
5 0.5991061401367187 0.311414794921875 0.0149176025390625 0.07530029296875
5 0.663218994140625 0.31407073974609373 0.0149176025390625 0.07530029296875
5 0.6801007080078125 0.3129323577880859 0.0149176025390625 0.07530029296875
5 0.20388946533203126 0.713062744140625 0.079256591796875 0.0110076904296875
5 0.7132943725585937 0.30781112670898436 0.0149176025390625 0.07530029296875
5 0.0127203369140625 0.5842709350585937 0.012967529296875 0.07387481689453125
5 0.02862091064453125 0.585494384765625 0.012967529296875 0.07387481689453125
5 0.0670257568359375 0.584271240234375 0.012967529296875 0.07387451171875
5 0.08953094482421875 0.5867173767089844 0.012967529296875 0.07387481689453125
3 0.0636859130859375 0.6553602600097657 0.0986029052734375 0.02063568115234375
3 0.41574554443359374 0.1115331268310547 0.0179559326171875 0.09762222290039063
3 0.9769677734375 0.3442032623291016 0.098602294921875 0.036080322265625
