0 0.14353759765625 0.962447509765625 0.0344287109375 0.0280419921875
2 0.0988677978515625 0.6954562377929687 0.0179254150390625 0.007071533203125
2 0.09922149658203125 0.684317626953125 0.0179254150390625 0.007071533203125
2 0.801871337890625 0.7409072875976562 0.007464599609375 0.0194586181640625
2 0.8126437377929687 0.7376434326171875 0.0077587890625 0.019681396484375
2 0.8218392944335937 0.7362075805664062 0.0077587890625 0.019681396484375
2 0.7515689086914062 0.8503961181640625 0.0077587890625 0.019681396484375
2 0.7536166381835937 0.9290609741210938 0.0077984619140625 0.0209320068359375
2 0.5893365478515625 0.8797805786132813 0.016722412109375 0.0174554443359375
2 0.58832275390625 0.9251644897460938 0.0189453125 0.01875
2 0.5901321411132813 0.9580596923828125 0.0166461181640625 0.0174346923828125
2 0.591002197265625 0.9827789306640625 0.01931396484375 0.01950439453125
2 0.6277972412109375 0.8656253051757813 0.0192376708984375 0.018092041015625
2 0.6274673461914062 0.89194091796875 0.02088134765625 0.0200653076171875
2 0.8792330932617187 0.824700927734375 0.0094622802734375 0.017928466796875
2 0.861180419921875 0.9064990234375 0.019173583984375 0.0087152099609375
2 0.8411346435546875 0.7376177978515625 0.008966064453125 0.019285888671875
2 0.016861572265625 0.845323486328125 0.0156475830078125 0.0238311767578125
3 0.558790283203125 0.8655572509765626 0.0236358642578125 0.0224822998046875
2 0.5890292358398438 0.9007418823242187 0.0146954345703125 0.0150628662109375
2 0.72111083984375 0.912208251953125 0.01584716796875 0.0159619140625
2 0.6262234497070313 0.8813629150390625 0.0192376708984375 0.018092041015625
2 0.6536514282226562 0.8890069580078125 0.0192376708984375 0.018092041015625
2 0.6543252563476563 0.9121627807617188 0.0192376708984375 0.018092041015625
2 0.5894464111328125 0.935955810546875 0.0189453125 0.01875
2 0.6280218505859375 0.913287353515625 0.0192376708984375 0.018092041015625
2 0.774892578125 0.7397836303710937 0.007464599609375 0.0194586181640625
2 0.7542001342773438 0.9691482543945312 0.0079815673828125 0.016983642578125
2 0.6930084228515625 0.953125 0.01584716796875 0.0159625244140625
2 0.7193118286132812 0.98167724609375 0.01584716796875 0.0159625244140625
