5 0.9368932342529297 0.023149337768554688 0.06898117065429688 0.04696609497070312
5 0.9361652374267578 0.04004859924316406 0.06898117065429688 0.04830108642578125
5 0.9262135314941407 0.06262123107910156 0.06898101806640625 0.04830108642578125
5 0.9157768249511719 0.10873794555664062 0.06898117065429688 0.04830093383789062
5 0.9155339050292969 0.12815505981445313 0.06898101806640625 0.04830108642578125
5 0.907281494140625 0.1504853057861328 0.06898101806640625 0.04830108642578125
5 0.8978155517578125 0.1711163330078125 0.06898101806640625 0.04830093383789062
5 0.8983010101318359 0.19101951599121095 0.06898117065429688 0.04830108642578125
5 0.8934466552734375 0.20898056030273438 0.06898117065429688 0.04830108642578125
5 0.88543701171875 0.2317961883544922 0.06898117065429688 0.04830078125
5 0.8798542785644531 0.2543687438964844 0.06898101806640625 0.04830108642578125
5 0.9845088195800781 0.35745025634765626 0.08001129150390625 0.033589630126953124
5 0.9731010437011719 0.39628517150878906 0.08001129150390625 0.03358978271484375
5 0.9672758483886719 0.41521736145019533 0.08001144409179688 0.03358978271484375
5 0.9580525970458984 0.4491978454589844 0.08001144409179688 0.03358978271484375
5 0.95441162109375 0.47128528594970703 0.08001144409179688 0.03358970642089844
5 0.9444602966308594 0.4909454345703125 0.08001144409179688 0.03358978271484375
5 0.9391204833984375 0.509149169921875 0.08001129150390625 0.0335894775390625
5 0.9277126312255859 0.5470130920410157 0.08001129150390625 0.0335894775390625
5 0.9238291168212891 0.5637606811523438 0.08001129150390625 0.0335894775390625
5 0.9216448974609375 0.5868193054199219 0.08001144409179688 0.03358978271484375
5 0.9107225799560547 0.6174015808105469 0.08001144409179688 0.0335894775390625
5 0.8993147277832031 0.6542951965332031 0.08001144409179688 0.03358978271484375
5 0.9169111633300782 0.6371830749511719 0.06229400634765625 0.028492431640625
5 0.8999211120605469 0.6947073364257812 0.06229400634765625 0.028492431640625
5 0.8875422668457031 0.7349984741210938 0.06229400634765625 0.028492431640625
5 0.8538833618164062 0.3315533447265625 0.06898101806640625 0.04830108642578125
5 0.842475814819336 0.3750001525878906 0.06898101806640625 0.04830093383789062
5 0.8402913665771484 0.39587379455566407 0.06898117065429688 0.04830093383789062
5 0.8298544311523437 0.4228155517578125 0.06898101806640625 0.04830093383789062
5 0.8182039642333985 0.44927183151245115 0.0689813232421875 0.048300857543945315
5 0.811650390625 0.47669876098632813 0.06898101806640625 0.04830078125
5 0.8080097961425782 0.49441741943359374 0.06898101806640625 0.04830078125
5 0.8109222412109375 0.5131065368652343 0.06898101806640625 0.04830078125
5 0.7978155517578125 0.541019287109375 0.06898101806640625 0.04830078125
5 0.7854368591308594 0.566505126953125 0.06898147583007813 0.04830108642578125
5 0.7834951782226562 0.6072813415527344 0.06898117065429688 0.04830078125
5 0.7844660186767578 0.5856794738769531 0.0689813232421875 0.04830108642578125
5 0.7651699829101563 0.6417475891113281 0.06626205444335938 0.05024261474609375
5 0.7553396606445313 0.6719659423828125 0.06896499633789062 0.05776702880859375
5 0.750277099609375 0.6947802734375 0.06934890747070313 0.0587408447265625
5 0.7388164520263671 0.7467390441894531 0.06404067993164063 0.057313232421875
5 0.7303212738037109 0.7309625244140625 0.06404067993164063 0.057313232421875
5 0.7278942108154297 0.7785354614257812 0.06404052734375 0.05731292724609375
5 0.7004669952392578 0.8508656311035157 0.06404067993164063 0.057313232421875
5 0.8857225799560546 0.7101200866699219 0.08001129150390625 0.03358978271484375
5 0.8716448211669922 0.7467706298828125 0.08001144409179688 0.03358978271484375
5 0.8604798889160157 0.7826930236816406 0.08001144409179688 0.03358978271484375
5 0.8592660522460938 0.8040518188476562 0.08001144409179688 0.03358978271484375
5 0.8763772583007813 0.7689791870117187 0.06229400634765625 0.028492431640625
5 0.7003857421875 0.870595703125 0.05271286010742188 0.04788665771484375
5 0.8510137939453125 0.8394891357421875 0.08001144409179688 0.03358978271484375
5 0.8451885223388672 0.8596347045898437 0.08001129150390625 0.03358978271484375
5 0.8349942016601563 0.8768678283691407 0.08001144409179688 0.03358978271484375
5 0.8245574951171875 0.9135182189941407 0.08001144409179688 0.03358978271484375
5 0.8201884460449219 0.9326927185058593 0.08001129150390625 0.0335894775390625
5 0.8153340911865234 0.9504110717773437 0.08001144409179688 0.03358978271484375
5 0.6478538513183594 0.9687332153320313 0.0355133056640625 0.08431182861328125
5 0.6667859649658203 0.9718890380859375 0.0355133056640625 0.08431182861328125
3 0.4165445709228516 0.5712493896484375 0.040485076904296875 0.10610137939453125
3 0.37705265045166014 0.5777619934082031 0.0316241455078125 0.073953857421875
3 0.30876861095428465 0.8959890747070313 0.039136829376220705 0.10261199951171875
2 0.49172119140625 0.2850981903076172 0.02471214294433594 0.04640853881835937
2 0.1361711311340332 0.9710684204101563 0.015042381286621094 0.0229937744140625
2 0.24961484909057619 0.9687571716308594 0.015042381286621094 0.0229937744140625
2 0.30855167388916016 0.7491885375976562 0.01504241943359375 0.0229937744140625
2 0.36421421051025393 0.6937185668945313 0.01504241943359375 0.0229937744140625
2 0.38790451049804686 0.5922164916992188 0.01504241943359375 0.0229937744140625
2 0.350539436340332 0.5968388366699219 0.015042343139648438 0.0229937744140625
2 0.25982290267944336 0.5791192626953126 0.015042381286621094 0.0229937744140625
2 0.3715332412719727 0.5172935485839844 0.015042343139648438 0.0229937744140625
2 0.42700313568115233 0.46047508239746093 0.01504241943359375 0.022993621826171876
2 0.41660255432128906 0.42272483825683593 0.01504241943359375 0.0229937744140625
2 0.4090911102294922 0.3872856140136719 0.01504241943359375 0.0229937744140625
2 0.31394463062286376 0.38824867248535155 0.015042400360107422 0.0229937744140625
2 0.29506940841674806 0.38073707580566407 0.015042381286621094 0.0229937744140625
2 0.47072425842285154 0.29329505920410154 0.015042266845703124 0.022993927001953126
2 0.3592065811157227 0.21394210815429687 0.015042343139648438 0.0229937744140625
2 0.5165640258789063 0.05311767578125 0.01504241943359375 0.0229937744140625
