5 0.2848484802246094 0.9845123291015625 0.07377716064453126 0.0313720703125
5 0.28685791015625 0.9664297485351563 0.0737774658203125 0.0313720703125
5 0.08794830322265625 0.9404539489746093 0.0737774658203125 0.0313720703125
5 0.09311477661132812 0.9024227905273438 0.0737774658203125 0.0313720703125
5 0.10947555541992188 0.8672621154785156 0.0737774658203125 0.0313714599609375
5 0.29274169921875 0.9515043640136719 0.07377716064453126 0.03137176513671875
5 0.29833877563476563 0.934139404296875 0.0737774658203125 0.03137176513671875
5 0.30178329467773435 0.9180656433105469 0.07377716064453126 0.0313720703125
5 0.2991998291015625 0.8945297241210938 0.0737774658203125 0.0313720703125
5 0.30838470458984374 0.8813264465332031 0.0737774658203125 0.0313720703125
5 0.3111114501953125 0.8615213012695313 0.0737774658203125 0.0313720703125
5 0.3210137939453125 0.8476007080078125 0.07377716064453126 0.0313720703125
5 0.32445831298828126 0.8277958679199219 0.0737774658203125 0.0313720703125
5 0.32948089599609376 0.8114353942871094 0.07377716064453126 0.0313720703125
5 0.3357960510253906 0.7940702819824219 0.0737774658203125 0.0313720703125
5 0.34325820922851563 0.7792884826660156 0.07377716064453126 0.0313720703125
5 0.3411054992675781 0.7597706604003907 0.07377716064453126 0.0313720703125
5 0.3531610107421875 0.7266192626953125 0.0737774658203125 0.0313720703125
5 0.3488554382324219 0.7058096313476563 0.0737774658203125 0.0313720703125
5 0.34641571044921876 0.7449888610839843 0.0737774658203125 0.03137176513671875
5 0.12325271606445312 0.8121530151367188 0.0737774658203125 0.0313720703125
5 0.1269842529296875 0.793209228515625 0.07377716064453126 0.0313720703125
5 0.13229385375976563 0.7755572509765625 0.0737774658203125 0.0313720703125
5 0.1337542724609375 0.7535163879394531 0.06572906494140625 0.02829010009765625
5 0.13820327758789064 0.7365814208984375 0.06572906494140625 0.028289794921875
5 0.1465269470214844 0.718642578125 0.06572906494140625 0.028289794921875
5 0.172359619140625 0.6454507446289063 0.06572906494140625 0.028289794921875
5 0.17479949951171875 0.6270809936523437 0.06572906494140625 0.028289794921875
5 0.17982223510742187 0.6085678100585937 0.06572906494140625 0.028289794921875
5 0.191446533203125 0.5711109924316407 0.065728759765625 0.028289794921875
5 0.20602645874023437 0.47657243728637694 0.05355682373046875 0.024898300170898436
5 0.3584706115722656 0.6911712646484375 0.07377716064453126 0.0313714599609375
5 0.35918838500976563 0.6740931701660157 0.0737774658203125 0.03137176513671875
5 0.37052581787109373 0.6587373352050782 0.07377716064453126 0.0313720703125
5 0.37325286865234375 0.6402243041992187 0.0737774658203125 0.0313720703125
5 0.38128936767578125 0.6257293701171875 0.0737774658203125 0.03137176513671875
5 0.3883216857910156 0.6085076904296876 0.0737774658203125 0.0313720703125
5 0.3926271057128906 0.5887028503417969 0.0737774658203125 0.0313720703125
5 0.39693206787109375 0.5713377380371094 0.0737774658203125 0.0313714599609375
5 0.3999462890625 0.5559819030761719 0.0737774658203125 0.0313720703125
5 0.4065478515625 0.5400518798828124 0.0737774658203125 0.0313720703125
5 0.40870071411132813 0.519385986328125 0.0737774658203125 0.0313720703125
5 0.41802871704101563 0.5066133117675782 0.07377716064453126 0.0313720703125
5 0.42219085693359376 0.48824371337890626 0.0737774658203125 0.0313720703125
5 0.42778778076171875 0.47188337326049806 0.07377716064453126 0.03137176513671875
5 0.43123199462890627 0.4530828857421875 0.0737774658203125 0.03137176513671875
2 0.30807281494140626 0.23852561950683593 0.02627655029296875 0.016685028076171875
2 0.8937423706054688 0.7735791015625 0.02327667236328125 0.01473541259765625
2 0.7555926513671875 0.8189239501953125 0.0232769775390625 0.0147357177734375
2 0.7094920349121093 0.7017832946777344 0.02327667236328125 0.01473541259765625
2 0.8122735595703126 0.7271768188476563 0.0232769775390625 0.0147357177734375
2 0.8166566467285157 0.7022369384765625 0.02327667236328125 0.0147357177734375
2 0.8279931640625 0.6763906860351563 0.0232769775390625 0.0147357177734375
2 0.88376708984375 0.7075273132324219 0.0232769775390625 0.0147357177734375
2 0.8771157836914063 0.735792236328125 0.0232769775390625 0.01473541259765625
2 0.8702655029296875 0.5976535034179687 0.01884063720703125 0.02340545654296875
2 0.8818196105957031 0.602584228515625 0.01749725341796875 0.0207989501953125
2 0.8948016357421875 0.6096170043945313 0.01844268798828125 0.02335968017578125
2 0.8572972106933594 0.49986465454101564 0.02414642333984375 0.01777740478515625
2 0.7839898681640625 0.5045506286621094 0.02414642333984375 0.0177777099609375
2 0.78973388671875 0.4914006042480469 0.02414642333984375 0.01777740478515625
2 0.7926052856445313 0.47961090087890623 0.02414642333984375 0.0177777099609375
2 0.802127685546875 0.4443933868408203 0.0241461181640625 0.017777557373046874
2 0.8089295959472657 0.4319991302490234 0.02414642333984375 0.0177777099609375
2 0.8226838684082032 0.40811752319335937 0.02414642333984375 0.01777740478515625
2 0.8308462524414062 0.3828759765625 0.0241461181640625 0.0177777099609375
2 0.8387055969238282 0.35748283386230467 0.02414642333984375 0.0177777099609375
2 0.8506463623046875 0.3331477355957031 0.02414642333984375 0.01777740478515625
2 0.8961421203613281 0.4081175994873047 0.02414642333984375 0.01777740478515625
2 0.8834455871582031 0.4313946533203125 0.02414642333984375 0.0177777099609375
2 0.8789112854003907 0.4539156341552734 0.02414642333984375 0.0177777099609375
