0 0.36785163879394533 0.2853533935546875 0.018994293212890624 0.01602020263671875
5 0.3694788360595703 0.144434814453125 0.012045745849609374 0.02061248779296875
5 0.3643538665771484 0.14680999755859375 0.012045745849609374 0.02061248779296875
5 0.34275001525878906 0.153187255859375 0.008568878173828126 0.01537506103515625
0 0.08642929077148437 0.28616058349609375 0.019492340087890626 0.016083984375
0 0.11214759826660156 0.28667449951171875 0.019525604248046877 0.01570465087890625
5 0.09993751525878906 0.18881256103515626 0.004375 0.0211248779296875
5 0.09393753051757812 0.18931243896484376 0.004375 0.0211248779296875
5 0.08918746948242187 0.1889373779296875 0.004375 0.0211248779296875
5 0.08418746948242188 0.1883123779296875 0.004375 0.0211248779296875
5 0.07918746948242188 0.1879376220703125 0.004375 0.0211248779296875
2 0.12606002807617187 0.17351348876953124 0.00462005615234375 0.01122314453125
0 0.7192619323730469 0.025800704956054688 0.058741455078125 0.054656982421875
0 0.6831153869628906 0.019304046630859373 0.0264202880859375 0.02608795166015625
0 0.6929150390625 0.0770281982421875 0.02737884521484375 0.02794189453125
0 0.7289997863769532 0.08333786010742188 0.07180694580078124 0.0714178466796875
0 0.7744459533691406 0.03945846557617187 0.07509552001953125 0.0743231201171875
2 0.5586874389648437 0.003940811157226562 0.005625 0.0081378173828125
0 0.6146357727050781 0.11748550415039062 0.0214617919921875 0.02297149658203125
0 0.5738655090332031 0.07740219116210938 0.02333587646484375 0.02414398193359375
0 0.49803207397460936 0.12332870483398438 0.0245452880859375 0.0257330322265625
2 0.4520024108886719 0.1666229248046875 0.013005218505859374 0.011246337890625
0 0.39297927856445314 0.23562347412109375 0.018875732421875 0.01515625
0 0.41972930908203127 0.2371235656738281 0.018875732421875 0.01515625
0 0.46997928619384766 0.23362335205078125 0.018876266479492188 0.01515625
0 0.4198429870605469 0.28451019287109375 0.019845428466796874 0.01438995361328125
0 0.44771820068359375 0.2841351318359375 0.019845428466796874 0.01438995361328125
0 0.4968431091308594 0.23376022338867186 0.01984527587890625 0.01438995361328125
0 0.5225930786132813 0.23426010131835937 0.01984527587890625 0.01438995361328125
0 0.5489680480957031 0.23238510131835938 0.01984527587890625 0.01438995361328125
0 0.5269892883300781 0.9737640380859375 0.0398291015625 0.039808349609375
2 0.45293632507324216 0.9354870223999023 0.015877685546875 0.0132244873046875
2 0.4700909423828125 0.9111956787109375 0.012681884765625 0.01335906982421875
2 0.4770909118652344 0.9020703125 0.012681884765625 0.01335906982421875
2 0.48084075927734377 0.8968205261230469 0.012681884765625 0.01335906982421875
