5 0.01311676025390625 0.4304190444946289 0.014674072265625 0.07540748596191406
5 0.02785430908203125 0.4316927719116211 0.0146746826171875 0.07540763854980469
5 0.0458673095703125 0.432420539855957 0.0146746826171875 0.07540771484375
5 0.06096923828125 0.426234130859375 0.0146746826171875 0.07540763854980469
5 0.07752685546875 0.42186737060546875 0.014674072265625 0.07540748596191406
5 0.09408416748046874 0.41822837829589843 0.0146746826171875 0.07540763854980469
5 0.15833709716796876 0.4204188537597656 0.0146746826171875 0.07540771484375
5 0.191253662109375 0.3659462356567383 0.059600830078125 0.061623764038085935
5 0.3837969970703125 0.6065768432617188 0.01467529296875 0.07540802001953124
5 0.3686505126953125 0.607343635559082 0.014674072265625 0.07540763854980469
5 0.3521636962890625 0.6079188537597656 0.014674072265625 0.07540771484375
5 0.3345245361328125 0.607151985168457 0.014674072265625 0.07540763854980469
5 0.3186126708984375 0.6060015392303467 0.014674072265625 0.07540752410888672
5 0.3036578369140625 0.6069602680206299 0.014674072265625 0.07540775299072265
5 0.2869793701171875 0.6098359394073486 0.01467529296875 0.07540805816650391
5 0.2704913330078125 0.6042761993408203 0.014674072265625 0.07540756225585937
5 0.2214117431640625 0.6056180953979492 0.014674072265625 0.07540748596191406
5 0.2545782470703125 0.6060015392303467 0.014674072265625 0.07540752410888672
5 0.23694091796875 0.6038926315307617 0.014674072265625 0.07540748596191406
5 0.2060748291015625 0.6056182479858399 0.01467529296875 0.07540794372558594
5 0.10542236328125 0.5989080429077148 0.014674072265625 0.07540748596191406
5 0.04311431884765625 0.6008251571655273 0.014674072265625 0.07540756225585937
5 0.07263946533203125 0.6052347946166993 0.0146746826171875 0.07540779113769532
5 0.0563427734375 0.6017838287353515 0.0146746826171875 0.07540771484375
5 0.02643463134765625 0.6015920639038086 0.014674072265625 0.07540756225585937
5 0.04368927001953125 0.6870983123779297 0.0146746826171875 0.07540771484375
5 0.07187225341796875 0.6872899627685547 0.014674072265625 0.07540771484375
5 0.08912689208984376 0.6857563018798828 0.014674072265625 0.07540756225585937
5 0.10753204345703125 0.684414291381836 0.0146746826171875 0.07540771484375
5 0.1867108154296875 0.6924662780761719 0.014674072265625 0.07540756225585937
5 0.254002685546875 0.6892070770263672 0.01467529296875 0.07540802001953124
5 0.3199542236328125 0.6853727722167968 0.01467529296875 0.07540802001953124
5 0.33433349609375 0.6882485198974609 0.014674072265625 0.07540756225585937
5 0.43383544921875 0.697642822265625 0.014674072265625 0.07540756225585937
5 0.4501312255859375 0.6863314056396485 0.01467529296875 0.07540786743164063
5 0.514931640625 0.6961089324951172 0.014674072265625 0.07540756225585937
5 0.548865966796875 0.6924663543701172 0.014674072265625 0.07540771484375
5 0.72381591796875 0.7083332824707032 0.03647216796875 0.08024688720703126
5 0.7437506103515625 0.7044754028320312 0.0309033203125 0.07870361328125
5 0.762269287109375 0.6938014221191406 0.02726318359375 0.0796368408203125
5 0.81576416015625 0.765927963256836 0.078193359375 0.014880828857421875
5 0.5765716552734375 0.8638117980957031 0.012860107421875 0.06647430419921875
5 0.5441607666015625 0.8662551879882813 0.0149169921875 0.07530044555664063
5 0.8160205078125 0.7823908996582031 0.078194580078125 0.014884490966796875
5 0.820797119140625 0.7968566131591797 0.078193359375 0.014880828857421875
5 0.818336181640625 0.8134944915771485 0.078193359375 0.0148809814453125
5 0.8200714111328125 0.8308572387695312 0.078194580078125 0.014884490966796875
5 0.8192041015625 0.8459033203125 0.078194580078125 0.014884490966796875
5 0.8168896484375 0.861382064819336 0.078193359375 0.014880828857421875
5 0.8193487548828124 0.8950932312011719 0.078194580078125 0.014884490966796875
5 0.81732421875 0.9099932098388672 0.078193359375 0.014880828857421875
5 0.817757568359375 0.9422560119628907 0.078193359375 0.014880828857421875
5 0.8095098876953125 0.9892755889892578 0.078193359375 0.0148809814453125
5 0.5610882568359375 0.8640850067138672 0.0149169921875 0.07530029296875
5 0.362303466796875 0.8577191925048828 0.0149169921875 0.07530029296875
5 0.33192138671875 0.8601786804199218 0.014918212890625 0.07530029296875
5 0.28128662109375 0.8577191925048828 0.014918212890625 0.07530029296875
5 0.2180609130859375 0.8578638458251953 0.014918212890625 0.07530029296875
5 0.1212738037109375 0.8546810913085937 0.0149176025390625 0.07530044555664063
5 0.08582763671875 0.855549087524414 0.0149176025390625 0.07530029296875
5 0.00622222900390625 0.9456822204589844 0.0127020263671875 0.07530029296875
5 0.0189874267578125 0.940763168334961 0.0149176025390625 0.07530029296875
5 0.05255279541015625 0.9417758178710938 0.0149176025390625 0.07530029296875
5 0.03643951416015625 0.9467970275878906 0.0131292724609375 0.064578857421875
5 0.07029388427734375 0.9489671325683594 0.013128662109375 0.06457839965820313
5 0.24867919921875 0.9525841522216797 0.013128662109375 0.06457839965820313
5 0.267342529296875 0.9521500396728516 0.013128662109375 0.06457839965820313
5 0.10289947509765625 0.9355549621582031 0.0149176025390625 0.07530029296875
5 0.1347283935546875 0.9398951721191406 0.0149176025390625 0.07530029296875
5 0.17002960205078124 0.9435121917724609 0.0149176025390625 0.07530029296875
5 0.18478515625 0.9465503692626953 0.0149169921875 0.07530029296875
5 0.2008453369140625 0.9406186676025391 0.0149169921875 0.07530029296875
5 0.233541259765625 0.9458268737792969 0.0149169921875 0.07530044555664063
5 0.3459539794921875 0.9371464538574219 0.0149169921875 0.07530044555664063
5 0.3808221435546875 0.9436567687988281 0.0149169921875 0.07530044555664063
5 0.3987615966796875 0.9452481842041016 0.014918212890625 0.07530029296875
5 0.4119268798828125 0.9433674621582031 0.0149169921875 0.07530044555664063
5 0.43116943359375 0.9439461517333985 0.0149169921875 0.07530029296875
5 0.4450567626953125 0.9501671600341797 0.014918212890625 0.07530029296875
5 0.4618414306640625 0.9374356842041016 0.0149169921875 0.07530029296875
5 0.4955499267578125 0.9479969787597656 0.014918212890625 0.07530029296875
5 0.480069580078125 0.9482862854003906 0.014918212890625 0.07530029296875
5 0.5133453369140625 0.9482863616943359 0.0149169921875 0.07530029296875
5 0.528101806640625 0.9468396759033203 0.0149169921875 0.07530029296875
5 0.5599310302734375 0.9526267242431641 0.0149169921875 0.07530029296875
5 0.5781591796875 0.9501670837402344 0.014918212890625 0.07530029296875
5 0.59291748046875 0.9504564666748047 0.0149169921875 0.07530029296875
5 0.63342529296875 0.9536392974853516 0.0149169921875 0.07530029296875
3 0.13917678833007813 0.20737142562866212 0.09746917724609375 0.052810745239257814
