0 0.021921234130859377 0.6526177978515625 0.024530792236328126 0.0351519775390625
0 0.025308609008789062 0.6136032104492187 0.02868255615234375 0.03122314453125
0 0.02686759948730469 0.5755142211914063 0.02517059326171875 0.0309246826171875
0 0.027772674560546873 0.5374078369140625 0.027296905517578126 0.02976806640625
0 0.03310005187988281 0.4906890869140625 0.03361557006835938 0.0456329345703125
0 0.01340362548828125 0.737215576171875 0.022167205810546875 0.030213623046875
0 0.018486328125 0.694107666015625 0.0184967041015625 0.030191650390625
3 0.00271881103515625 0.788775634765625 0.0057501220703125 0.0268011474609375
3 0.034126968383789064 0.7960848999023438 0.008756866455078125 0.0224200439453125
5 0.056750030517578126 0.7980624389648437 0.007085113525390625 0.0141253662109375
0 0.12737129211425782 0.6498654174804688 0.042225494384765624 0.0437396240234375
0 0.23101890563964844 0.64549560546875 0.05144989013671875 0.049339599609375
0 0.2347203826904297 0.5849136352539063 0.048807373046875 0.0480194091796875
0 0.12697845458984375 0.5998483276367188 0.04996002197265625 0.03478759765625
0 0.13092613220214844 0.5554351806640625 0.03760696411132813 0.0427020263671875
0 0.36208793640136716 0.6224969482421875 0.05232574462890625 0.05239501953125
0 0.40170333862304686 0.494156494140625 0.02482940673828125 0.0337335205078125
0 0.5076423645019531 0.59284423828125 0.02360504150390625 0.019666748046875
2 0.124000244140625 0.8390069580078126 0.01275054931640625 0.00699462890625
2 0.12262527465820312 0.7998825073242187 0.01275054931640625 0.00699462890625
2 0.15562530517578124 0.834757080078125 0.012750701904296875 0.0069952392578125
2 0.17587532043457033 0.8341323852539062 0.01275054931640625 0.0069952392578125
2 0.1732502746582031 0.8256326293945313 0.01275054931640625 0.00699462890625
2 0.2989375305175781 0.861875 0.007624969482421875 0.0122509765625
2 0.28768890380859374 0.8300439453125 0.00612762451171875 0.0126849365234375
2 0.2826875305175781 0.8620623779296875 0.00537506103515625 0.015374755859375
2 0.26681015014648435 0.8627670288085938 0.0073822021484375 0.014466552734375
2 0.25943511962890625 0.8623919677734375 0.007382049560546875 0.014466552734375
2 0.25043502807617185 0.863516845703125 0.007382049560546875 0.014466552734375
2 0.24306007385253905 0.8622674560546875 0.0073822021484375 0.014466552734375
2 0.23493515014648436 0.8625167846679688 0.0073822021484375 0.014466552734375
2 0.22656021118164063 0.8622671508789063 0.0073822021484375 0.014466552734375
2 0.21943519592285157 0.86376708984375 0.007382049560546875 0.014466552734375
2 0.21212493896484375 0.8636251831054688 0.00725860595703125 0.0157501220703125
2 0.20412513732910156 0.8647503662109375 0.00725860595703125 0.0157501220703125
2 0.19625022888183594 0.8650006103515625 0.00725860595703125 0.0157501220703125
2 0.18850006103515626 0.8643756103515625 0.00725860595703125 0.0157501220703125
2 0.179375 0.8636251831054688 0.00725860595703125 0.0157501220703125
2 0.1720001220703125 0.8642507934570313 0.00725860595703125 0.0157501220703125
2 0.1645001220703125 0.8650009155273437 0.00725860595703125 0.0157501220703125
2 0.1560002899169922 0.864625244140625 0.00725860595703125 0.0157501220703125
2 0.27150009155273436 0.828563232421875 0.006029052734375 0.011875
2 0.26362518310546873 0.8274371337890625 0.0070001220703125 0.012410888671875
2 0.2562500762939453 0.8289376831054688 0.006999969482421875 0.012410888671875
2 0.2472498321533203 0.828563232421875 0.006999969482421875 0.012410888671875
2 0.23962493896484374 0.8278125 0.006999969482421875 0.012410888671875
2 0.23212509155273436 0.8278128051757813 0.006999969482421875 0.012410888671875
2 0.31912521362304686 0.8293753051757813 0.00649993896484375 0.011533203125
2 0.578695068359375 0.951915283203125 0.0108905029296875 0.007918701171875
2 0.7418754577636719 0.9733755493164062 0.01149993896484375 0.00767822265625
2 0.8302500915527343 0.954375 0.01149993896484375 0.00767822265625
2 0.7871875 0.886812744140625 0.01227935791015625 0.009625244140625
2 0.544139404296875 0.7615359497070312 0.0102520751953125 0.0142803955078125
2 0.6598838806152344 0.7941043090820312 0.01263946533203125 0.012891845703125
2 0.675211181640625 0.7905166625976563 0.0126171875 0.0129669189453125
2 0.6723361206054688 0.7773294067382812 0.01232208251953125 0.012591552734375
2 0.6657109069824219 0.7809536743164063 0.01232208251953125 0.0125921630859375
2 0.6853981018066406 0.7728286743164062 0.01365264892578125 0.01209228515625
2 0.6975859069824218 0.770704345703125 0.01183837890625 0.010592041015625
2 0.7186875915527344 0.7406253051757813 0.01140045166015625 0.0132501220703125
2 0.6877012634277344 0.7414468383789062 0.01165191650390625 0.0132537841796875
2 0.675374755859375 0.7436880493164062 0.014737548828125 0.0166253662109375
2 0.6689833068847656 0.67915283203125 0.01496429443359375 0.0076788330078125
2 0.6663677978515625 0.6582736206054688 0.01179718017578125 0.00640380859375
2 0.7276510620117187 0.6744747924804687 0.01600921630859375 0.0080767822265625
3 0.7396226501464844 0.65859619140625 0.02024200439453125 0.0088323974609375
