7 0.5773623657226562 0.9396940612792969 0.0434765625 0.06216339111328125
7 0.4843902587890625 0.90075927734375 0.04027099609375 0.0675128173828125
7 0.0596295166015625 0.8806712341308593 0.04995452880859375 0.05624176025390625
2 0.20479522705078124 0.8854165649414063 0.0274163818359375 0.0161163330078125
2 0.2934375 0.8789918518066406 0.0090447998046875 0.024248809814453126
2 0.22344573974609375 0.8143193817138672 0.03345458984375 0.01621734619140625
2 0.27844207763671874 0.6894059753417969 0.019149169921875 0.02527557373046875
2 0.31256805419921874 0.7379166412353516 0.0161419677734375 0.02416656494140625
7 0.48478424072265625 0.7675154876708984 0.0560986328125 0.048527374267578124
7 0.5211129760742188 0.7053665924072265 0.0516607666015625 0.06096527099609375
7 0.07398574829101562 0.7082501983642578 0.05125213623046875 0.05943359375
7 0.14799530029296876 0.5821540832519532 0.0428460693359375 0.044025115966796875
7 0.18292205810546874 0.4600896453857422 0.060572509765625 0.0708831024169922
7 0.24734619140625 0.361619758605957 0.0643609619140625 0.057505950927734376
7 0.0700201416015625 0.1986934471130371 0.04558807373046875 0.040097503662109374
7 0.3916995239257812 0.21696063995361328 0.0522930908203125 0.06133316040039063
2 0.20440277099609375 0.18415885925292969 0.017039794921875 0.02319183349609375
2 0.28950469970703124 0.3832546615600586 0.01704833984375 0.020440444946289063
2 0.436124267578125 0.3555424118041992 0.030267333984375 0.03068328857421875
2 0.49656494140625 0.4758363342285156 0.0245751953125 0.022427215576171874
2 0.1817645263671875 0.020273976176977158 0.0264080810546875 0.021559153199195862
7 0.48897003173828124 0.04419905662536621 0.0556292724609375 0.06698728561401367
7 0.6898416137695312 0.16195621728897094 0.04367431640625 0.05384711265563965
2 0.9888504028320313 0.14470624923706055 0.0244427490234375 0.01869821548461914
2 0.9867074584960938 0.09684881210327148 0.0244427490234375 0.01869791030883789
7 0.5958944702148438 0.574947624206543 0.067496337890625 0.06939056396484375
7 0.6161285400390625 0.640976095199585 0.0544244384765625 0.04636844635009765
2 0.9612496948242187 0.5950001525878906 0.024298095703125 0.03142860412597656
2 0.9758929443359375 0.6275000381469726 0.024298095703125 0.03142875671386719
2 0.9849453735351562 0.7588912963867187 0.0227484130859375 0.0270684814453125
2 0.766624755859375 0.7969025421142578 0.0268212890625 0.024052276611328124
7 0.95875 0.8828570556640625 0.0410711669921875 0.047132568359375
