7 0.7096051025390625 0.46543701171875 0.032996826171875 0.047362060546875
2 0.8153173828125 0.9387991333007812 0.01298828125 0.0069000244140625
2 0.83605224609375 0.862279052734375 0.013936767578125 0.00965087890625
2 0.776884765625 0.7432534790039063 0.016083984375 0.010736083984375
2 0.600477294921875 0.7857388305664063 0.008546142578125 0.0134771728515625
2 0.6067266845703125 0.7847384643554688 0.008546142578125 0.0134771728515625
2 0.6121014404296875 0.782489013671875 0.00854736328125 0.013477783203125
2 0.5814764404296875 0.7902389526367187 0.00854736328125 0.013477783203125
2 0.5942266845703125 0.7873635864257813 0.008546142578125 0.0134771728515625
2 0.502437744140625 0.619437255859375 0.0124853515625 0.0078753662109375
2 0.31413330078125 0.8783480834960937 0.011983642578125 0.0118035888671875
3 0.1540283203125 0.902052001953125 0.031192626953125 0.0171453857421875
5 0.1501397705078125 0.6782839965820312 0.03096923828125 0.017431640625
5 0.164266357421875 0.653409423828125 0.030968017578125 0.017431640625
5 0.181390380859375 0.6189093017578124 0.03096923828125 0.017431640625
5 0.218765869140625 0.5974093627929687 0.030968017578125 0.017431640625
5 0.143515625 0.7000344848632812 0.03096923828125 0.0174310302734375
3 0.11890350341796875 0.9143023681640625 0.0311932373046875 0.0171453857421875
3 0.12827888488769532 0.9015524291992187 0.03119354248046875 0.0171453857421875
3 0.161153564453125 0.8896774291992188 0.03119384765625 0.0171453857421875
3 0.1709033203125 0.868302001953125 0.031192626953125 0.0171453857421875
3 0.1356695556640625 0.8814321899414063 0.031160888671875 0.0173651123046875
3 0.143153076171875 0.86855224609375 0.031192626953125 0.0171453857421875
3 0.1492779541015625 0.85792724609375 0.031192626953125 0.0171453857421875
3 0.1776531982421875 0.8566769409179688 0.031192626953125 0.0171453857421875
3 0.1822943115234375 0.8458078002929688 0.031160888671875 0.0173651123046875
3 0.1886529541015625 0.8351773071289063 0.031192626953125 0.0171453857421875
3 0.1502789306640625 0.8480523681640625 0.031192626953125 0.0171453857421875
3 0.08890350341796875 0.86980224609375 0.0311932373046875 0.0171453857421875
3 0.06715301513671874 0.8596774291992187 0.0311932373046875 0.0171453857421875
3 0.09440399169921875 0.85855224609375 0.0311932373046875 0.0171453857421875
3 0.09902862548828124 0.8478024291992188 0.0311932373046875 0.0171453857421875
3 0.101778564453125 0.8384274291992188 0.0311932373046875 0.0171453857421875
3 0.11154449462890625 0.8251828002929688 0.0311614990234375 0.0173651123046875
3 0.077044677734375 0.8370574951171875 0.031160888671875 0.017364501953125
3 0.08240325927734375 0.8261773681640625 0.0311932373046875 0.0171453857421875
3 0.08765350341796875 0.8153024291992188 0.0311932373046875 0.0171453857421875
3 0.11365325927734375 0.8148028564453125 0.0311932373046875 0.0171453857421875
3 0.09240325927734375 0.8018023681640625 0.0311932373046875 0.0171453857421875
3 0.1276531219482422 0.7886770629882812 0.03119293212890625 0.0171453857421875
3 0.13165336608886719 0.7783026123046874 0.03119293212890625 0.01714599609375
3 0.10427825927734374 0.7798019409179687 0.0311932373046875 0.0171453857421875
3 0.10927886962890625 0.76855224609375 0.0311932373046875 0.0171453857421875
3 0.11415336608886718 0.7573019409179688 0.03119293212890625 0.01714599609375
3 0.12115287780761719 0.7460519409179688 0.03119293212890625 0.0171453857421875
3 0.1282793426513672 0.7321774291992188 0.03119293212890625 0.0171453857421875
3 0.1367779541015625 0.71105224609375 0.031192626953125 0.0171453857421875
3 0.13179443359375 0.7214324951171875 0.031160888671875 0.017364501953125
3 0.194903564453125 0.650802001953125 0.031192626953125 0.0171453857421875
3 0.18790283203125 0.6649273681640625 0.031192626953125 0.0171453857421875
3 0.180794677734375 0.6764324951171875 0.031160888671875 0.017364501953125
3 0.177403564453125 0.6865524291992188 0.03119384765625 0.0171453857421875
3 0.1720281982421875 0.69855224609375 0.031192626953125 0.0171453857421875
3 0.1670281982421875 0.7089276123046875 0.031192626953125 0.0171453857421875
3 0.1615283203125 0.7201776123046875 0.031192626953125 0.0171453857421875
3 0.1550286865234375 0.733302001953125 0.031192626953125 0.0171453857421875
3 0.1494195556640625 0.7451824951171875 0.031160888671875 0.017364501953125
3 0.1439031982421875 0.7558026123046875 0.031192626953125 0.0171453857421875
3 0.13804443359375 0.7676828002929688 0.031160888671875 0.0173651123046875
3 0.1629193115234375 0.8245574951171875 0.031160888671875 0.017364501953125
3 0.16977783203125 0.8118023681640625 0.031192626953125 0.0171453857421875
3 0.17640380859375 0.8003024291992188 0.03119384765625 0.0171453857421875
3 0.181043701171875 0.7895578002929687 0.031160888671875 0.0173651123046875
3 0.1977783203125 0.752052001953125 0.031192626953125 0.0171453857421875
3 0.193153076171875 0.82355224609375 0.031192626953125 0.0171453857421875
3 0.1996539306640625 0.8109274291992188 0.03119384765625 0.0171453857421875
3 0.2046533203125 0.7993023681640625 0.031192626953125 0.0171453857421875
3 0.208778076171875 0.7883023071289063 0.031192626953125 0.0171453857421875
3 0.2155291748046875 0.7765524291992187 0.03119384765625 0.0171453857421875
3 0.21827880859375 0.76605224609375 0.031192626953125 0.0171453857421875
3 0.22491943359375 0.7533071899414062 0.031160888671875 0.0173651123046875
3 0.2312786865234375 0.74042724609375 0.031192626953125 0.0171453857421875
3 0.2372943115234375 0.7301821899414063 0.031160888671875 0.0173651123046875
3 0.242403564453125 0.71917724609375 0.031192626953125 0.0171453857421875
3 0.2492779541015625 0.7074270629882813 0.031192626953125 0.0171453857421875
3 0.25227783203125 0.6966775512695312 0.031192626953125 0.0171453857421875
3 0.261153564453125 0.6828024291992187 0.03119384765625 0.0171453857421875
3 0.263028564453125 0.6721774291992187 0.03119384765625 0.0171453857421875
3 0.2681695556640625 0.6614328002929688 0.031160888671875 0.0173651123046875
3 0.2361529541015625 0.6736773681640625 0.031192626953125 0.0171453857421875
3 0.2266534423828125 0.6959274291992188 0.03119384765625 0.0171453857421875
3 0.21852783203125 0.7086773681640625 0.031192626953125 0.0171453857421875
3 0.2146533203125 0.72042724609375 0.031192626953125 0.0171453857421875
2 0.233714599609375 0.3136328125 0.01357177734375 0.0192352294921875
