0 0.080855712890625 0.5814703369140625 0.0258245849609375 0.02220497131347656
0 0.064749755859375 0.5970168685913086 0.0301275634765625 0.021227340698242187
0 0.09775238037109375 0.5987783813476563 0.025291748046875 0.021107940673828124
0 0.12865997314453126 0.5991396713256836 0.0249444580078125 0.02108024597167969
0 0.1165386962890625 0.5836919784545899 0.024423828125 0.020669708251953123
0 0.14604583740234375 0.5826114654541016 0.0317584228515625 0.03487258911132812
0 0.18030548095703125 0.586835708618164 0.03198486328125 0.0284576416015625
0 0.1944158935546875 0.6020820236206055 0.0271087646484375 0.023512191772460937
0 0.06143798828125 0.6777814483642578 0.0277044677734375 0.020966033935546875
0 0.0930755615234375 0.6793409729003906 0.02696533203125 0.022060546875
0 0.14491729736328124 0.6658209228515625 0.028262939453125 0.025996246337890626
0 0.17596282958984374 0.6663723754882812 0.0271038818359375 0.023307952880859375
0 0.18863525390625 0.6861817169189454 0.0259869384765625 0.018816375732421876
0 0.12179443359375 0.7658538818359375 0.0275347900390625 0.019405364990234375
0 0.15408050537109375 0.7658689880371093 0.02474609375 0.017675933837890626
0 0.186246337890625 0.7662378692626953 0.0293756103515625 0.02448516845703125
0 0.0517071533203125 0.8416315460205078 0.0393548583984375 0.035571441650390626
0 0.08755889892578125 0.8422859954833984 0.028631591796875 0.026917877197265624
0 0.119161376953125 0.8487701416015625 0.02622314453125 0.0202435302734375
0 0.15120513916015624 0.850110855102539 0.0259893798828125 0.01928497314453125
2 0.2421875 0.8970000457763672 0.00587646484375 0.012750091552734375
2 0.2443128204345703 0.9226249694824219 0.00587615966796875 0.012750091552734375
2 0.251187744140625 0.9232499694824219 0.00587646484375 0.012750091552734375
2 0.2383123779296875 0.9231250762939454 0.00587646484375 0.01274993896484375
2 0.2320623779296875 0.9231250762939454 0.00587646484375 0.01274993896484375
2 0.3533758544921875 0.8708124542236328 0.01377685546875 0.0073748779296875
2 0.333687744140625 0.9326251220703125 0.00587646484375 0.012750091552734375
2 0.3408123779296875 0.93125 0.00587646484375 0.01274993896484375
2 0.3470623779296875 0.93125 0.00587646484375 0.01274993896484375
2 0.354312744140625 0.9315000152587891 0.00587646484375 0.012750091552734375
2 0.3603125 0.9310000610351562 0.00587646484375 0.012750091552734375
2 0.3670623779296875 0.9326250457763672 0.00587646484375 0.012750091552734375
2 0.371937255859375 0.9327499389648437 0.00587646484375 0.012750091552734375
2 0.378936767578125 0.9297500610351562 0.00587646484375 0.012750091552734375
2 0.3853125 0.9301250457763672 0.00587646484375 0.012750091552734375
2 0.3920623779296875 0.9311250305175781 0.00587646484375 0.012750091552734375
2 0.425687255859375 0.9311250305175781 0.00587646484375 0.012750091552734375
2 0.4321875 0.9311250305175781 0.00587646484375 0.012750091552734375
2 0.438062744140625 0.9311250305175781 0.00587646484375 0.012750091552734375
2 0.354375 0.8969374847412109 0.01377685546875 0.007375030517578125
2 0.9746539306640625 0.9734143829345703 0.014556884765625 0.008578643798828126
2 0.72035400390625 0.71098876953125 0.015206298828125 0.00772735595703125
2 0.7357501220703125 0.639437484741211 0.00625 0.01412506103515625
2 0.7197283935546875 0.703238754272461 0.015206298828125 0.007727508544921875
