0 0.02620513916015625 0.03761085510253906 0.0259893798828125 0.01928497314453125
0 0.019224853515625 0.23533836364746094 0.02247802734375 0.025974578857421875
0 0.1891748046875 0.2083454895019531 0.023839111328125 0.026529388427734377
0 0.273187255859375 0.22165138244628907 0.022203369140625 0.019526214599609376
0 0.390267333984375 0.20836212158203124 0.025914306640625 0.027553558349609375
0 0.009477081298828125 0.9769369506835938 0.019141845703125 0.02037506103515625
0 0.02771514892578125 0.9738436889648437 0.021494140625 0.0268426513671875
0 0.0444598388671875 0.9752821350097656 0.0258740234375 0.0246575927734375
0 0.06542236328125 0.9743429565429688 0.0273651123046875 0.029208984375
0 0.08591583251953125 0.9745072937011718 0.0231256103515625 0.02349639892578125
0 0.10508087158203125 0.9744389343261719 0.023370361328125 0.028826904296875
0 0.123870849609375 0.9745448303222656 0.024833984375 0.025941162109375
0 0.269510498046875 0.9769589233398438 0.027723388671875 0.0248663330078125
0 0.3034088134765625 0.9771003723144531 0.026990966796875 0.02524383544921875
0 0.206319580078125 0.9767802429199218 0.02668701171875 0.02403045654296875
0 0.5218609619140625 0.9113894653320312 0.022445068359375 0.027667236328125
0 0.528011474609375 0.9765103149414063 0.024658203125 0.022572021484375
0 0.4658331298828125 0.9777384948730469 0.02713623046875 0.0258099365234375
2 0.1171875 0.08450004577636719 0.00587646484375 0.012750091552734375
2 0.11931282043457031 0.11012496948242187 0.00587615966796875 0.012750091552734375
2 0.126187744140625 0.11074996948242187 0.00587646484375 0.012750091552734375
2 0.1133123779296875 0.11062507629394532 0.00587646484375 0.01274993896484375
2 0.1070623779296875 0.11062507629394532 0.00587646484375 0.01274993896484375
2 0.2283758544921875 0.05831245422363281 0.01377685546875 0.0073748779296875
2 0.208687744140625 0.1201251220703125 0.00587646484375 0.012750091552734375
2 0.2158123779296875 0.11875 0.00587646484375 0.01274993896484375
2 0.2220623779296875 0.11875 0.00587646484375 0.01274993896484375
2 0.229312744140625 0.11900001525878906 0.00587646484375 0.012750091552734375
2 0.2353125 0.11850006103515626 0.00587646484375 0.012750091552734375
2 0.2420623779296875 0.12012504577636719 0.00587646484375 0.012750091552734375
2 0.246937255859375 0.12024993896484375 0.00587646484375 0.012750091552734375
2 0.253936767578125 0.11725006103515626 0.00587646484375 0.012750091552734375
2 0.2603125 0.11762504577636719 0.00587646484375 0.012750091552734375
2 0.2670623779296875 0.11862503051757813 0.00587646484375 0.012750091552734375
2 0.300687255859375 0.11862503051757813 0.00587646484375 0.012750091552734375
2 0.3071875 0.11862503051757813 0.00587646484375 0.012750091552734375
2 0.313062744140625 0.11862503051757813 0.00587646484375 0.012750091552734375
2 0.229375 0.08443748474121093 0.01377685546875 0.007375030517578125
2 0.844124755859375 0.2043750762939453 0.017357177734375 0.009250030517578126
2 0.8496539306640625 0.1609143829345703 0.014556884765625 0.008578643798828126
2 0.8749041748046875 0.1716644287109375 0.014556884765625 0.008578643798828126
2 0.8727789306640625 0.1811643981933594 0.014556884765625 0.008578643798828126
2 0.8759039306640625 0.15416450500488282 0.014556884765625 0.008578643798828126
2 0.8805291748046875 0.13166435241699218 0.014556884765625 0.008578643798828126
2 0.9734039306640625 0.23053939819335936 0.014556884765625 0.008578643798828126
2 0.9735296630859375 0.23828948974609376 0.014556884765625 0.008578643798828126
2 0.9695294189453125 0.24991439819335937 0.014556884765625 0.008578643798828126
4 0.917647705078125 0.19988105773925782 0.010982666015625 0.01886962890625
4 0.9288165283203125 0.12159225463867188 0.010958251953125 0.019877777099609376
2 0.988529052734375 0.10953933715820313 0.014556884765625 0.008578643798828126
2 0.9866546630859375 0.12441429138183593 0.014556884765625 0.008578643798828126
