5 0.45549072265625 0.2956659126281738 0.0329144287109375 0.07215999603271485
5 0.5849006652832032 0.3307502746582031 0.03291473388671875 0.0721600341796875
5 0.6612042236328125 0.3497303009033203 0.03291473388671875 0.0721600341796875
5 0.714310302734375 0.36564300537109373 0.03291473388671875 0.07216018676757813
2 0.40139663696289063 0.27177139282226564 0.02491668701171875 0.05052696228027344
2 0.45911972045898436 0.14411483764648436 0.012742919921875 0.026982173919677735
2 0.44452987670898436 0.2666156005859375 0.02519134521484375 0.05470348358154297
2 0.4721368408203125 0.3101993751525879 0.0261474609375 0.04984661102294922
5 0.618421630859375 0.3568239593505859 0.0228704833984375 0.04146484375
5 0.4152360534667969 0.2981604194641113 0.01912200927734375 0.03139232635498047
2 0.5263291931152344 0.3255367660522461 0.0261474609375 0.049846649169921875
2 0.5455014038085938 0.3314162063598633 0.0261474609375 0.049846649169921875
2 0.5631390380859375 0.3344836044311523 0.0261474609375 0.049846649169921875
2 0.5610939025878906 0.27057762145996095 0.0261474609375 0.049846649169921875
2 0.582310791015625 0.27390079498291015 0.0261474609375 0.049846649169921875
2 0.645194091796875 0.33371681213378906 0.0261474609375 0.049846649169921875
