2 0.161875 0.34649993896484377 0.005 0.01274993896484375
2 0.22023086547851561 0.3591830444335937 0.006288604736328125 0.01263427734375
2 0.10356246948242187 0.3552500152587891 0.014375 0.00625
2 0.1034375 0.34887496948242186 0.014375 0.00625
2 0.10331253051757812 0.3423750305175781 0.014375 0.00625
2 0.10418746948242187 0.3342500305175781 0.014375 0.00625
2 0.10456253051757812 0.32775001525878905 0.014375 0.00625
2 0.10543746948242187 0.32212501525878906 0.014375 0.00625
2 0.1053125 0.3161250305175781 0.014375 0.00625
2 0.16887496948242187 0.34675003051757813 0.005 0.01274993896484375
2 0.17462501525878907 0.3466250610351562 0.005 0.01274993896484375
2 0.18175003051757813 0.34675003051757813 0.005 0.01274993896484375
2 0.18125 0.36137496948242187 0.005 0.01274993896484375
2 0.17525001525878905 0.36125 0.005 0.01274993896484375
2 0.16875 0.360625 0.005 0.01274993896484375
2 0.161875 0.360625 0.005 0.01274993896484375
2 0.18824996948242187 0.36125 0.005 0.01274993896484375
2 0.194375 0.36212493896484377 0.005 0.01274993896484375
2 0.200625 0.36125 0.005 0.01274993896484375
2 0.20637496948242187 0.36037506103515626 0.005 0.01274993896484375
2 0.21412498474121094 0.35962493896484377 0.005 0.01274993896484375
2 0.21375 0.34725006103515627 0.005 0.01274993896484375
2 0.21987503051757812 0.34725006103515627 0.005 0.01274993896484375
2 0.22650001525878907 0.3466250610351562 0.005 0.01274993896484375
2 0.22650001525878907 0.35887496948242187 0.005 0.01274993896484375
2 0.23212501525878906 0.35987503051757813 0.005 0.01274993896484375
2 0.23887496948242187 0.36037506103515626 0.005 0.01274993896484375
2 0.23887496948242187 0.34725006103515627 0.005 0.01274993896484375
2 0.20087501525878906 0.34612503051757815 0.005 0.01274993896484375
2 0.20724998474121092 0.3466250610351562 0.005 0.01274993896484375
2 0.18775001525878907 0.315 0.005 0.01274993896484375
2 0.195 0.314375 0.005 0.01274993896484375
2 0.20125 0.31524993896484377 0.005 0.01274993896484375
2 0.2082499694824219 0.3153750610351562 0.005 0.01274993896484375
2 0.22137496948242188 0.31524993896484377 0.005 0.01274993896484375
2 0.22787498474121093 0.31524993896484377 0.005 0.01274993896484375
2 0.23487503051757813 0.31487503051757815 0.005 0.01274993896484375
2 0.241875 0.31550003051757813 0.005 0.01274993896484375
2 0.19362503051757812 0.345625 0.005 0.01274993896484375
2 0.160625 0.3892500305175781 0.005 0.01274993896484375
2 0.1613749694824219 0.40350006103515623 0.005 0.01274993896484375
2 0.17449996948242188 0.39212493896484374 0.005 0.01274993896484375
2 0.16775001525878908 0.3927499389648437 0.005 0.01274993896484375
2 0.16800003051757811 0.4051249694824219 0.005 0.01274993896484375
2 0.18050003051757812 0.404375 0.005 0.01274993896484375
2 0.18675003051757813 0.40574996948242187 0.005 0.01274993896484375
2 0.19300003051757814 0.40362503051757814 0.005 0.01274993896484375
2 0.19962501525878906 0.4048750305175781 0.005 0.01274993896484375
2 0.206875 0.4048750305175781 0.005 0.01274993896484375
2 0.21275001525878906 0.40462493896484375 0.005 0.01274993896484375
2 0.21887496948242188 0.40574996948242187 0.005 0.01274993896484375
2 0.22599998474121094 0.40387496948242185 0.005 0.01274993896484375
2 0.23150001525878905 0.40725006103515626 0.005 0.01274993896484375
2 0.23862503051757813 0.404375 0.005 0.01274993896484375
2 0.18137496948242188 0.38975006103515625 0.005 0.01274993896484375
2 0.18699996948242187 0.3917500305175781 0.005 0.01274993896484375
2 0.19300003051757814 0.39012496948242187 0.005 0.01274993896484375
2 0.20087501525878906 0.39050003051757814 0.005 0.01274993896484375
2 0.20599998474121095 0.38962493896484374 0.005 0.01274993896484375
2 0.22612503051757812 0.39037506103515623 0.005 0.01274993896484375
2 0.23150001525878905 0.3902499389648437 0.005 0.01274993896484375
3 0.07650001525878906 0.5332499694824219 0.007750091552734375 0.037647705078125
2 0.10556251525878907 0.24900001525878906 0.014375 0.00625
2 0.10231246948242187 0.229375 0.014375 0.00625
2 0.16212501525878906 0.22649993896484374 0.005 0.01274993896484375
2 0.1875 0.21449996948242187 0.005 0.01274993896484375
2 0.20625 0.22737503051757812 0.005 0.01274993896484375
2 0.21925003051757813 0.22612503051757812 0.005 0.01274993896484375
2 0.24574996948242187 0.21350006103515626 0.005 0.01274993896484375
2 0.17287498474121094 0.18387496948242188 0.005 0.01274993896484375
2 0.18637496948242188 0.184375 0.005 0.01274993896484375
2 0.17487503051757813 0.166875 0.005 0.01274993896484375
2 0.16012496948242189 0.18262496948242188 0.005 0.01274993896484375
2 0.14724998474121093 0.18399993896484376 0.005 0.01274993896484375
2 0.13474998474121094 0.18362503051757811 0.005 0.01274993896484375
2 0.002000007629394531 0.14649993896484376 0.004000015258789062 0.01274993896484375
2 0.008125 0.14550003051757812 0.005 0.01274993896484375
2 0.02 0.144375 0.005 0.01274993896484375
2 0.006125030517578125 0.18712493896484375 0.005 0.01274993896484375
2 0.012874984741210937 0.175625 0.005 0.01274993896484375
2 0.013625030517578124 0.18887496948242188 0.005 0.01274993896484375
2 0.025625 0.17600006103515625 0.005 0.01274993896484375
2 0.019875030517578125 0.22412506103515625 0.005 0.01274993896484375
2 0.7582530212402344 0.172945556640625 0.011243896484375 0.014640960693359375
