7 0.287061767578125 0.8828494262695312 0.0537335205078125 0.0246588134765625
2 0.245 0.007500152587890625 0.0284979248046875 0.01321441650390625
2 0.7656405639648437 0.05761077880859375 0.0103875732421875 0.023553466796875
2 0.7836862182617188 0.06047775268554687 0.0111016845703125 0.03067779541015625
2 0.9873193359375 0.19960235595703124 0.014986572265625 0.029962158203125
2 0.9916665649414063 0.23090240478515625 0.0104766845703125 0.025694580078125
7 0.6821636962890625 0.330001220703125 0.056612548828125 0.06967529296875
7 0.6529437255859375 0.5930899047851562 0.0550396728515625 0.0520306396484375
2 0.7757403564453125 0.5468927001953126 0.0264801025390625 0.01177001953125
2 0.7638653564453125 0.5961288452148438 0.0264801025390625 0.01177001953125
2 0.978646240234375 0.5401043701171875 0.025142822265625 0.0163189697265625
2 0.8970486450195313 0.8543399047851562 0.0329864501953125 0.0157672119140625
2 0.6630859375 0.8673797607421875 0.066724853515625 0.04764404296875
