2 0.029554948806762696 0.5370626831054688 0.012890081405639648 0.007384033203125
2 0.051870841979980466 0.543804931640625 0.014491605758666991 0.0088909912109375
2 0.025812497138977052 0.6060003662109374 0.015124993324279785 0.0067608642578125
2 0.09795618057250977 0.59494140625 0.01441232681274414 0.007117919921875
6 0.023875000476837157 0.5561874389648438 0.009000000953674316 0.0098748779296875
2 0.006812408119440078 0.7668753051757813 0.010125107169151305 0.01440673828125
2 0.14899319648742676 0.7768215942382812 0.012764072418212891 0.008150634765625
2 0.10774998664855957 0.8565621948242188 0.014000015258789062 0.006624755859375
2 0.10843748092651367 0.8774374389648437 0.012625160217285157 0.006905517578125
2 0.10817522048950196 0.8970413208007812 0.0153997802734375 0.0076824951171875
2 0.12248997688293457 0.8435098266601563 0.01177021026611328 0.0072698974609375
2 0.12268746376037598 0.8643118286132813 0.01087503433227539 0.00615478515625
2 0.10831110000610351 0.9055886840820313 0.011377773284912109 0.0069281005859375
2 0.07306561470031739 0.8657464599609375 0.012131223678588867 0.0054931640625
2 0.059440598487854004 0.86899658203125 0.012131233215332032 0.0054931640625
2 0.059815587997436526 0.8767465209960937 0.012131223678588867 0.0054931640625
2 0.05906558990478516 0.8851214599609375 0.012131223678588867 0.0054931640625
2 0.1690625 0.9955624389648438 0.01237499237060547 0.005625
2 0.15556249618530274 0.9964373779296875 0.01237499237060547 0.005625
2 0.15381250381469727 0.9890625 0.01237499237060547 0.005625
2 0.1551874828338623 0.9826870727539062 0.012375011444091796 0.005625
2 0.15443750381469726 0.9750625610351562 0.01237499237060547 0.005625
2 0.16943748474121093 0.9804373168945313 0.01237499237060547 0.005625
2 0.17068748474121093 0.9699371337890625 0.01237499237060547 0.005625
2 0.17006248474121094 0.962562255859375 0.01237499237060547 0.005625
2 0.12293750762939454 0.9955621337890626 0.01237499237060547 0.005625
2 0.1090625 0.9963125610351562 0.01237499237060547 0.005625
2 0.10768749237060547 0.9898126220703125 0.01237499237060547 0.005625
2 0.10818750381469727 0.9815625 0.01237499237060547 0.005625
2 0.1221875 0.9823126220703124 0.01237499237060547 0.005625
2 0.10768749237060547 0.9753125 0.01237499237060547 0.005625
2 0.059749999046325684 0.9964373779296875 0.011999998092651367 0.005875244140625
2 0.05987499713897705 0.9895620727539063 0.012000007629394531 0.005875244140625
2 0.06 0.983812255859375 0.011999998092651367 0.005875244140625
2 0.05849999904632568 0.9764373779296875 0.011999998092651367 0.005875244140625
2 0.05875 0.969937744140625 0.011999998092651367 0.005875244140625
2 0.07337500095367432 0.976187744140625 0.011999998092651367 0.005875244140625
2 0.07424999713897705 0.9964373779296875 0.011999998092651367 0.005875244140625
2 0.07449999809265137 0.9903121948242187 0.012000007629394531 0.005875244140625
2 0.07375 0.9839373779296875 0.011999998092651367 0.005875244140625
2 0.025 0.9983123779296875 0.011999998092651367 0.005875244140625
2 0.025374999046325685 0.9910626220703125 0.011999998092651367 0.005875244140625
2 0.025999999046325682 0.9848126220703125 0.011999998092651367 0.005875244140625
2 0.026999998092651366 0.9779376220703125 0.011999998092651367 0.005875244140625
2 0.010250000953674317 0.9966876220703125 0.012000000476837159 0.005875244140625
2 0.009750000238418578 0.990687255859375 0.012000000476837159 0.005875244140625
2 0.010749999284744263 0.9840625 0.012000000476837159 0.005875244140625
2 0.011124999523162841 0.9771875 0.012000000476837159 0.005875244140625
2 0.21799999237060547 0.9958749389648438 0.013249969482421875 0.0067498779296875
2 0.20075000762939454 0.9889999389648437 0.013249969482421875 0.0067498779296875
2 0.20225000381469727 0.9814999389648438 0.01325000762939453 0.0067498779296875
2 0.20387498855590822 0.9694998168945312 0.013249969482421875 0.00675048828125
2 0.20237499237060547 0.9621249389648437 0.013249969482421875 0.0067498779296875
2 0.21912498474121095 0.9738748168945313 0.01325000762939453 0.00675048828125
2 0.25174999237060547 0.986875 0.013249969482421875 0.0067498779296875
2 0.29875 0.9946875 0.012999992370605468 0.006881103515625
2 0.21825000762939453 0.773062744140625 0.012750015258789063 0.005875244140625
2 0.19012500762939452 0.773062744140625 0.012750015258789063 0.005875244140625
2 0.23362499237060547 0.772562255859375 0.012750015258789063 0.005875244140625
2 0.23987499237060547 0.7916876220703125 0.012750015258789063 0.005875244140625
2 0.22205768585205077 0.7957925415039062 0.0128656005859375 0.0110845947265625
2 0.28275001525878907 0.7914999389648437 0.011999969482421874 0.0060009765625
2 0.2969999885559082 0.7725 0.011999969482421874 0.0060009765625
2 0.28262502670288087 0.7732498168945312 0.012000236511230469 0.006002197265625
2 0.2653750228881836 0.772750244140625 0.011999969482421874 0.0060009765625
2 0.3246250104904175 0.7904998779296875 0.011999988555908203 0.0060009765625
2 0.32662498474121093 0.7716250610351563 0.012000274658203126 0.006002197265625
0 0.29317426681518555 0.6185647583007813 0.021711463928222655 0.0252777099609375
0 0.21458328247070313 0.616956787109375 0.019895782470703127 0.02939453125
0 0.21706836700439452 0.5785140991210938 0.020342864990234376 0.0287054443359375
0 0.2156924819946289 0.5396420288085938 0.020051040649414063 0.0281146240234375
0 0.2940592956542969 0.5378509521484375 0.022153053283691406 0.0294873046875
0 0.29431249618530275 0.499375 0.018125 0.02625
0 0.12947409629821777 0.6474868774414062 0.027883892059326173 0.030177001953125
0 0.13782873153686523 0.611051025390625 0.01823230743408203 0.0289178466796875
0 0.13863945960998536 0.53075439453125 0.018469409942626955 0.0259796142578125
0 0.16211874008178712 0.4949658203125 0.033758201599121095 0.0322467041015625
0 0.19146120071411132 0.470472412109375 0.03315868377685547 0.0294952392578125
0 0.22692087173461914 0.45257843017578125 0.034494972229003905 0.028779296875
0 0.3916446304321289 0.497950439453125 0.02114418029785156 0.0285882568359375
0 0.3917537689208984 0.5390774536132813 0.02190773010253906 0.028319091796875
0 0.39139781951904296 0.578172607421875 0.02190773010253906 0.0283197021484375
0 0.3893266296386719 0.61833984375 0.02190773010253906 0.0283197021484375
0 0.47902172088623046 0.6179440307617188 0.02190681457519531 0.0282415771484375
0 0.48016666412353515 0.5757785034179688 0.02190681457519531 0.0282415771484375
0 0.5433531188964844 0.5403500366210937 0.02577690124511719 0.0288616943359375
0 0.5438194656372071 0.4982235717773438 0.024308624267578124 0.0287274169921875
0 0.6432472229003906 0.6062722778320313 0.021456451416015626 0.028585205078125
2 0.6418751525878906 0.6607501220703125 0.006001434326171875 0.0135003662109375
2 0.3728287887573242 0.790997314453125 0.011999969482421874 0.0060009765625
2 0.3634206390380859 0.7718136596679688 0.012000274658203126 0.006002197265625
2 0.34593097686767577 0.7707473754882812 0.011999969482421874 0.0060009765625
2 0.38448936462402344 0.7717669677734375 0.011999969482421874 0.0060009765625
2 0.4209622955322266 0.7892098999023438 0.011999969482421874 0.0060009765625
2 0.4231547164916992 0.7710684204101562 0.012000274658203126 0.006002197265625
2 0.43903316497802736 0.7716964721679688 0.011999969482421874 0.0060009765625
2 0.4586917495727539 0.7905734252929687 0.012000274658203126 0.006002197265625
2 0.47190242767333984 0.7714694213867187 0.01292083740234375 0.005347900390625
2 0.3486917495727539 0.826949462890625 0.012000274658203126 0.006002197265625
2 0.36274539947509765 0.8326608276367188 0.011999969482421874 0.0060009765625
2 0.36246131896972655 0.8398065185546875 0.011999969482421874 0.0060009765625
2 0.36348060607910154 0.8470828247070312 0.012000274658203126 0.006002197265625
2 0.3469034194946289 0.861005859375 0.012000274658203126 0.006002197265625
2 0.39536792755126954 0.8677603149414063 0.012000274658203126 0.006002197265625
2 0.3971693420410156 0.8531378173828125 0.011999969482421874 0.0060009765625
2 0.4107015991210938 0.8609353637695313 0.011999969482421874 0.0060009765625
2 0.4111995315551758 0.8792901611328126 0.012000274658203126 0.006002197265625
2 0.40948158264160156 0.921759033203125 0.011999969482421874 0.0060009765625
2 0.39564170837402346 0.9136544799804688 0.012000274658203126 0.006002197265625
2 0.4093042755126953 0.9071133422851563 0.011999969482421874 0.0060009765625
2 0.4435614013671875 0.9202545166015625 0.011999969482421874 0.0060009765625
2 0.4580060958862305 0.9135833740234375 0.012000274658203126 0.006002197265625
2 0.45863441467285154 0.9000045776367187 0.011999969482421874 0.0060009765625
2 0.4430999755859375 0.9010235595703125 0.011999969482421874 0.0060009765625
2 0.44437992095947265 0.8809268188476562 0.011999969482421874 0.0060009765625
2 0.45778186798095705 0.8796005249023438 0.011999969482421874 0.0060009765625
2 0.46062602996826174 0.8665426635742187 0.011999969482421874 0.0060009765625
2 0.4414420318603516 0.8600021362304687 0.012000274658203126 0.006002197265625
2 0.4429826354980469 0.8512451171875 0.011999969482421874 0.0060009765625
2 0.4433502197265625 0.8398818969726562 0.012000274658203126 0.006002197265625
2 0.44215362548828124 0.833341064453125 0.011999969482421874 0.0060009765625
2 0.4435639953613281 0.826409912109375 0.012000274658203126 0.006002197265625
2 0.45826938629150393 0.8465896606445312 0.011999969482421874 0.0060009765625
2 0.45772457122802734 0.8401791381835938 0.012000274658203126 0.006002197265625
2 0.4574404144287109 0.8320745849609374 0.011999969482421874 0.0060009765625
2 0.6394375610351563 0.9938748168945313 0.011125030517578125 0.005755615234375
2 0.6060000610351562 0.9211880493164063 0.013259429931640625 0.0071246337890625
3 0.678062515258789 0.9490628051757812 0.008625030517578125 0.0255548095703125
2 0.5405621719360352 0.9144290161132812 0.016624298095703125 0.0088580322265625
2 0.5567499923706055 0.9133123779296874 0.01375 0.008125
2 0.556875114440918 0.9206915283203125 0.0132501220703125 0.0066326904296875
2 0.5405017852783203 0.9216879272460937 0.013246688842773437 0.0066253662109375
2 0.5886250305175781 0.90643798828125 0.013259506225585938 0.0071246337890625
2 0.6040054321289062 0.8993051147460938 0.012260894775390625 0.006859130859375
2 0.5897554779052734 0.8930545043945313 0.012260894775390625 0.006859130859375
2 0.5902554702758789 0.8865542602539063 0.012260894775390625 0.0068585205078125
2 0.5855055236816407 0.8791793823242188 0.012260665893554687 0.00685791015625
2 0.5847554779052735 0.8711795043945313 0.012260894775390625 0.006859130859375
2 0.5557553863525391 0.9060543823242188 0.012260665893554687 0.00685791015625
2 0.5547554397583008 0.9000543212890625 0.012260665893554687 0.00685791015625
2 0.554755516052246 0.8936801147460938 0.012260894775390625 0.006859130859375
2 0.554880485534668 0.8871798706054688 0.012260894775390625 0.0068585205078125
2 0.5548805618286132 0.8805551147460937 0.012260894775390625 0.006859130859375
2 0.555130500793457 0.8739297485351563 0.012260894775390625 0.0068585205078125
2 0.5542555618286132 0.8659295654296875 0.012260894775390625 0.0068585205078125
2 0.5538804244995117 0.8588040161132813 0.012260665893554687 0.00685791015625
2 0.5547554016113281 0.8523046875 0.012260665893554687 0.00685791015625
2 0.555130500793457 0.8453042602539063 0.012260894775390625 0.0068585205078125
2 0.555755500793457 0.8385546875 0.012260665893554687 0.00685791015625
2 0.5400054931640625 0.8999301147460937 0.012260894775390625 0.006859130859375
2 0.5397554397583008 0.8935546875 0.012260665893554687 0.00685791015625
2 0.5393733978271484 0.8860260009765625 0.013503265380859376 0.006552734375
2 0.540748519897461 0.873026123046875 0.013503189086914063 0.0065521240234375
2 0.5407484817504883 0.866151123046875 0.013503189086914063 0.0065521240234375
2 0.5382484817504882 0.8597760009765625 0.013503189086914063 0.0065521240234375
2 0.5406305313110351 0.8524301147460938 0.012260894775390625 0.006859130859375
2 0.5402555084228515 0.845804443359375 0.012260894775390625 0.006859130859375
2 0.5416304779052734 0.8379296875 0.012260665893554687 0.00685791015625
2 0.5425053787231445 0.8325543212890625 0.012260665893554687 0.00685791015625
2 0.5432553863525391 0.8260540771484375 0.012260665893554687 0.00685791015625
2 0.6407813262939454 0.8420944213867188 0.014187469482421874 0.0141876220703125
2 0.6235000991821289 0.8251254272460937 0.012249984741210938 0.0121783447265625
2 0.6118125152587891 0.813125 0.012624969482421875 0.0133062744140625
2 0.5984374618530274 0.8006875610351563 0.011625289916992188 0.0118310546875
2 0.5881876373291015 0.7889373779296875 0.0116253662109375 0.0118310546875
2 0.5691251373291015 0.7734375 0.01225006103515625 0.011060791015625
2 0.551403465270996 0.7697515869140625 0.01130706787109375 0.0052532958984375
2 0.5326534652709961 0.7707516479492188 0.01130706787109375 0.0052532958984375
2 0.5135285186767579 0.7708767700195313 0.011307220458984375 0.00525390625
2 0.6627603149414063 0.8202450561523438 0.012479400634765625 0.0122406005859375
2 0.6540261077880859 0.8089663696289062 0.01380279541015625 0.01393310546875
2 0.6306256866455078 0.7876171875 0.013251113891601562 0.012733154296875
2 0.6195007705688477 0.7766171264648437 0.013251190185546874 0.012733154296875
2 0.6026257705688477 0.7609921264648437 0.013251190185546874 0.012733154296875
3 0.7185629272460937 0.7760733032226562 0.023387908935546875 0.0096466064453125
2 0.6789999389648438 0.765999755859375 0.00625 0.0145001220703125
2 0.6719998931884765 0.7646246337890625 0.00625 0.0145001220703125
2 0.6799999237060547 0.7494998168945313 0.00625 0.01449951171875
2 0.6631249237060547 0.7493746948242187 0.00625 0.0145001220703125
2 0.6639999389648438 0.7648745727539062 0.00625 0.01449951171875
2 0.6552499389648437 0.764749755859375 0.00625 0.0145001220703125
2 0.6479999542236328 0.749124755859375 0.00625 0.0145001220703125
2 0.6409999084472656 0.7488748168945313 0.00625 0.01449951171875
2 0.6786251068115234 0.716187744140625 0.006003875732421875 0.0123748779296875
2 0.7204999542236328 0.7210626220703125 0.01350006103515625 0.0063861083984375
2 0.7215582275390625 0.7133050537109376 0.012383880615234375 0.0068603515625
2 0.6613751983642578 0.71581298828125 0.006003875732421875 0.0123748779296875
2 0.6446250915527344 0.7159375 0.006003875732421875 0.0123748779296875
2 0.6177500534057617 0.7169381713867188 0.006003952026367188 0.0123748779296875
2 0.5822499847412109 0.7159381103515625 0.006003952026367188 0.0123748779296875
0 0.7537712097167969 0.6570443725585937 0.01889984130859375 0.02881103515625
0 0.7607044982910156 0.7362582397460937 0.020865020751953126 0.0276275634765625
0 0.8344212341308593 0.7713677978515625 0.024530792236328126 0.0351519775390625
0 0.8378086090087891 0.7323532104492188 0.02868255615234375 0.03122314453125
0 0.8393675994873047 0.6942642211914063 0.02517059326171875 0.0309246826171875
0 0.8402726745605469 0.6561578369140625 0.027296905517578126 0.02976806640625
0 0.8456000518798829 0.6094390869140625 0.03361557006835938 0.0456329345703125
0 0.7588619232177735 0.8962979125976562 0.01466033935546875 0.0274945068359375
0 0.8259036254882812 0.855965576171875 0.022167205810546875 0.030213623046875
0 0.830986328125 0.812857666015625 0.0184967041015625 0.030191650390625
3 0.8141911315917969 0.907525634765625 0.00811798095703125 0.0268011474609375
3 0.846626968383789 0.9148348999023438 0.008756866455078125 0.0224200439453125
5 0.8692500305175781 0.9168124389648438 0.007085113525390625 0.0141253662109375
0 0.9398712921142578 0.7686154174804688 0.042225494384765624 0.0437396240234375
0 0.9394784545898438 0.7185983276367187 0.04996002197265625 0.03478759765625
0 0.9434261322021484 0.6741851806640625 0.03760696411132813 0.0427020263671875
2 0.936500244140625 0.9577569580078125 0.01275054931640625 0.00699462890625
2 0.9351252746582032 0.9186325073242188 0.01275054931640625 0.00699462890625
2 0.9681253051757812 0.953507080078125 0.012750701904296875 0.0069952392578125
2 0.9883753204345703 0.9528823852539062 0.01275054931640625 0.0069952392578125
2 0.9857502746582031 0.9443826293945312 0.01275054931640625 0.00699462890625
2 0.991875 0.9823751831054688 0.00725860595703125 0.0157501220703125
2 0.9845001220703125 0.9830007934570313 0.00725860595703125 0.0157501220703125
2 0.9770001220703125 0.9837509155273437 0.00725860595703125 0.0157501220703125
2 0.9685002899169922 0.983375244140625 0.00725860595703125 0.0157501220703125
