2 0.05632659912109375 0.8650497436523438 0.0154034423828125 0.0085992431640625
2 0.11570205688476562 0.8533712768554688 0.01265380859375 0.008492431640625
2 0.20199996948242188 0.8235006713867188 0.011500244140625 0.0086798095703125
2 0.31962501525878906 0.8751254272460938 0.005749969482421875 0.0091961669921875
2 0.24554618835449218 0.8165542602539062 0.0111334228515625 0.0073583984375
2 0.2663104248046875 0.8111605834960938 0.0093701171875 0.0063201904296875
2 0.3142267608642578 0.8165951538085937 0.013203582763671874 0.007440185546875
2 0.3509352111816406 0.7949102783203125 0.0093701171875 0.0063201904296875
2 0.13919334411621093 0.6392825317382812 0.01111358642578125 0.0076849365234375
2 0.1349432373046875 0.6157827758789063 0.01111328125 0.007684326171875
2 0.13556846618652343 0.603907470703125 0.01111328125 0.007684326171875
2 0.1536933135986328 0.5805325317382812 0.01111328125 0.007684326171875
2 0.15125007629394532 0.569312744140625 0.010750274658203125 0.007899169921875
2 0.12812507629394532 0.5680633544921875 0.010750274658203125 0.007899169921875
2 0.1268749237060547 0.5589376831054688 0.010750274658203125 0.007899169921875
2 0.12400009155273438 0.5528125 0.010750579833984374 0.007899169921875
5 0.28433921813964846 0.5851458740234375 0.00782196044921875 0.013209228515625
5 0.3578125762939453 0.5401251220703125 0.01164459228515625 0.007249755859375
5 0.3608125305175781 0.5317507934570312 0.01164459228515625 0.007249755859375
5 0.36006248474121094 0.5252499389648437 0.01164459228515625 0.007249755859375
5 0.3547792816162109 0.5060888671875 0.015058746337890625 0.00792724609375
5 0.35265426635742186 0.5003390502929688 0.01505859375 0.00792724609375
5 0.3531876373291016 0.4944384765625 0.010625 0.0069122314453125
5 0.35137481689453126 0.48943756103515623 0.01550018310546875 0.0079498291015625
0 0.5269892883300781 0.1687640380859375 0.0398291015625 0.039808349609375
0 0.49311981201171873 0.1983502197265625 0.05114990234375 0.0513995361328125
2 0.45293632507324216 0.13048702239990234 0.015877685546875 0.0132244873046875
2 0.4700909423828125 0.1061956787109375 0.012681884765625 0.01335906982421875
2 0.4770909118652344 0.0970703125 0.012681884765625 0.01335906982421875
2 0.48084075927734377 0.09182052612304688 0.012681884765625 0.01335906982421875
5 0.8048748779296875 0.865 0.01600006103515625 0.0208349609375
5 0.7944216918945313 0.7630667114257812 0.00590728759765625 0.0154046630859375
5 0.8463748168945312 0.7943124389648437 0.02272125244140625 0.006875
2 0.8433711242675781 0.767041015625 0.00601287841796875 0.01091796875
2 0.8381211853027344 0.767415771484375 0.00601287841796875 0.01091796875
2 0.832496337890625 0.7682907104492187 0.00601287841796875 0.01091796875
2 0.8172463989257812 0.7705410766601563 0.0060125732421875 0.0109185791015625
2 0.8115625 0.770999755859375 0.0059136962890625 0.010999755859375
2 0.8579963684082031 0.7654156494140625 0.0060125732421875 0.01091796875
2 0.3780747222900391 0.788861083984375 0.0113507080078125 0.0072216796875
2 0.4171996307373047 0.78298583984375 0.0113507080078125 0.0072216796875
2 0.7033181762695313 0.7492950439453125 0.0106365966796875 0.006158447265625
2 0.6976934814453125 0.7441702270507813 0.0106365966796875 0.006158447265625
2 0.5066250610351563 0.37 0.009580078125 0.009000244140625
2 0.896219482421875 0.7059954833984375 0.0091900634765625 0.005440673828125
2 0.973941650390625 0.6952688598632812 0.01567138671875 0.0058551025390625
2 0.9437007141113282 0.5413153076171875 0.0131512451171875 0.0056207275390625
2 0.9454507446289062 0.534564208984375 0.01315155029296875 0.0056201171875
