0 0.14353759765625 0.918697509765625 0.0344287109375 0.0280419921875
2 0.0988677978515625 0.6517062377929688 0.0179254150390625 0.007071533203125
2 0.09922149658203125 0.640567626953125 0.0179254150390625 0.007071533203125
2 0.801871337890625 0.6971572875976563 0.007464599609375 0.0194586181640625
2 0.8126437377929687 0.6938934326171875 0.0077587890625 0.019681396484375
2 0.8218392944335937 0.6924575805664063 0.0077587890625 0.019681396484375
2 0.7515689086914062 0.8066461181640625 0.0077587890625 0.019681396484375
2 0.7536166381835937 0.8853109741210937 0.0077984619140625 0.0209320068359375
2 0.5893365478515625 0.8360305786132812 0.016722412109375 0.0174554443359375
2 0.58832275390625 0.8814144897460937 0.0189453125 0.01875
2 0.5901321411132813 0.9143096923828125 0.0166461181640625 0.0174346923828125
2 0.591002197265625 0.9390289306640625 0.01931396484375 0.01950439453125
2 0.6277972412109375 0.8218753051757812 0.0192376708984375 0.018092041015625
2 0.6274673461914062 0.84819091796875 0.02088134765625 0.0200653076171875
2 0.8792330932617187 0.780950927734375 0.0094622802734375 0.017928466796875
2 0.861180419921875 0.8627490234375 0.019173583984375 0.0087152099609375
2 0.8411346435546875 0.6938677978515625 0.008966064453125 0.019285888671875
2 0.016861572265625 0.801573486328125 0.0156475830078125 0.0238311767578125
3 0.558790283203125 0.8218072509765625 0.0236358642578125 0.0224822998046875
2 0.5890292358398438 0.8569918823242187 0.0146954345703125 0.0150628662109375
2 0.72111083984375 0.868458251953125 0.01584716796875 0.0159619140625
2 0.6262234497070313 0.8376129150390625 0.0192376708984375 0.018092041015625
2 0.6536514282226562 0.8452569580078125 0.0192376708984375 0.018092041015625
2 0.6543252563476563 0.8684127807617188 0.0192376708984375 0.018092041015625
2 0.5894464111328125 0.892205810546875 0.0189453125 0.01875
2 0.6280218505859375 0.869537353515625 0.0192376708984375 0.018092041015625
2 0.774892578125 0.6960336303710938 0.007464599609375 0.0194586181640625
2 0.7542001342773438 0.9253982543945313 0.0079815673828125 0.016983642578125
2 0.6930084228515625 0.909375 0.01584716796875 0.0159625244140625
2 0.7193118286132812 0.93792724609375 0.01584716796875 0.0159625244140625
2 0.69503173828125 0.967828369140625 0.01584716796875 0.0159625244140625
2 0.6939077758789063 0.9804180908203125 0.01584716796875 0.0159619140625
2 0.7220101928710938 0.9741232299804687 0.0164117431640625 0.0078778076171875
