2 0.16042144775390624 0.7478118896484375 0.01983642578125 0.020836181640625
2 0.15762481689453126 0.7735690307617188 0.0159844970703125 0.015550537109375
2 0.15994979858398437 0.848883056640625 0.0178790283203125 0.01731689453125
2 0.15900482177734376 0.8624215698242188 0.0178790283203125 0.0173175048828125
2 0.041667022705078126 0.6870880126953125 0.00757720947265625 0.016265869140625
0 0.2678416442871094 0.72718017578125 0.0473797607421875 0.053232421875
0 0.2551026916503906 0.7912127685546875 0.04458740234375 0.0519610595703125
0 0.26450759887695313 0.8526812744140625 0.03598846435546875 0.053720703125
0 0.2693955993652344 0.9088912963867187 0.0459747314453125 0.055284423828125
0 0.2727471923828125 0.95153076171875 0.02752532958984375 0.034434814453125
5 0.28249343872070315 0.9852822875976562 0.01001312255859375 0.027452392578125
5 0.24184547424316405 0.9885502624511718 0.00915130615234375 0.02297576904296875
5 0.26097343444824217 0.988818359375 0.00914276123046875 0.02243988037109375
5 0.22581375122070313 0.9863629150390625 0.00912689208984375 0.025531005859375
2 0.029540557861328125 0.686966552734375 0.00879608154296875 0.018599853515625
2 0.015111846923828125 0.6871035766601562 0.00834259033203125 0.0187261962890625
2 0.5805271911621094 0.6800961303710937 0.01629547119140625 0.00967041015625
2 0.5760189819335938 0.6521734619140624 0.0185107421875 0.00896728515625
2 0.479305419921875 0.6872189331054688 0.0185107421875 0.0087408447265625
2 0.6605253601074219 0.946165771484375 0.02040252685546875 0.0085369873046875
2 0.6870584106445312 0.9016268920898437 0.0063311767578125 0.0145758056640625
2 0.739595947265625 0.9642291259765625 0.0081463623046875 0.0169873046875
2 0.8969424438476562 0.8267086791992188 0.01951416015625 0.0131475830078125
2 0.8928024291992187 0.8121426391601563 0.01851898193359375 0.008997802734375
2 0.9562728881835938 0.9660299682617187 0.009217529296875 0.016243896484375
2 0.9752694702148438 0.9388262939453125 0.0085430908203125 0.014835205078125
