2 0.08991912841796874 0.82951904296875 0.01218017578125 0.0068408203125
2 0.0133599853515625 0.7598025512695312 0.0120806884765625 0.005555419921875
3 0.12159149169921875 0.7762582397460938 0.032818603515625 0.01130615234375
2 0.16184478759765625 0.8192068481445313 0.014324951171875 0.0070806884765625
2 0.1817242431640625 0.77028076171875 0.0104168701171875 0.0064947509765625
2 0.241639404296875 0.7643667602539063 0.0149151611328125 0.0075567626953125
2 0.24429931640625 0.7418661499023438 0.0129815673828125 0.006951904296875
2 0.33300933837890623 0.8086758422851562 0.0137652587890625 0.008516845703125
2 0.46359405517578123 0.7483822631835938 0.01356201171875 0.0067352294921875
2 0.45447784423828125 0.7351296997070312 0.0142962646484375 0.0082696533203125
2 0.4629998779296875 0.7595001220703125 0.0140008544921875 0.0081317138671875
2 0.5463760375976563 0.7533126831054687 0.014952392578125 0.0076251220703125
3 0.6106878662109375 0.7390008544921876 0.0211248779296875 0.0090032958984375
2 0.6106256103515625 0.7508755493164062 0.0125 0.006297607421875
2 0.683687744140625 0.7456253051757813 0.0130108642578125 0.0067498779296875
2 0.743402099609375 0.7321292114257812 0.0125537109375 0.0062591552734375
2 0.7322772216796875 0.7130047607421875 0.0125531005859375 0.006259765625
2 0.7830001831054687 0.7291250610351563 0.01125 0.006253662109375
2 0.7936248779296875 0.7399374389648438 0.01125 0.0046893310546875
3 0.8481256103515625 0.7222503662109375 0.059749755859375 0.0166424560546875
2 0.8626101684570312 0.7048153686523437 0.0127813720703125 0.00816650390625
2 0.8791409301757812 0.7353082275390626 0.013719482421875 0.006883544921875
2 0.9433853149414062 0.721817626953125 0.0132305908203125 0.007364501953125
2 0.9634375 0.7310000610351562 0.0138751220703125 0.0070452880859375
