0 0.5502684402465821 0.21017005920410156 0.045995025634765624 0.04733856201171875
0 0.5824033355712891 0.16980865478515625 0.04354438781738281 0.04559326171875
0 0.5104700469970703 0.06145973205566406 0.047150039672851564 0.04036407470703125
0 0.6349020385742188 0.10683113098144531 0.04756561279296875 0.048000946044921874
0 0.6714904022216797 0.06541671752929687 0.043864898681640625 0.045308380126953124
0 0.717342529296875 0.026835174560546876 0.04720474243164063 0.04826416015625
2 0.1709317970275879 0.05267646789550781 0.01111358642578125 0.01085296630859375
2 0.16606256246566772 0.04643760681152344 0.013818178176879883 0.01412506103515625
2 0.1544374942779541 0.03718757629394531 0.010483989715576172 0.0111248779296875
2 0.14218748092651368 0.029187545776367188 0.0104840087890625 0.011125030517578125
2 0.13656248092651369 0.02368743896484375 0.010484046936035156 0.011125030517578125
2 0.0268745756149292 0.13056968688964843 0.009749150276184082 0.009610443115234376
2 0.03218750476837158 0.11525009155273437 0.012000007629394531 0.011999969482421874
2 0.2390000343322754 0.10743751525878906 0.010663108825683594 0.011374969482421875
2 0.25387502670288087 0.1195001220703125 0.011258697509765625 0.0129998779296875
2 0.25497188568115237 0.1668821716308594 0.015693855285644532 0.013514404296875
2 0.2567215728759766 0.1875067138671875 0.012943191528320313 0.0142633056640625
2 0.27135765075683593 0.2091161346435547 0.01546539306640625 0.017482452392578125
