5 0.042288589477539065 0.0351739501953125 0.07537429809570312 0.05416656494140625
5 0.03152061462402344 0.025869827270507812 0.06662635803222657 0.05254852294921875
5 0.06971588134765624 0.04099945068359375 0.07537429809570312 0.05416656494140625
5 0.09301681518554687 0.04609634399414062 0.0753741455078125 0.05416656494140625
5 0.1279681396484375 0.0621160888671875 0.0753741455078125 0.05416656494140625
5 0.16073524475097656 0.06187301635742187 0.0753741455078125 0.05416656494140625
5 0.10733718872070312 0.05410629272460937 0.07537429809570312 0.054166259765625
5 0.18160903930664063 0.06672744750976563 0.07537429809570312 0.05416656494140625
5 0.20563827514648436 0.0757080078125 0.0753741455078125 0.05416656494140625
5 0.26753135681152346 0.091727294921875 0.07537429809570312 0.05416656494140625
5 0.22845375061035156 0.08153350830078125 0.0753741455078125 0.054166259765625
5 0.2546673583984375 0.08614501953125 0.0753741455078125 0.05416656494140625
5 0.30733695983886716 0.10774642944335938 0.07537429809570312 0.05416656494140625
5 0.29204620361328126 0.09731033325195312 0.07537429809570312 0.05416656494140625
5 0.34398765563964845 0.10531978607177735 0.0753741455078125 0.054166412353515624
5 0.4104926300048828 0.1181842041015625 0.0753741455078125 0.0541668701171875
5 0.35393936157226563 0.11794113159179688 0.0753741455078125 0.05416656494140625
5 0.3891332244873047 0.11284358978271485 0.0753741455078125 0.054166412353515624
5 0.436616382598877 0.121158447265625 0.07167076110839844 0.057607421875
5 0.4536299324035645 0.1313665771484375 0.06769737243652343 0.0581219482421875
5 0.5060574340820313 0.14083282470703126 0.06769744873046875 0.0581219482421875
5 0.47377609252929687 0.13525054931640626 0.06769744873046875 0.0581219482421875
5 0.5276591491699218 0.1502984619140625 0.0676971435546875 0.0581219482421875
5 0.18665054321289062 0.12305824279785156 0.08365997314453125 0.033252410888671875
5 0.017762603759765624 0.25431396484375 0.03398056030273437 0.0774261474609375
5 0.0323187255859375 0.2603179931640625 0.03398056030273437 0.0774261474609375
5 0.09187568664550781 0.32506744384765623 0.0733074951171875 0.013489990234375
5 0.08397018432617187 0.482623291015625 0.0149395751953125 0.057496337890625
5 0.0258319091796875 0.4697552490234375 0.0136358642578125 0.0725152587890625
5 0.06549697875976562 0.47212005615234376 0.0136358642578125 0.0725152587890625
5 0.006363067626953125 0.46738922119140625 0.012999038696289062 0.0725152587890625
5 0.04503257751464844 0.48207763671875 0.0149395751953125 0.057496337890625
5 0.123453369140625 0.4764373779296875 0.0149395751953125 0.057496337890625
5 0.14492355346679686 0.4846246337890625 0.0149395751953125 0.057496337890625
5 0.16202682495117188 0.4842608642578125 0.0149395751953125 0.057496337890625
5 0.18204139709472655 0.48717254638671875 0.014939422607421876 0.057496337890625
5 0.20205589294433593 0.4842608642578125 0.0149395751953125 0.057496337890625
5 0.22225265502929686 0.48608062744140623 0.0149395751953125 0.057496337890625
5 0.2575508117675781 0.4873541259765625 0.0149395751953125 0.057496337890625
5 0.4363208770751953 0.4700677490234375 0.014017486572265625 0.0411181640625
5 0.2976661682128906 0.47939788818359375 0.0136358642578125 0.0725146484375
5 0.3178626251220703 0.48030792236328124 0.0136358642578125 0.0725146484375
5 0.47433975219726565 0.48431060791015623 0.0136358642578125 0.0725152587890625
5 0.06731651306152343 0.2654241943359375 0.0136358642578125 0.0725152587890625
5 0.08569801330566407 0.26507049560546875 0.01328125 0.0748443603515625
5 0.10152870178222656 0.26434600830078125 0.013646697998046875 0.0754522705078125
5 0.11726737976074218 0.26487274169921876 0.0134649658203125 0.0752398681640625
5 0.14892684936523437 0.26487274169921876 0.0134649658203125 0.0752398681640625
5 0.16748573303222655 0.26450927734375 0.0134649658203125 0.0752398681640625
5 0.13364295959472655 0.26651031494140626 0.0134649658203125 0.0752398681640625
5 0.18386146545410156 0.26651031494140626 0.0134649658203125 0.0752398681640625
5 0.21588462829589844 0.26996795654296873 0.0134649658203125 0.0752398681640625
5 0.2333519744873047 0.26978546142578125 0.0134649658203125 0.0752398681640625
5 0.2000548553466797 0.268148193359375 0.0134649658203125 0.0752398681640625
5 0.24827178955078125 0.27087677001953125 0.0134649658203125 0.0752398681640625
5 0.2653752136230469 0.2697857666015625 0.0134649658203125 0.0752398681640625
5 0.2821147918701172 0.2703314208984375 0.0134649658203125 0.0752398681640625
5 0.3001276397705078 0.27178680419921875 0.0134649658203125 0.0752398681640625
5 0.3503460693359375 0.27196929931640623 0.0134649658203125 0.0752398681640625
5 0.3157753753662109 0.27178741455078126 0.0134649658203125 0.0752398681640625
5 0.33233291625976563 0.27215118408203126 0.0134649658203125 0.0752398681640625
5 0.36308258056640624 0.2728790283203125 0.0134649658203125 0.0752398681640625
5 0.3809138488769531 0.27306121826171875 0.0134649658203125 0.0752398681640625
5 0.41356842041015623 0.4812176513671875 0.0136358642578125 0.0725152587890625
5 0.4923530578613281 0.48285491943359377 0.0136358642578125 0.0725152587890625
5 0.3935539245605469 0.48394683837890623 0.0136358642578125 0.0725152587890625
5 0.5514869689941406 0.48649444580078127 0.0136358642578125 0.0725152587890625
5 0.5129130554199218 0.48394622802734377 0.01363616943359375 0.0725152587890625
5 0.5707733154296875 0.481580810546875 0.01363616943359375 0.0725152587890625
5 0.6088975524902344 0.4962701416015625 0.0149395751953125 0.057496337890625
5 0.6261827087402344 0.497725830078125 0.0149395751953125 0.057496337890625
5 0.3745449066162109 0.4880816650390625 0.0149395751953125 0.057496337890625
5 0.6663938903808594 0.4973614501953125 0.0149395751953125 0.057496337890625
5 0.6847709655761719 0.501910400390625 0.0149395751953125 0.057496337890625
5 0.7822088623046874 0.5110064697265625 0.014017333984375 0.0411181640625
5 0.2945777130126953 0.33824615478515624 0.08569869995117188 0.03428466796875
5 0.37227088928222657 0.3391558837890625 0.08569869995117188 0.03428466796875
5 0.44493148803710936 0.34531097412109374 0.08339073181152344 0.0434246826171875
5 0.41366477966308596 0.27324249267578127 0.0134649658203125 0.0752398681640625
5 0.4284027862548828 0.2743341064453125 0.0134649658203125 0.0752398681640625
5 0.39692535400390627 0.27378875732421876 0.0134649658203125 0.0752398681640625
5 0.460426025390625 0.2756085205078125 0.0134649658203125 0.0752398681640625
5 0.48025863647460937 0.2752435302734375 0.0134649658203125 0.0752392578125
5 0.4453240966796875 0.27397064208984373 0.0134649658203125 0.0752398681640625
5 0.5108262634277344 0.27488037109375 0.01346527099609375 0.0752398681640625
5 0.5441233825683593 0.2770635986328125 0.0134649658203125 0.0752398681640625
5 0.5606808471679687 0.27942840576171873 0.01346527099609375 0.0752398681640625
5 0.5272018432617187 0.27560791015625 0.0134649658203125 0.0752392578125
5 0.5766923522949219 0.27924652099609376 0.01346527099609375 0.0752398681640625
5 0.592158203125 0.27597137451171877 0.0134649658203125 0.0752392578125
5 0.6078059387207031 0.28015716552734377 0.0134649658203125 0.0752392578125
5 0.6260008239746093 0.27651763916015626 0.0134649658203125 0.0752392578125
5 0.64019287109375 0.27851898193359376 0.01346527099609375 0.0752398681640625
5 0.6756733703613281 0.279246826171875 0.01346527099609375 0.0752398681640625
5 0.6900474548339843 0.2801568603515625 0.01346527099609375 0.0752398681640625
5 0.6582061767578125 0.2796109008789063 0.01346527099609375 0.0752398681640625
5 0.7053314208984375 0.281248779296875 0.0134649658203125 0.0752392578125
5 0.7229806518554688 0.28106658935546874 0.01346527099609375 0.0752398681640625
5 0.7397201538085938 0.2805206298828125 0.01346527099609375 0.0752398681640625
5 0.7577330017089844 0.27979278564453125 0.0134649658203125 0.0752392578125
5 0.7715614318847657 0.2843411254882813 0.01346527099609375 0.0752398681640625
2 0.6003611755371093 0.34079925537109373 0.0315545654296875 0.0128594970703125
2 0.5665736389160156 0.34069488525390623 0.0308746337890625 0.013092041015625
2 0.6688461303710938 0.3430523681640625 0.05445953369140625 0.014793701171875
2 0.9279266357421875 0.37957855224609377 0.0225787353515625 0.009371337890625
2 0.9306585693359375 0.36657745361328126 0.0245062255859375 0.0101995849609375
2 0.9521554565429687 0.5001806640625 0.0104583740234375 0.0224456787109375
2 0.9949610900878906 0.2836810302734375 0.0102545166015625 0.0222772216796875
