5 0.7004669952392578 0.038365631103515624 0.06404067993164063 0.057313232421875
5 0.7003857421875 0.058095703125 0.05271286010742188 0.04788665771484375
5 0.8510137939453125 0.0269891357421875 0.08001144409179688 0.03358978271484375
5 0.8451885223388672 0.04713470458984375 0.08001129150390625 0.03358978271484375
5 0.8349942016601563 0.06436782836914062 0.08001144409179688 0.03358978271484375
5 0.8245574951171875 0.10101821899414062 0.08001144409179688 0.03358978271484375
5 0.8201884460449219 0.12019271850585937 0.08001129150390625 0.0335894775390625
5 0.8153340911865234 0.13791107177734374 0.08001144409179688 0.03358978271484375
5 0.7973728942871093 0.19325119018554687 0.08001129150390625 0.03358978271484375
5 0.6478538513183594 0.15623321533203124 0.0355133056640625 0.08431182861328125
5 0.6667859649658203 0.1593890380859375 0.0355133056640625 0.08431182861328125
5 0.5915430450439453 0.35817550659179687 0.0355133056640625 0.0843115234375
5 0.6087760162353516 0.36254425048828126 0.0355133056640625 0.08431182861328125
5 0.79276123046875 0.2121832275390625 0.08001129150390625 0.03358978271484375
5 0.7908195495605469 0.23111557006835937 0.08001144409179688 0.03358978271484375
5 0.7842662811279297 0.2488336181640625 0.08001144409179688 0.0335894775390625
5 0.7772273254394532 0.26752304077148437 0.08001144409179688 0.03358978271484375
5 0.7721300506591797 0.2869403076171875 0.08001144409179688 0.03358978271484375
5 0.763635025024414 0.32456192016601565 0.08001129150390625 0.03358978271484375
5 0.7592662048339843 0.3422802734375 0.08001144409179688 0.03358978271484375
5 0.7531980895996093 0.35854278564453124 0.08001144409179688 0.03358978271484375
5 0.7420331573486328 0.3981056213378906 0.08001144409179688 0.0335894775390625
5 0.7376642608642578 0.41752334594726564 0.08001144409179688 0.03358978271484375
5 0.7294117736816407 0.434998779296875 0.08001144409179688 0.03358978271484375
5 0.7133924102783203 0.49227996826171877 0.08001129150390625 0.03358978271484375
5 0.7036836242675781 0.5243196105957031 0.08001144409179688 0.03358978271484375
5 0.6777127075195313 0.62359130859375 0.08001129150390625 0.03358978271484375
5 0.6811107635498047 0.6080569458007813 0.08001129150390625 0.0335894775390625
5 0.6714022827148437 0.6417955017089844 0.08001144409179688 0.03358978271484375
5 0.6675187110900879 0.6583000183105469 0.08001140594482421 0.03358978271484375
5 0.6626644134521484 0.6731057739257813 0.08001144409179688 0.0335894775390625
5 0.6590234375 0.6854841613769531 0.08001144409179688 0.03358978271484375
5 0.5313489532470703 0.6229811096191407 0.035513381958007816 0.08431182861328125
5 0.5160577392578125 0.6203111267089844 0.0355133056640625 0.08431182861328125
5 0.5555167388916016 0.7471885681152344 0.07537429809570312 0.05416656494140625
5 0.5666819763183594 0.7617520141601563 0.07537429809570312 0.05416656494140625
5 0.5877984619140625 0.7680625915527344 0.0753741455078125 0.05416656494140625
5 0.6045459365844726 0.7760725402832032 0.07537437438964843 0.05416656494140625
5 0.62857497215271 0.7801983642578125 0.07537418365478515 0.054166259765625
5 0.636584815979004 0.7920915222167969 0.07537422180175782 0.05416656494140625
5 0.6734779262542725 0.7916058349609375 0.07537418365478515 0.054166259765625
5 0.7171672058105468 0.803013916015625 0.07537429809570312 0.054166259765625
5 0.6970216369628907 0.7918489074707031 0.0753741455078125 0.05416656494140625
5 0.7785749816894532 0.8219461059570312 0.07537429809570312 0.054166259765625
5 0.7577012634277344 0.8151498413085938 0.07537429809570312 0.05416656494140625
5 0.7317304992675782 0.8132083129882812 0.0753741455078125 0.05416656494140625
5 0.7982351684570312 0.8260722351074219 0.0753741455078125 0.05416656494140625
5 0.8171673583984375 0.8343246459960938 0.0753741455078125 0.05416656494140625
5 0.8547885894775391 0.8476739501953126 0.07537429809570312 0.05416656494140625
5 0.841439208984375 0.8379653930664063 0.07537429809570312 0.054166259765625
5 0.8822158813476563 0.8534994506835938 0.07537429809570312 0.05416656494140625
5 0.9055168151855468 0.8585963439941406 0.0753741455078125 0.05416656494140625
5 0.9404681396484375 0.8746160888671874 0.0753741455078125 0.05416656494140625
5 0.9732352447509766 0.8743730163574219 0.0753741455078125 0.05416656494140625
5 0.9198371887207031 0.8666062927246094 0.07537429809570312 0.054166259765625
5 0.769781494140625 0.8714805603027344 0.08365997314453125 0.03325225830078125
5 0.7649271392822266 0.8891990661621094 0.08365997314453125 0.03325225830078125
5 0.4216020202636719 0.9532766723632813 0.03398056030273437 0.0774261474609375
5 0.45035022735595703 0.9607363891601562 0.033980636596679686 0.0774261474609375
5 0.46909107208251954 0.965467529296875 0.03398056030273437 0.0774261474609375
5 0.43615787506103515 0.9572796630859375 0.03398056030273437 0.0774261474609375
5 0.484920768737793 0.9687423324584961 0.033980712890625 0.07742630004882813
5 0.49984073638916016 0.9743832397460938 0.03398056030273437 0.0774261474609375
5 0.5145787048339844 0.9785678100585937 0.03398056030273437 0.0774261474609375
5 0.5315001296997071 0.9818429565429687 0.03398056030273437 0.0774261474609375
3 0.30876861095428465 0.08348907470703125 0.039136829376220705 0.10261199951171875
3 0.21853153228759767 0.47683563232421877 0.0391497802734375 0.09996673583984375
2 0.06144069671630859 0.9954327392578125 0.015042400360107422 0.0229937744140625
2 0.1298152732849121 0.8068736267089843 0.015042381286621094 0.0229937744140625
2 0.10285053253173829 0.7606484985351563 0.01504241943359375 0.0229937744140625
2 0.013289813697338105 0.7496699523925782 0.015042372941970826 0.0229937744140625
2 0.007704160287976265 0.7020968627929688 0.01504240483045578 0.0229937744140625
2 0.15292758941650392 0.5131520080566406 0.01504241943359375 0.0229937744140625
2 0.18085542678833008 0.4740534973144531 0.015042152404785156 0.0229937744140625
2 0.2552004241943359 0.2754791259765625 0.01504241943359375 0.0229937744140625
2 0.24711090087890625 0.2367657470703125 0.01504241943359375 0.0229937744140625
2 0.16178739547729493 0.19631912231445312 0.015042381286621094 0.0229937744140625
2 0.1361711311340332 0.15856842041015626 0.015042381286621094 0.0229937744140625
2 0.24961484909057619 0.15625717163085937 0.015042381286621094 0.0229937744140625
