2 0.2799809265136719 0.9787435150146484 0.0240716552734375 0.01332489013671875
2 0.28126876831054687 0.9341877746582031 0.0231219482421875 0.01117767333984375
2 0.27927886962890625 0.916126480102539 0.02604522705078125 0.01165557861328125
7 0.01439495086669922 0.8454540252685547 0.030472564697265624 0.06125808715820313
7 0.13261581420898438 0.8459961700439453 0.06154541015625 0.03272857666015625
7 0.04407928466796875 0.710323715209961 0.02633544921875 0.05129989624023437
2 0.20197494506835936 0.6878263854980469 0.01927337646484375 0.026631622314453124
2 0.11888992309570312 0.5246378326416016 0.0245819091796875 0.021356735229492187
7 0.43919677734375 0.5060658645629883 0.0431378173828125 0.06272163391113281
6 0.4192576599121094 0.3301078796386719 0.01173858642578125 0.012373046875
7 0.16531082153320312 0.2949282836914062 0.075494384765625 0.06657218933105469
7 0.36690536499023435 0.202099609375 0.03076446533203125 0.06280586242675781
3 0.6819960021972656 0.0638358211517334 0.01925689697265625 0.03730291366577149
3 0.6426896667480468 0.1290516185760498 0.0147479248046875 0.033775043487548825
3 0.6107235717773437 0.16513323307037353 0.01459381103515625 0.03030390739440918
3 0.6997181701660157 0.24652694702148437 0.028878173828125 0.015194854736328124
7 0.7939402770996093 0.5122145080566406 0.02507843017578125 0.047906112670898435
7 0.45124710083007813 0.6092810821533203 0.06321258544921875 0.05630126953125
7 0.8089028930664063 0.6192716217041015 0.0485015869140625 0.061032257080078124
2 0.5548860168457032 0.6318210983276367 0.02538055419921875 0.011740341186523437
2 0.5571449279785157 0.6420114135742188 0.02538055419921875 0.01174041748046875
2 0.6692961120605468 0.667233657836914 0.024232177734375 0.01134521484375
2 0.6686996459960938 0.6825001525878907 0.024232177734375 0.01134521484375
7 0.7983074951171875 0.7808958435058594 0.0441094970703125 0.06799346923828126
2 0.6647752380371094 0.822491683959961 0.02751953125 0.013011474609375
2 0.6679966735839844 0.8387358856201171 0.02500335693359375 0.01305572509765625
2 0.6661312866210938 0.8704998779296875 0.025003662109375 0.01305572509765625
2 0.66585205078125 0.8962361907958984 0.02500396728515625 0.0130560302734375
2 0.6660023498535156 0.9209201049804687 0.02967010498046875 0.012869415283203125
2 0.754759521484375 0.8913388061523437 0.02474609375 0.0104913330078125
7 0.8721295166015625 0.8806712341308593 0.04995452880859375 0.05624176025390625
7 0.8864857482910157 0.7082501983642578 0.05125213623046875 0.05943359375
7 0.9604953002929687 0.5821540832519532 0.0428460693359375 0.044025115966796875
7 0.8825201416015624 0.1986934471130371 0.04558807373046875 0.040097503662109374
2 0.9942645263671875 0.020273976176977158 0.0264080810546875 0.021559153199195862
