0 0.21608016967773438 0.26365028381347655 0.0304681396484375 0.03155326843261719
0 0.26913482666015626 0.23959674835205078 0.0290802001953125 0.0273907470703125
0 0.27059417724609375 0.20673076629638673 0.0271240234375 0.024540748596191406
0 0.27129547119140623 0.17626346588134767 0.03028564453125 0.02634746551513672
0 0.3556060791015625 0.20941701889038086 0.037249755859375 0.037131614685058593
0 0.27303054809570315 0.2753874397277832 0.02717254638671875 0.02478199005126953
0 0.35426284790039064 0.273044490814209 0.02640167236328125 0.025543022155761718
0 0.6457929992675782 0.38632545471191404 0.02827545166015625 0.02879852294921875
0 0.7607197570800781 0.29804746627807616 0.03598785400390625 0.03866767883300781
0 0.7899826049804688 0.2711209297180176 0.0331695556640625 0.03068824768066406
0 0.8542715454101563 0.27527948379516604 0.0217950439453125 0.02272743225097656
0 0.8856405639648437 0.2817830085754395 0.02623321533203125 0.0296917724609375
0 0.9214927673339843 0.2839572143554687 0.02792694091796875 0.02740215301513672
0 0.9585659790039063 0.2824813652038574 0.0283050537109375 0.031878509521484376
0 0.949072265625 0.2376091194152832 0.0312152099609375 0.0314263916015625
0 0.9269722366333008 0.34801876068115234 0.027941436767578126 0.02699760437011719
0 0.43717620849609373 0.8217750549316406 0.0216986083984375 0.017812347412109374
0 0.5020745849609375 0.8315690612792969 0.02195068359375 0.01942596435546875
0 0.5694514465332031 0.8217897033691406 0.02135986328125 0.01693634033203125
0 0.580321044921875 0.8368301391601562 0.02135986328125 0.01870574951171875
0 0.5956039428710938 0.8262137603759766 0.01943206787109375 0.0161334228515625
0 0.7692764282226563 0.8106614685058594 0.03215667724609375 0.030445404052734375
0 0.8198753356933594 0.8255426788330078 0.0291058349609375 0.027618865966796875
0 0.871995849609375 0.9205365753173829 0.04665496826171875 0.04806488037109375
