5 0.336805419921875 0.294495849609375 0.0727880859375 0.01183746337890625
5 0.339248046875 0.2773920440673828 0.07253173828125 0.014167022705078126
5 0.0415325927734375 0.1292333984375 0.013128662109375 0.06457839965820313
5 0.6453216552734375 0.051311798095703125 0.012860107421875 0.06647430419921875
5 0.6129107666015625 0.05375518798828125 0.0149169921875 0.07530044555664063
5 0.8888214111328125 0.01835723876953125 0.078194580078125 0.014884490966796875
5 0.8879541015625 0.0334033203125 0.078194580078125 0.014884490966796875
5 0.8856396484375 0.048882064819335935 0.078193359375 0.014880828857421875
5 0.8880987548828125 0.08259323120117187 0.078194580078125 0.014884490966796875
5 0.88607421875 0.09749320983886718 0.078193359375 0.014880828857421875
5 0.886507568359375 0.12975601196289063 0.078193359375 0.014880828857421875
5 0.8782598876953125 0.17677558898925783 0.078193359375 0.0148809814453125
5 0.87666748046875 0.21106536865234374 0.078194580078125 0.014884490966796875
5 0.8830352783203125 0.22842491149902344 0.078193359375 0.014880828857421875
5 0.8755126953125 0.24289237976074218 0.078193359375 0.014880828857421875
5 0.8799957275390625 0.259676513671875 0.078194580078125 0.014884490966796875
5 0.6298382568359375 0.05158500671386719 0.0149169921875 0.07530029296875
5 0.431053466796875 0.045219192504882814 0.0149169921875 0.07530029296875
5 0.40067138671875 0.047678680419921876 0.014918212890625 0.07530029296875
5 0.35003662109375 0.045219192504882814 0.014918212890625 0.07530029296875
5 0.2868109130859375 0.045363845825195315 0.014918212890625 0.07530029296875
5 0.1900238037109375 0.04218109130859375 0.0149176025390625 0.07530044555664063
5 0.15457763671875 0.04304908752441406 0.0149176025390625 0.07530029296875
5 0.0418756103515625 0.04348320007324219 0.0149176025390625 0.07530044555664063
5 0.02552642822265625 0.04362785339355469 0.0149176025390625 0.07530029296875
5 0.05865753173828125 0.04145767211914062 0.0149176025390625 0.07530029296875
5 0.0243701171875 0.1286974334716797 0.0149176025390625 0.07530029296875
5 0.07399322509765625 0.13318222045898437 0.0149176025390625 0.07530029296875
5 0.0877374267578125 0.12826316833496093 0.0149176025390625 0.07530029296875
5 0.12130279541015625 0.12927581787109374 0.0149176025390625 0.07530029296875
5 0.10518951416015625 0.13429702758789064 0.0131292724609375 0.064578857421875
5 0.13904388427734374 0.13646713256835938 0.013128662109375 0.06457839965820313
5 0.31742919921875 0.1400841522216797 0.013128662109375 0.06457839965820313
5 0.336092529296875 0.13965003967285156 0.013128662109375 0.06457839965820313
5 0.17164947509765624 0.12305496215820312 0.0149176025390625 0.07530029296875
5 0.2034783935546875 0.12739517211914062 0.0149176025390625 0.07530029296875
5 0.23877960205078125 0.13101219177246093 0.0149176025390625 0.07530029296875
5 0.25353515625 0.1340503692626953 0.0149169921875 0.07530029296875
5 0.2695953369140625 0.12811866760253907 0.0149169921875 0.07530029296875
5 0.302291259765625 0.13332687377929686 0.0149169921875 0.07530044555664063
5 0.4147039794921875 0.12464645385742187 0.0149169921875 0.07530044555664063
5 0.4495721435546875 0.13115676879882812 0.0149169921875 0.07530044555664063
5 0.4675115966796875 0.13274818420410156 0.014918212890625 0.07530029296875
5 0.4806768798828125 0.13086746215820313 0.0149169921875 0.07530044555664063
5 0.49991943359375 0.13144615173339844 0.0149169921875 0.07530029296875
5 0.5138067626953124 0.1376671600341797 0.014918212890625 0.07530029296875
5 0.5305914306640624 0.12493568420410156 0.0149169921875 0.07530029296875
5 0.5642999267578125 0.13549697875976563 0.014918212890625 0.07530029296875
5 0.548819580078125 0.13578628540039062 0.014918212890625 0.07530029296875
5 0.5820953369140625 0.13578636169433594 0.0149169921875 0.07530029296875
5 0.596851806640625 0.1343396759033203 0.0149169921875 0.07530029296875
5 0.6286810302734375 0.14012672424316405 0.0149169921875 0.07530029296875
5 0.6469091796875 0.13766708374023437 0.014918212890625 0.07530029296875
5 0.66166748046875 0.13795646667480468 0.0149169921875 0.07530029296875
5 0.70217529296875 0.14113929748535156 0.0149169921875 0.07530029296875
5 0.4781011962890625 0.2960723114013672 0.015103759765625 0.07225540161132812
5 0.495748291015625 0.29955718994140623 0.014879150390625 0.06521636962890626
5 0.562408447265625 0.3052899932861328 0.015103759765625 0.07225555419921875
5 0.77756103515625 0.31518211364746096 0.015103759765625 0.07225555419921875
5 0.5461083984375 0.3022549438476563 0.014879150390625 0.06521652221679687
5 0.578482666015625 0.30292945861816406 0.014879150390625 0.06521636962890626
5 0.630865478515625 0.3081002044677734 0.0148779296875 0.06521591186523437
5 0.680101318359375 0.31079803466796874 0.014879150390625 0.06521652221679687
5 0.6956146240234375 0.30630180358886716 0.014879150390625 0.06521652221679687
5 0.72596435546875 0.31147247314453125 0.0148779296875 0.06521591186523437
5 0.7448492431640625 0.3065264892578125 0.0148779296875 0.06521591186523437
5 0.760811767578125 0.3051776123046875 0.014879150390625 0.06521652221679687
5 0.795208740234375 0.30607688903808594 0.014879150390625 0.06521636962890626
5 0.8089239501953125 0.3040534210205078 0.014879150390625 0.06521652221679687
5 0.8266839599609375 0.31282150268554687 0.014879150390625 0.06521652221679687
3 0.1644677734375 0.3442032623291016 0.098602294921875 0.036080322265625
3 0.5326104736328126 0.4096792602539063 0.101339111328125 0.03235031127929688
3 0.68088134765625 0.4175670623779297 0.1034814453125 0.04090133666992188
