7 0.3844073486328125 0.7209136962890625 0.038780517578125 0.060826416015625
7 0.349765625 0.6404632568359375 0.053968505859375 0.057926025390625
7 0.03094940185546875 0.1550830078125 0.0430718994140625 0.0533880615234375
7 0.20653289794921875 0.06122543334960937 0.0511712646484375 0.048656005859375
7 0.7785638427734375 0.49891693115234376 0.01777587890625 0.0279150390625
7 0.9469439697265625 0.45463470458984373 0.06827880859375 0.047191162109375
2 0.7842236328125 0.6705978393554688 0.025941162109375 0.0124835205078125
2 0.7391558837890625 0.6710226440429687 0.025941162109375 0.0124835205078125
2 0.5033038330078125 0.6769033813476563 0.028258056640625 0.02076904296875
2 0.537017822265625 0.559822998046875 0.023753662109375 0.0252581787109375
2 0.81905029296875 0.6035107421875 0.01480224609375 0.025899658203125
2 0.8698193359375 0.703035888671875 0.01376220703125 0.02600341796875
2 0.500850830078125 0.7587161254882813 0.0331640625 0.0356036376953125
7 0.53422607421875 0.8416241455078125 0.05314697265625 0.028486328125
7 0.876448974609375 0.8314682006835937 0.05391845703125 0.0401092529296875
7 0.9686590576171875 0.8198623657226562 0.056842041015625 0.0269647216796875
