2 0.19592620849609374 0.20715827941894532 0.0303692626953125 0.016238861083984375
7 0.1930499267578125 0.4512287902832031 0.050162353515625 0.05170928955078125
2 0.1829827880859375 0.6778852844238281 0.0298687744140625 0.02270172119140625
2 0.20963470458984376 0.8246542358398438 0.0248236083984375 0.01249755859375
7 0.36628143310546873 0.8676252746582032 0.0382232666015625 0.05873138427734375
2 0.6249862670898437 0.9041426086425781 0.012373046875 0.02358551025390625
2 0.5596792602539062 0.8370523071289062 0.027537841796875 0.01416656494140625
2 0.7067840576171875 0.7447383117675781 0.0108160400390625 0.02805694580078125
7 0.4367327880859375 0.6352565002441406 0.0220758056640625 0.05728607177734375
7 0.43039031982421877 0.5361067199707031 0.0331298828125 0.0574859619140625
2 0.5848770141601562 0.42283973693847654 0.0162774658203125 0.02700653076171875
2 0.5887020874023438 0.3643453979492188 0.0239849853515625 0.0290252685546875
2 0.5509359741210937 0.3617311096191406 0.0269854736328125 0.0135858154296875
2 0.6628759765625 0.3356427001953125 0.02714111328125 0.013128204345703125
2 0.6882717895507813 0.34374992370605467 0.0265435791015625 0.018518524169921877
2 0.628148193359375 0.2859148406982422 0.01941162109375 0.03247787475585937
7 0.3420587158203125 0.17725028991699218 0.0648388671875 0.06023269653320312
7 0.8306820678710938 0.9691946411132812 0.0535186767578125 0.0262933349609375
6 0.8309487915039062 0.9484187316894531 0.0143072509765625 0.01280120849609375
6 0.8480270385742188 0.9496836853027344 0.0143072509765625 0.01280120849609375
2 0.9277639770507813 0.8397425842285157 0.0092010498046875 0.0198529052734375
2 0.8939080810546876 0.7774833679199219 0.0250146484375 0.0112982177734375
2 0.9846987915039063 0.7473117065429687 0.0105419921875 0.02673187255859375
2 0.9468072509765625 0.7515888977050781 0.0105419921875 0.02673187255859375
2 0.7571536254882812 0.4071913146972656 0.0097894287109375 0.02070770263671875
2 0.788095703125 0.41064781188964844 0.0104071044921875 0.025837860107421874
2 0.9599172973632812 0.4036297607421875 0.0104071044921875 0.025838165283203124
2 0.8770883178710938 0.3405094909667969 0.02820556640625 0.013860931396484375
2 0.785609130859375 0.3431884765625 0.0236871337890625 0.011785888671875
2 0.911724853515625 0.31590377807617187 0.0104071044921875 0.025838165283203124
2 0.900565185546875 0.29759063720703127 0.0104071044921875 0.0258380126953125
2 0.896182861328125 0.2672292327880859 0.010406494140625 0.025837860107421874
3 0.833209228515625 0.2774850463867187 0.0143450927734375 0.03313262939453125
3 0.9149020385742187 0.28583335876464844 0.0113116455078125 0.031756591796875
3 0.9452212524414062 0.3141356658935547 0.01241943359375 0.034144744873046876
7 0.372388916015625 0.6097308349609375 0.057120361328125 0.06933624267578126
7 0.36415924072265626 0.055296707153320315 0.0689129638671875 0.07244903564453126
