0 0.009477081298828125 0.16443695068359376 0.019141845703125 0.02037506103515625
0 0.02771514892578125 0.16134368896484375 0.021494140625 0.0268426513671875
0 0.0444598388671875 0.16278213500976563 0.0258740234375 0.0246575927734375
0 0.06542236328125 0.16184295654296876 0.0273651123046875 0.029208984375
0 0.08591583251953125 0.16200729370117187 0.0231256103515625 0.02349639892578125
0 0.10508087158203125 0.16193893432617187 0.023370361328125 0.028826904296875
0 0.123870849609375 0.16204483032226563 0.024833984375 0.025941162109375
0 0.007716064453125 0.22172698974609376 0.01568206787109375 0.0246649169921875
0 0.026053466796875 0.22262191772460938 0.0233673095703125 0.027813720703125
0 0.04667633056640625 0.2215849304199219 0.021727294921875 0.0250030517578125
0 0.0834161376953125 0.22306472778320313 0.0259832763671875 0.0227203369140625
0 0.10761054992675781 0.221080322265625 0.02531829833984375 0.03018463134765625
0 0.153834228515625 0.22038360595703124 0.027344970703125 0.027130126953125
0 0.1817633056640625 0.22135406494140625 0.02738037109375 0.03038177490234375
0 0.2041302490234375 0.22115631103515626 0.0208251953125 0.02600830078125
0 0.22088623046875 0.22109420776367186 0.01824462890625 0.02913299560546875
0 0.2425347900390625 0.221678466796875 0.0290771484375 0.02960174560546875
0 0.2621771240234375 0.22133544921875 0.02636474609375 0.0284521484375
0 0.290562744140625 0.22162506103515625 0.028125 0.0292498779296875
0 0.32231201171875 0.22112472534179686 0.02887451171875 0.02699981689453125
0 0.269510498046875 0.16445892333984374 0.027723388671875 0.0248663330078125
0 0.3034088134765625 0.16460037231445312 0.026990966796875 0.02524383544921875
0 0.206319580078125 0.16428024291992188 0.02668701171875 0.02403045654296875
0 0.5218609619140625 0.09888946533203125 0.022445068359375 0.027667236328125
0 0.528011474609375 0.16401031494140625 0.024658203125 0.022572021484375
0 0.4658331298828125 0.16523849487304687 0.02713623046875 0.0258099365234375
0 0.530218505859375 0.22396408081054686 0.028970947265625 0.02808380126953125
0 0.4500213623046875 0.22421905517578125 0.0288037109375 0.0286175537109375
0 0.4181976318359375 0.2231770324707031 0.03226806640625 0.030948486328125
