2 0.985374984741211 0.9963749694824219 0.005 0.01274993896484375
2 0.9873750305175781 0.979375 0.005 0.01274993896484375
2 0.9726249694824218 0.9951249694824219 0.005 0.01274993896484375
2 0.959749984741211 0.9964999389648438 0.005 0.01274993896484375
2 0.9472499847412109 0.9961250305175782 0.005 0.01274993896484375
2 0.8113749694824218 0.9897500610351563 0.005 0.01274993896484375
2 0.805250015258789 0.990625 0.005 0.01274993896484375
2 0.8140000152587891 0.9589999389648437 0.005 0.01274993896484375
2 0.820625 0.9580000305175781 0.005 0.01274993896484375
2 0.8325 0.956875 0.005 0.01274993896484375
2 0.825374984741211 0.988125 0.005 0.01274993896484375
2 0.838125 0.9885000610351562 0.005 0.01274993896484375
2 0.7236388397216796 0.9730760955810547 0.013472137451171875 0.00740203857421875
2 0.7241388702392578 0.9663261413574219 0.013472137451171875 0.00740203857421875
2 0.7253787994384766 0.9592027282714843 0.012992401123046875 0.00715576171875
2 0.7268788146972657 0.9520777893066407 0.012992401123046875 0.00715576171875
2 0.7280037689208985 0.9442028045654297 0.012992401123046875 0.007155609130859375
2 0.7282538604736328 0.936702880859375 0.012992401123046875 0.00715576171875
2 0.7147537231445312 0.9422028350830078 0.012992401123046875 0.007155609130859375
2 0.7132537841796875 0.9487027740478515 0.012992401123046875 0.007155609130859375
2 0.7118788146972657 0.9557027435302734 0.012992401123046875 0.007155609130859375
2 0.6791287994384766 0.9844528961181641 0.012992401123046875 0.007155609130859375
2 0.7058788299560547 0.9857028198242187 0.012992401123046875 0.00715576171875
2 0.7575038146972656 0.9599528503417969 0.012992401123046875 0.007155609130859375
2 0.7583787536621094 0.9525778198242187 0.012992401123046875 0.00715576171875
2 0.7591287231445313 0.9447028350830078 0.012992401123046875 0.007155609130859375
