5 0.0152728271484375 0.3392618560791016 0.014674072265625 0.07540763854980469
5 0.033831787109375 0.3394437789916992 0.014674072265625 0.07540763854980469
5 0.04656768798828125 0.33726039886474607 0.0146746826171875 0.07540771484375
5 0.06330718994140624 0.33744232177734373 0.014674072265625 0.07540756225585937
5 0.033468017578125 0.43533172607421877 0.0146746826171875 0.07540771484375
5 0.0472955322265625 0.43806087493896484 0.014674072265625 0.07540748596191406
5 0.08186676025390625 0.4304190444946289 0.014674072265625 0.07540748596191406
5 0.09660430908203126 0.4316927719116211 0.0146746826171875 0.07540763854980469
5 0.1146173095703125 0.432420539855957 0.0146746826171875 0.07540771484375
5 0.12971923828125 0.426234130859375 0.0146746826171875 0.07540763854980469
5 0.14627685546875 0.42186737060546875 0.014674072265625 0.07540748596191406
5 0.16283416748046875 0.41822837829589843 0.0146746826171875 0.07540763854980469
5 0.22708709716796874 0.4204188537597656 0.0146746826171875 0.07540771484375
5 0.260003662109375 0.3659462356567383 0.059600830078125 0.061623764038085935
5 0.4525469970703125 0.6065768432617188 0.01467529296875 0.07540802001953124
5 0.4374005126953125 0.607343635559082 0.014674072265625 0.07540763854980469
5 0.4209136962890625 0.6079188537597656 0.014674072265625 0.07540771484375
5 0.4032745361328125 0.607151985168457 0.014674072265625 0.07540763854980469
5 0.3873626708984375 0.6060015392303467 0.014674072265625 0.07540752410888672
5 0.3724078369140625 0.6069602680206299 0.014674072265625 0.07540775299072265
5 0.3557293701171875 0.6098359394073486 0.01467529296875 0.07540805816650391
5 0.3392413330078125 0.6042761993408203 0.014674072265625 0.07540756225585937
5 0.2901617431640625 0.6056180953979492 0.014674072265625 0.07540748596191406
5 0.3233282470703125 0.6060015392303467 0.014674072265625 0.07540752410888672
5 0.30569091796875 0.6038926315307617 0.014674072265625 0.07540748596191406
5 0.2748248291015625 0.6056182479858399 0.01467529296875 0.07540794372558594
5 0.17417236328125 0.5989080429077148 0.014674072265625 0.07540748596191406
5 0.11186431884765625 0.6008251571655273 0.014674072265625 0.07540756225585937
5 0.14138946533203126 0.6052347946166993 0.0146746826171875 0.07540779113769532
5 0.1250927734375 0.6017838287353515 0.0146746826171875 0.07540771484375
5 0.09518463134765626 0.6015920639038086 0.014674072265625 0.07540756225585937
5 0.0470635986328125 0.5996749877929688 0.0146746826171875 0.07540771484375
5 0.029617919921875 0.596224021911621 0.0146746826171875 0.07540771484375
5 0.06010101318359375 0.6863315582275391 0.0146746826171875 0.07540771484375
5 0.11243927001953125 0.6870983123779297 0.0146746826171875 0.07540771484375
5 0.14062225341796875 0.6872899627685547 0.014674072265625 0.07540771484375
5 0.15787689208984376 0.6857563018798828 0.014674072265625 0.07540756225585937
5 0.17628204345703125 0.684414291381836 0.0146746826171875 0.07540771484375
5 0.2554608154296875 0.6924662780761719 0.014674072265625 0.07540756225585937
5 0.322752685546875 0.6892070770263672 0.01467529296875 0.07540802001953124
5 0.3887042236328125 0.6853727722167968 0.01467529296875 0.07540802001953124
5 0.40308349609375 0.6882485198974609 0.014674072265625 0.07540756225585937
5 0.50258544921875 0.697642822265625 0.014674072265625 0.07540756225585937
5 0.5188812255859375 0.6863314056396485 0.01467529296875 0.07540786743164063
5 0.583681640625 0.6961089324951172 0.014674072265625 0.07540756225585937
5 0.617615966796875 0.6924663543701172 0.014674072265625 0.07540771484375
5 0.0415325927734375 0.9417333984375 0.013128662109375 0.06457839965820313
5 0.79256591796875 0.7083332824707032 0.03647216796875 0.08024688720703126
5 0.8125006103515625 0.7044754028320312 0.0309033203125 0.07870361328125
5 0.831019287109375 0.6938014221191406 0.02726318359375 0.0796368408203125
5 0.88451416015625 0.765927963256836 0.078193359375 0.014880828857421875
5 0.6453216552734375 0.8638117980957031 0.012860107421875 0.06647430419921875
5 0.6129107666015625 0.8662551879882813 0.0149169921875 0.07530044555664063
5 0.8847705078125 0.7823908996582031 0.078194580078125 0.014884490966796875
5 0.889547119140625 0.7968566131591797 0.078193359375 0.014880828857421875
5 0.887086181640625 0.8134944915771485 0.078193359375 0.0148809814453125
5 0.8888214111328125 0.8308572387695312 0.078194580078125 0.014884490966796875
5 0.8879541015625 0.8459033203125 0.078194580078125 0.014884490966796875
5 0.8856396484375 0.861382064819336 0.078193359375 0.014880828857421875
5 0.8880987548828125 0.8950932312011719 0.078194580078125 0.014884490966796875
5 0.88607421875 0.9099932098388672 0.078193359375 0.014880828857421875
5 0.886507568359375 0.9422560119628907 0.078193359375 0.014880828857421875
5 0.8782598876953125 0.9892755889892578 0.078193359375 0.0148809814453125
5 0.6298382568359375 0.8640850067138672 0.0149169921875 0.07530029296875
5 0.431053466796875 0.8577191925048828 0.0149169921875 0.07530029296875
5 0.40067138671875 0.8601786804199218 0.014918212890625 0.07530029296875
5 0.35003662109375 0.8577191925048828 0.014918212890625 0.07530029296875
5 0.2868109130859375 0.8578638458251953 0.014918212890625 0.07530029296875
5 0.1900238037109375 0.8546810913085937 0.0149176025390625 0.07530044555664063
5 0.15457763671875 0.855549087524414 0.0149176025390625 0.07530029296875
5 0.0418756103515625 0.8559832000732421 0.0149176025390625 0.07530044555664063
5 0.02552642822265625 0.8561278533935547 0.0149176025390625 0.07530029296875
5 0.05865753173828125 0.8539576721191406 0.0149176025390625 0.07530029296875
5 0.0243701171875 0.9411974334716797 0.0149176025390625 0.07530029296875
5 0.07399322509765625 0.9456822204589844 0.0149176025390625 0.07530029296875
5 0.0877374267578125 0.940763168334961 0.0149176025390625 0.07530029296875
5 0.12130279541015625 0.9417758178710938 0.0149176025390625 0.07530029296875
5 0.10518951416015625 0.9467970275878906 0.0131292724609375 0.064578857421875
5 0.13904388427734374 0.9489671325683594 0.013128662109375 0.06457839965820313
5 0.31742919921875 0.9525841522216797 0.013128662109375 0.06457839965820313
5 0.336092529296875 0.9521500396728516 0.013128662109375 0.06457839965820313
5 0.17164947509765624 0.9355549621582031 0.0149176025390625 0.07530029296875
5 0.2034783935546875 0.9398951721191406 0.0149176025390625 0.07530029296875
5 0.23877960205078125 0.9435121917724609 0.0149176025390625 0.07530029296875
5 0.25353515625 0.9465503692626953 0.0149169921875 0.07530029296875
5 0.2695953369140625 0.9406186676025391 0.0149169921875 0.07530029296875
5 0.302291259765625 0.9458268737792969 0.0149169921875 0.07530044555664063
5 0.4147039794921875 0.9371464538574219 0.0149169921875 0.07530044555664063
5 0.4495721435546875 0.9436567687988281 0.0149169921875 0.07530044555664063
5 0.4675115966796875 0.9452481842041016 0.014918212890625 0.07530029296875
5 0.4806768798828125 0.9433674621582031 0.0149169921875 0.07530044555664063
5 0.49991943359375 0.9439461517333985 0.0149169921875 0.07530029296875
5 0.5138067626953124 0.9501671600341797 0.014918212890625 0.07530029296875
5 0.5305914306640624 0.9374356842041016 0.0149169921875 0.07530029296875
5 0.5642999267578125 0.9479969787597656 0.014918212890625 0.07530029296875
5 0.548819580078125 0.9482862854003906 0.014918212890625 0.07530029296875
5 0.5820953369140625 0.9482863616943359 0.0149169921875 0.07530029296875
5 0.596851806640625 0.9468396759033203 0.0149169921875 0.07530029296875
5 0.6286810302734375 0.9526267242431641 0.0149169921875 0.07530029296875
5 0.6469091796875 0.9501670837402344 0.014918212890625 0.07530029296875
5 0.66166748046875 0.9504564666748047 0.0149169921875 0.07530029296875
5 0.70217529296875 0.9536392974853516 0.0149169921875 0.07530029296875
3 0.20792678833007813 0.20737142562866212 0.09746917724609375 0.052810745239257814
