2 0.9716256713867187 0.8546879577636719 0.0064996337890625 0.01137359619140625
2 0.9762509155273438 0.8548130798339844 0.006500244140625 0.01137359619140625
5 0.9434915161132813 0.088465576171875 0.017733154296875 0.0140679931640625
5 0.9432666015625 0.08115875244140625 0.021219482421875 0.01606689453125
5 0.9525619506835937 0.07162506103515626 0.025374755859375 0.01808258056640625
5 0.9571871948242188 0.06487472534179688 0.025374755859375 0.01808258056640625
5 0.9669375610351563 0.0516253662109375 0.025374755859375 0.01808258056640625
5 0.98456298828125 0.021499786376953125 0.0253753662109375 0.01808258056640625
5 0.9939373779296875 0.007323074340820313 0.025374755859375 0.0157916259765625
5 0.7944381713867188 0.0096875 0.0196405029296875 0.015625
5 0.7983221435546874 0.006516799926757812 0.01889404296875 0.01372100830078125
