5 0.041886062622070314 0.6127655029296875 0.020522308349609376 0.0251318359375
5 0.3694788360595703 0.956934814453125 0.012045745849609374 0.02061248779296875
5 0.3643538665771484 0.9593099975585937 0.012045745849609374 0.02061248779296875
5 0.34275001525878906 0.965687255859375 0.008568878173828126 0.01537506103515625
2 0.12606002807617187 0.9860134887695312 0.00462005615234375 0.01122314453125
5 0.06776115417480469 0.5951405334472656 0.02052215576171875 0.0251318359375
5 0.07388618469238281 0.5901405334472656 0.02052215576171875 0.0251318359375
5 0.12526115417480468 0.552265625 0.02052215576171875 0.0251318359375
0 0.839097900390625 0.7488665771484375 0.03043365478515625 0.02160186767578125
0 0.7623764038085937 0.6786163330078125 0.024976806640625 0.0261480712890625
0 0.7164299011230468 0.7788923645019531 0.0453045654296875 0.0573748779296875
0 0.7488525390625 0.8076475524902343 0.05080474853515625 0.05791473388671875
0 0.7192619323730469 0.8367729187011719 0.058741455078125 0.06076812744140625
0 0.6831153869628906 0.8318040466308594 0.0264202880859375 0.02608795166015625
0 0.6929150390625 0.8895281982421875 0.02737884521484375 0.02794189453125
0 0.7289997863769532 0.8958378601074218 0.07180694580078124 0.0714178466796875
0 0.7744459533691406 0.8519584655761718 0.07509552001953125 0.0743231201171875
2 0.5707501220703125 0.7859376525878906 0.0107501220703125 0.0097442626953125
2 0.5408126831054687 0.7973117065429688 0.00562530517578125 0.010401611328125
2 0.5531878662109375 0.8094366455078125 0.00562530517578125 0.010401611328125
2 0.5586874389648437 0.81543701171875 0.005625 0.010401611328125
0 0.6146357727050781 0.9299855041503906 0.0214617919921875 0.02297149658203125
0 0.5738655090332031 0.8899021911621093 0.02333587646484375 0.02414398193359375
0 0.49803207397460936 0.9358287048339844 0.0245452880859375 0.0257330322265625
2 0.4520024108886719 0.9791229248046875 0.013005218505859374 0.011246337890625
