5 0.006710281372070312 0.900965576171875 0.01485809326171875 0.0140679931640625
5 0.007445831298828125 0.8936587524414062 0.0163763427734375 0.01606689453125
5 0.01506195068359375 0.8841250610351562 0.025374755859375 0.01808258056640625
5 0.01968719482421875 0.8773747253417968 0.025374755859375 0.01808258056640625
5 0.02943756103515625 0.8641253662109375 0.025374755859375 0.01808258056640625
5 0.04706298828125 0.8339997863769532 0.0253753662109375 0.01808258056640625
5 0.0564373779296875 0.8192503356933594 0.025374755859375 0.01808258056640625
5 0.06537506103515625 0.8002503967285156 0.018499755859375 0.015235595703125
5 0.08012603759765625 0.7769999694824219 0.0185003662109375 0.01523529052734375
5 0.09362548828125 0.7639376831054687 0.0292498779296875 0.02098724365234375
5 0.10112518310546875 0.7534378051757813 0.0292498779296875 0.02098724365234375
5 0.1428131103515625 0.7695005798339843 0.02598876953125 0.03600067138671875
5 0.11247589111328125 0.7233616638183594 0.0197003173828125 0.0147772216796875
5 0.134708251953125 0.6935743713378906 0.01966552734375 0.0148980712890625
5 0.1397509765625 0.6850625610351563 0.023250732421875 0.0168890380859375
5 0.145250244140625 0.6781877136230469 0.023250732421875 0.0168890380859375
5 0.147000732421875 0.6707504272460938 0.020250244140625 0.01506317138671875
5 0.1660003662109375 0.6453121948242188 0.023250732421875 0.01688873291015625
5 0.199251708984375 0.6656121826171875 0.006751708984375 0.0342755126953125
5 0.399158935546875 0.35251602172851565 0.014432373046875 0.01753143310546875
5 0.3941131591796875 0.37008262634277345 0.015023193359375 0.017415008544921874
5 0.380562744140625 0.34381248474121096 0.016624755859375 0.007135772705078125
5 0.3768121337890625 0.35006248474121093 0.016624755859375 0.007135772705078125
5 0.373297119140625 0.3561286926269531 0.019095458984375 0.00724273681640625
5 0.3712969970703125 0.3623785400390625 0.019095458984375 0.00724273681640625
5 0.3692962646484375 0.3691285705566406 0.01909423828125 0.00724273681640625
5 0.3654364013671875 0.3753123474121094 0.01737548828125 0.0068841552734375
5 0.36206298828125 0.38156234741210937 0.01737548828125 0.0068841552734375
5 0.3546881103515625 0.3879376220703125 0.01737548828125 0.006884307861328125
5 0.3697357177734375 0.39663856506347656 0.01427978515625 0.018027191162109376
5 0.3631414794921875 0.4101496124267578 0.013236083984375 0.018299713134765624
5 0.3377984619140625 0.4129905700683594 0.015849609375 0.0062310791015625
5 0.33462646484375 0.42699981689453126 0.01025390625 0.01125
5 0.3401251220703125 0.43087478637695314 0.01025634765625 0.0112506103515625
2 0.5254376220703125 0.6726248168945312 0.011104736328125 0.01225067138671875
5 0.2347613525390625 0.804383544921875 0.021978759765625 0.028592529296875
5 0.20387451171875 0.8478749084472657 0.021763916015625 0.027750244140625
5 0.247999267578125 0.8844374084472656 0.01125 0.0129632568359375
5 0.329188232421875 0.8940626525878906 0.022220458984375 0.015625
5 0.42425048828125 0.8954373168945312 0.024404296875 0.0226251220703125
5 0.4174371337890625 0.9026254272460937 0.02362548828125 0.02314208984375
2 0.3883770751953125 0.9109602355957032 0.010614013671875 0.012420654296875
5 0.9844268798828125 0.3824065399169922 0.022352294921875 0.015937347412109375
5 0.986759033203125 0.37758575439453124 0.025018310546875 0.017578887939453124
