0 0.7794863891601562 0.10387907028198243 0.02399658203125 0.022439956665039062
0 0.6954934692382813 0.4723447036743164 0.025999755859375 0.028764877319335937
0 0.7698318481445312 0.5555960845947265 0.0406536865234375 0.044501113891601565
0 0.893355712890625 0.5814703369140625 0.0258245849609375 0.02220497131347656
0 0.877249755859375 0.5970168685913086 0.0301275634765625 0.021227340698242187
0 0.9102523803710938 0.5987783813476563 0.025291748046875 0.021107940673828124
0 0.9411599731445313 0.5991396713256836 0.0249444580078125 0.02108024597167969
0 0.9290386962890625 0.5836919784545899 0.024423828125 0.020669708251953123
0 0.9585458374023438 0.5826114654541016 0.0317584228515625 0.03487258911132812
0 0.9928054809570312 0.586835708618164 0.03198486328125 0.0284576416015625
0 0.87393798828125 0.6777814483642578 0.0277044677734375 0.020966033935546875
0 0.9055755615234375 0.6793409729003906 0.02696533203125 0.022060546875
0 0.9574172973632813 0.6658209228515625 0.028262939453125 0.025996246337890626
0 0.9884628295898438 0.6663723754882812 0.0271038818359375 0.023307952880859375
0 0.93429443359375 0.7658538818359375 0.0275347900390625 0.019405364990234375
0 0.9665805053710937 0.7658689880371093 0.02474609375 0.017675933837890626
0 0.7592990112304687 0.702884292602539 0.0413470458984375 0.0399853515625
0 0.7485101318359375 0.810543212890625 0.0250262451171875 0.020536651611328127
0 0.7470303344726562 0.8604024505615234 0.0317138671875 0.025468902587890627
0 0.745555419921875 0.8971220397949219 0.025860595703125 0.02406585693359375
0 0.8642071533203125 0.8416315460205078 0.0393548583984375 0.035571441650390626
0 0.9000588989257813 0.8422859954833984 0.028631591796875 0.026917877197265624
0 0.931661376953125 0.8487701416015625 0.02622314453125 0.0202435302734375
0 0.9637051391601562 0.850110855102539 0.0259893798828125 0.01928497314453125
0 0.7429177856445313 0.9575682830810547 0.022252197265625 0.021752777099609374
0 0.167529296875 0.70255126953125 0.02819091796875 0.023886260986328126
0 0.158087158203125 0.9198596954345704 0.0260589599609375 0.023206329345703124
