2 0.1748193359375 0.19960235595703124 0.014986572265625 0.029962158203125
2 0.17916656494140626 0.23090240478515625 0.0104766845703125 0.025694580078125
2 0.166146240234375 0.5401043701171875 0.025142822265625 0.0163189697265625
2 0.08454864501953124 0.8543399047851562 0.0329864501953125 0.0157672119140625
7 0.24232513427734376 0.8790701293945312 0.065184326171875 0.073841552734375
2 0.28661956787109377 0.9798348999023437 0.0269427490234375 0.023250732421875
2 0.58493408203125 0.6772811889648438 0.0135479736328125 0.023216552734375
2 0.5635302734375 0.6686080932617188 0.013548583984375 0.023216552734375
2 0.5624993896484375 0.6240740966796875 0.023919677734375 0.02750732421875
2 0.5193124389648438 0.5817800903320313 0.0308172607421875 0.0143719482421875
7 0.4107553100585937 0.6838955688476562 0.0284222412109375 0.05423095703125
2 0.22355133056640625 0.6426226806640625 0.03043701171875 0.0262939453125
2 0.279326171875 0.625714111328125 0.0277679443359375 0.0167816162109375
7 0.36273681640625 0.56434326171875 0.0455419921875 0.055438232421875
7 0.24634796142578125 0.3270416259765625 0.0694659423828125 0.044453125
7 0.37263671875 0.12437164306640625 0.037020263671875 0.071671142578125
7 0.4353643798828125 0.08136932373046875 0.034971923828125 0.0561614990234375
2 0.710262451171875 0.2809030151367187 0.0254632568359375 0.0182427978515625
2 0.6407736206054687 0.2736865234375 0.020924072265625 0.0307073974609375
2 0.5671292114257812 0.1838623046875 0.0270050048828125 0.014637451171875
2 0.56462890625 0.16554412841796876 0.0270050048828125 0.014637451171875
2 0.554798583984375 0.127935791015625 0.02700439453125 0.014637451171875
2 0.5787042236328125 0.07989990234375 0.013902587890625 0.0258489990234375
2 0.5779324340820312 0.0146990966796875 0.0100311279296875 0.02537384033203125
2 0.6265032958984375 0.2367486572265625 0.018243408203125 0.02475341796875
7 0.8434494018554688 0.1113330078125 0.0430718994140625 0.0533880615234375
7 0.7730712890625 0.0189349365234375 0.0331927490234375 0.038856201171875
7 0.5663595581054688 0.8668582153320312 0.0659307861328125 0.0382122802734375
7 0.7296875 0.7844833374023438 0.06947265625 0.0459765625
7 0.784517822265625 0.8957083129882812 0.0273785400390625 0.03038818359375
7 0.8025094604492188 0.9796142578125 0.0470660400390625 0.038250732421875
