7 0.13778289794921875 0.8737254333496094 0.0511712646484375 0.048656005859375
7 0.3021099853515625 0.7654379272460937 0.05045166015625 0.04641571044921875
2 0.131551513671875 0.7422819519042969 0.0235833740234375 0.02597900390625
2 0.1429815673828125 0.7330044555664063 0.022816162109375 0.02597900390625
2 0.2165362548828125 0.6536970520019532 0.022816162109375 0.02597869873046875
2 0.2283282470703125 0.6453462219238282 0.02534912109375 0.0286444091796875
2 0.28707763671875 0.5999929809570312 0.0228173828125 0.0259796142578125
2 0.1885919189453125 0.6381776428222656 0.028704833984375 0.02635528564453125
2 0.14190521240234374 0.5293679809570313 0.0327557373046875 0.02457550048828125
2 0.06308624267578125 0.3827619934082031 0.0257208251953125 0.0251385498046875
2 0.12486907958984375 0.34007949829101564 0.0306854248046875 0.0306854248046875
7 0.3354071044921875 0.33792022705078123 0.06930419921875 0.07848968505859374
7 0.2923577880859375 0.24765670776367188 0.038072509765625 0.0488134765625
7 0.1617730712890625 0.14950698852539063 0.048875732421875 0.03908935546875
2 0.319442138671875 0.03398345947265625 0.012772216796875 0.02353912353515625
2 0.12427490234375 0.029766845703125 0.0092724609375 0.02236480712890625
2 0.04651397705078125 0.027242584228515623 0.0092010498046875 0.0198529052734375
2 0.1690814208984375 0.004894561767578125 0.030361328125 0.00978912353515625
2 0.48504638671875 0.03537551879882812 0.01030029296875 0.022789306640625
2 0.5233135986328125 0.03767181396484375 0.010301513671875 0.022789306640625
2 0.5390985107421875 0.03727005004882813 0.01030029296875 0.022789306640625
2 0.6645953369140625 0.03836700439453125 0.010301513671875 0.02278961181640625
2 0.676688232421875 0.04071731567382812 0.00972412109375 0.01878875732421875
2 0.924766845703125 0.044468231201171875 0.010364990234375 0.022601318359375
2 0.965433349609375 0.0461651611328125 0.010364990234375 0.022601318359375
2 0.883927001953125 0.04824020385742187 0.010703125 0.02275146484375
2 0.45136962890625 0.035273895263671876 0.01030029296875 0.022789306640625
2 0.4271270751953125 0.006592254638671875 0.024432373046875 0.01259552001953125
7 0.9475262451171875 0.1696490478515625 0.059405517578125 0.029818115234375
7 0.8499468994140625 0.16192352294921875 0.057935791015625 0.03629913330078125
7 0.7302886962890625 0.210445556640625 0.06000244140625 0.03244415283203125
7 0.6270733642578125 0.22056655883789061 0.05466064453125 0.02981201171875
7 0.3734698486328125 0.23785537719726563 0.0740478515625 0.05613189697265625
6 0.54453125 0.23184738159179688 0.01332763671875 0.0151654052734375
2 0.4500323486328125 0.35693954467773437 0.01483642578125 0.02399993896484375
2 0.6412908935546875 0.34292495727539063 0.00947265625 0.0255145263671875
2 0.7047796630859375 0.34048965454101565 0.014306640625 0.02659637451171875
3 0.7216278076171875 0.3425944519042969 0.01262451171875 0.03375152587890625
2 0.492344970703125 0.4819754028320313 0.020196533203125 0.02574981689453125
2 0.47666259765625 0.5210675048828125 0.023973388671875 0.02340850830078125
2 0.5599468994140625 0.5681564331054687 0.023311767578125 0.027545166015625
2 0.63490234375 0.5809928894042968 0.019322509765625 0.023409423828125
7 0.37119140625 0.5734477233886719 0.04895751953125 0.05888092041015625
7 0.3756787109375 0.7041665649414063 0.040916748046875 0.056834716796875
7 0.69370849609375 0.7062081909179687 0.059798583984375 0.05320770263671875
7 0.01855560302734375 0.5440176391601562 0.033560791015625 0.035447998046875
