0 0.5824033355712891 0.9823086547851563 0.04354438781738281 0.04559326171875
0 0.5104700469970703 0.873959732055664 0.047150039672851564 0.04036407470703125
0 0.6349020385742188 0.9193311309814454 0.04756561279296875 0.048000946044921874
0 0.6714904022216797 0.8779167175292969 0.043864898681640625 0.045308380126953124
0 0.717342529296875 0.8393351745605468 0.04720474243164063 0.04826416015625
5 0.7485005187988282 0.7930623626708985 0.023753662109375 0.025747528076171877
0 0.5513339614868165 0.6977155303955078 0.05234260559082031 0.051571807861328124
2 0.1709317970275879 0.8651764678955078 0.01111358642578125 0.01085296630859375
2 0.16606256246566772 0.8589376068115234 0.013818178176879883 0.01412506103515625
2 0.1544374942779541 0.8496875762939453 0.010483989715576172 0.0111248779296875
2 0.14218748092651368 0.8416875457763672 0.0104840087890625 0.011125030517578125
2 0.13656248092651369 0.8361874389648437 0.010484046936035156 0.011125030517578125
2 0.0268745756149292 0.9430696868896484 0.009749150276184082 0.009610443115234376
2 0.03218750476837158 0.9277500915527344 0.012000007629394531 0.011999969482421874
2 0.2390000343322754 0.9199375152587891 0.010663108825683594 0.011374969482421875
2 0.25387502670288087 0.9320001220703125 0.011258697509765625 0.0129998779296875
2 0.25497188568115237 0.9793821716308594 0.015693855285644532 0.013514404296875
2 0.43473129272460936 0.8124253082275391 0.009287338256835937 0.010350341796875
5 0.2771854019165039 0.7388015747070312 0.013629035949707031 0.017103271484375
2 0.27887495040893556 0.6841876220703125 0.010999984741210937 0.012424774169921875
2 0.2725182342529297 0.6796438598632812 0.011286430358886719 0.012537689208984374
2 0.26539321899414064 0.6768938446044922 0.011286430358886719 0.012537689208984374
2 0.042562518119812015 0.7743750762939453 0.011569585800170899 0.006750030517578125
2 0.042062506675720215 0.7678750610351562 0.011569585800170899 0.006750030517578125
2 0.039937495589256286 0.7623750305175782 0.011569464206695556 0.0067498779296875
2 0.04031250476837158 0.7550001525878907 0.011569585800170899 0.006750030517578125
2 0.038562503457069394 0.7482500457763672 0.01156946897506714 0.0067498779296875
2 0.0723750114440918 0.742750015258789 0.010260162353515625 0.009250030517578126
2 0.09037504196166993 0.740625 0.010260162353515625 0.009250030517578126
2 0.10237500190734863 0.7243749237060547 0.010260181427001953 0.009250030517578126
2 0.11037500381469727 0.7141249084472656 0.010260162353515625 0.009250030517578126
2 0.15306249618530274 0.7076875305175782 0.010980968475341796 0.010124969482421874
2 0.03850003242492676 0.7332499694824218 0.010260145664215087 0.009250030517578126
2 0.04300000131130219 0.7278750610351562 0.010260164737701416 0.009250030517578126
2 0.047125024795532225 0.723125 0.010260162353515625 0.009250030517578126
2 0.05112496852874756 0.7183750152587891 0.010260162353515625 0.009250030517578126
2 0.05674999237060547 0.7144999694824219 0.01026015281677246 0.009250030517578126
2 0.05999997138977051 0.7068749237060546 0.010260162353515625 0.009250030517578126
2 0.06500003814697265 0.702125015258789 0.010260162353515625 0.009250030517578126
2 0.06937500476837158 0.6974998474121094 0.010260162353515625 0.009250030517578126
2 0.07274995803833008 0.6927499389648437 0.010260162353515625 0.009250030517578126
2 0.09481250762939453 0.710625 0.014382514953613281 0.01225006103515625
2 0.08062501907348633 0.6824999237060547 0.01022693634033203 0.009499969482421875
2 0.08487501144409179 0.6772499847412109 0.01022693634033203 0.009499969482421875
2 0.0926249885559082 0.666875 0.01022693634033203 0.009499969482421875
2 0.10037500381469727 0.657249984741211 0.01022693634033203 0.009499969482421875
6 0.32118752002716067 0.665 0.021125030517578126 0.01975006103515625
6 0.30506250381469724 0.6493124389648437 0.01762500762939453 0.01712493896484375
2 0.20606252670288086 0.6560001373291016 0.015625 0.0145001220703125
2 0.21018753051757813 0.6508751678466796 0.015625 0.0145001220703125
2 0.21530208587646485 0.6453167057037353 0.013104209899902344 0.012633476257324219
2 0.22217704772949218 0.6343167114257813 0.013104095458984374 0.01263336181640625
2 0.22755199432373047 0.6299416732788086 0.013104057312011719 0.01263336181640625
2 0.23230207443237305 0.6255667877197265 0.013104057312011719 0.01263336181640625
2 0.2359766960144043 0.6202293395996094 0.012953453063964844 0.012458648681640625
2 0.24935169219970704 0.605854377746582 0.012953453063964844 0.012458648681640625
2 0.26035173416137697 0.5886043167114258 0.012953529357910156 0.012458648681640625
2 0.26397674560546874 0.5843543624877929 0.012953529357910156 0.012458648681640625
2 0.27397674560546875 0.5741043090820312 0.012953529357910156 0.012458648681640625
2 0.2822266960144043 0.5641043472290039 0.012953529357910156 0.012458648681640625
2 0.2898516845703125 0.5544794082641602 0.012953453063964844 0.012458572387695313
2 0.3501249694824219 0.6460626125335693 0.011999969482421874 0.012672767639160157
2 0.344375 0.6415625762939453 0.011999969482421874 0.012672882080078125
2 0.3381249618530273 0.6376875305175781 0.011999969482421874 0.012672882080078125
2 0.3325 0.6339375686645508 0.011999969482421874 0.012672805786132812
2 0.3238459396362305 0.6243549728393555 0.014308090209960938 0.015290069580078124
2 0.3188749885559082 0.6210625839233398 0.012000007629394531 0.012672805786132812
2 0.31412497997283934 0.6168125534057617 0.011999988555908203 0.012672805786132812
2 0.30962501525878905 0.6133124923706055 0.012000007629394531 0.012672805786132812
2 0.3729375457763672 0.6252499771118164 0.010625 0.01100677490234375
2 0.3674374771118164 0.621875 0.010625 0.01100677490234375
2 0.36393741607666014 0.616875 0.010625 0.01100677490234375
2 0.35706241607666017 0.6136249542236328 0.010625 0.01100677490234375
2 0.35268756866455075 0.608125 0.010625 0.01100677490234375
2 0.3418125534057617 0.5998750305175782 0.010625 0.01100677490234375
2 0.37231250762939455 0.6045001220703125 0.010625 0.01100677490234375
2 0.37781253814697263 0.61 0.010625 0.01100677490234375
2 0.38281253814697264 0.6148749923706055 0.010625 0.01100677490234375
2 0.3844125747680664 0.5735991668701171 0.011424942016601563 0.0118017578125
2 0.3782650375366211 0.5694907760620117 0.010779953002929688 0.010981369018554687
2 0.36790000915527343 0.5614466857910156 0.011949996948242187 0.013856658935546875
2 0.3634999465942383 0.5561874771118164 0.01125 0.012867050170898437
2 0.45751888275146485 0.5522870635986328 0.011962203979492188 0.012175827026367188
2 0.45293746948242186 0.5143124008178711 0.014166183471679687 0.017625045776367188
2 0.4604292678833008 0.5195102310180664 0.016141433715820313 0.017572708129882812
2 0.1232259750366211 0.5315868377685546 0.011701831817626953 0.010576400756835937
2 0.07856250762939453 0.4853125762939453 0.007625007629394531 0.011851425170898438
2 0.06974998474121094 0.45362503051757813 0.008000011444091798 0.011263427734375
2 0.09516088485717773 0.47794864654541014 0.009178256988525391 0.013102798461914063
2 0.100625 0.47612499237060546 0.010999984741210937 0.013747634887695313
2 0.11875 0.4675624465942383 0.008102054595947266 0.01087493896484375
2 0.14143753051757812 0.456875 0.010640392303466797 0.01375
2 0.14675002098083495 0.45293750762939455 0.008102054595947266 0.010875015258789063
2 0.1536250114440918 0.4514375305175781 0.008102054595947266 0.010875015258789063
2 0.1601249670982361 0.44831253051757813 0.008102045059204102 0.010875015258789063
2 0.16625001907348633 0.44531253814697264 0.008102035522460938 0.010875015258789063
2 0.13098594665527344 0.42595386505126953 0.00847188949584961 0.011407546997070313
2 0.11936095237731933 0.43195381164550783 0.008471908569335938 0.011407546997070313
2 0.18614143371582031 0.45434600830078126 0.0119671630859375 0.011191940307617188
2 0.19464141845703126 0.4430960083007813 0.0119671630859375 0.011191940307617188
2 0.1993914794921875 0.43734600067138674 0.0119671630859375 0.011191940307617188
2 0.3505718231201172 0.44234291076660154 0.01185638427734375 0.01269805908203125
2 0.3451967620849609 0.4378428268432617 0.01185638427734375 0.01269805908203125
2 0.33557174682617186 0.4307177734375 0.011856460571289062 0.01269805908203125
2 0.3303217315673828 0.42646785736083986 0.011856460571289062 0.01269805908203125
2 0.32032184600830077 0.4180928421020508 0.011856460571289062 0.01269805908203125
2 0.3149467658996582 0.41446781158447266 0.01185649871826172 0.01269805908203125
2 0.30944683074951174 0.4090928268432617 0.011856422424316407 0.01269805908203125
2 0.29907176971435545 0.4007177734375 0.011856460571289062 0.01269805908203125
2 0.2840717315673828 0.3895928192138672 0.011856460571289062 0.01269805908203125
2 0.3562577438354492 0.4048753356933594 0.013044891357421875 0.013750686645507812
2 0.3512577438354492 0.39937538146972656 0.013044891357421875 0.013750686645507812
2 0.3323827362060547 0.3922503662109375 0.013044891357421875 0.013750686645507812
2 0.3243749237060547 0.3791249847412109 0.01125 0.011922454833984375
2 0.3193749809265137 0.37537494659423826 0.011250038146972657 0.011922454833984375
2 0.35687496185302736 0.38287494659423826 0.01125 0.011922454833984375
2 0.3521250152587891 0.37924999237060547 0.01125 0.011922454833984375
2 0.34737491607666016 0.3737499237060547 0.01125 0.011922454833984375
2 0.33549999237060546 0.3666249465942383 0.01125 0.011922454833984375
2 0.3319807815551758 0.3609956359863281 0.011674423217773438 0.012508621215820312
2 0.41136573791503905 0.3848239898681641 0.012481536865234375 0.013398056030273437
2 0.4056157684326172 0.3804489517211914 0.012481536865234375 0.013397979736328124
2 0.4009907913208008 0.3731990432739258 0.012481536865234375 0.013397979736328124
2 0.39636577606201173 0.3691989898681641 0.012481613159179688 0.013397979736328124
2 0.3434907531738281 0.32919902801513673 0.012481613159179688 0.013398056030273437
2 0.3388525009155273 0.3242945098876953 0.012454833984375 0.01341094970703125
2 0.3355210494995117 0.3176553106307983 0.013957672119140625 0.014689388275146485
2 0.3226157760620117 0.3115740013122559 0.012481536865234375 0.013398017883300781
2 0.28374950408935545 0.3324389266967773 0.0122509765625 0.012377853393554688
2 0.6613131713867187 0.24040481567382813 0.00840728759765625 0.01169036865234375
2 0.6811882019042969 0.219904842376709 0.008407440185546875 0.011690406799316407
2 0.722938232421875 0.1677798080444336 0.00840728759765625 0.01169036865234375
2 0.9535624694824218 0.25075008392333986 0.0136248779296875 0.012762298583984375
2 0.9581873321533203 0.24524995803833008 0.013625030517578124 0.012762336730957032
2 0.9775627136230469 0.21887506484985353 0.013625030517578124 0.012762374877929687
2 0.9911876678466797 0.1992500114440918 0.013625030517578124 0.012762374877929687
2 0.9245000457763672 0.18206253051757812 0.013814849853515625 0.014375
2 0.9198750305175781 0.1784375762939453 0.013814849853515625 0.014375
2 0.9137499237060547 0.1752499198913574 0.012503509521484374 0.01300006866455078
2 0.9048751068115234 0.16475004196166992 0.012503509521484374 0.01300006866455078
2 0.8938751983642578 0.15525001525878906 0.012503509521484374 0.01300006866455078
2 0.9296390533447265 0.14379939079284668 0.008972015380859375 0.012598724365234374
2 0.9131389617919922 0.12992433547973634 0.008972015380859375 0.012598724365234374
2 0.9028507232666015 0.11988676071166993 0.00945159912109375 0.013023567199707032
2 0.8971007537841796 0.11526175498962403 0.00945159912109375 0.013023605346679687
2 0.8906007385253907 0.11126174926757812 0.00945159912109375 0.013023567199707032
2 0.8668816375732422 0.08936110496520996 0.00773681640625 0.013277816772460937
2 0.8618815612792968 0.08573610424995422 0.00773681640625 0.013277850151062011
2 0.8503816986083984 0.07623609066009522 0.007736968994140625 0.013277864456176758
2 0.8390572357177735 0.06387513637542724 0.0108642578125 0.016750326156616212
2 0.9668748474121094 0.034875032901763914 0.01699462890625 0.011250004768371583
