7 0.4222137451171875 0.9608555603027343 0.03240234375 0.06191162109375
7 0.5126943969726563 0.9618673706054688 0.0643524169921875 0.0627655029296875
7 0.07128311157226562 0.9674967956542969 0.0568658447265625 0.05763885498046875
7 0.4795245361328125 0.8725289916992187 0.0590655517578125 0.03932586669921875
2 0.2479864501953125 0.8614505004882812 0.01248291015625 0.0318157958984375
7 0.0750787353515625 0.81053466796875 0.034591064453125 0.05503173828125
7 0.07460769653320312 0.6919935607910156 0.045701904296875 0.06223907470703125
7 0.504791259765625 0.7279283142089844 0.056419677734375 0.03235107421875
2 0.382664794921875 0.8052279663085937 0.023192138671875 0.00982696533203125
2 0.22000244140625 0.7859605407714844 0.0272705078125 0.01059967041015625
2 0.32016510009765625 0.620479736328125 0.026336669921875 0.00983428955078125
2 0.320361328125 0.6033805847167969 0.025943603515625 0.01336517333984375
7 0.05342041015625 0.603515625 0.0584033203125 0.06644073486328125
7 0.05975387573242188 0.48210968017578126 0.06570404052734374 0.05951446533203125
7 0.09146133422851563 0.35934364318847656 0.05459808349609375 0.06340301513671875
2 0.5068789672851562 0.43769676208496094 0.0124951171875 0.025550384521484375
2 0.5395050048828125 0.4099844360351563 0.030267333984375 0.015024261474609375
2 0.4569970703125 0.3711504364013672 0.024842529296875 0.029711761474609376
2 0.42872833251953124 0.3728258514404297 0.035128173828125 0.026312103271484377
2 0.3948492431640625 0.36564605712890624 0.010616455078125 0.025316925048828126
7 0.5773623657226562 0.1271940612792969 0.0434765625 0.06216339111328125
7 0.4843902587890625 0.08825927734375 0.04027099609375 0.0675128173828125
7 0.0596295166015625 0.06817123413085938 0.04995452880859375 0.05624176025390625
2 0.20479522705078124 0.07291656494140625 0.0274163818359375 0.0161163330078125
2 0.2934375 0.06649185180664062 0.0090447998046875 0.024248809814453126
7 0.95875 0.0703570556640625 0.0410711669921875 0.047132568359375
7 0.8100521850585938 0.26267601013183595 0.0315203857421875 0.03036224365234375
7 0.6129550170898438 0.25189201354980467 0.0530340576171875 0.044355010986328124
7 0.7102993774414063 0.3569744110107422 0.0529693603515625 0.05350067138671875
7 0.8583660888671875 0.3413419342041016 0.065894775390625 0.0453265380859375
7 0.7722265625 0.45702108383178713 0.06341552734375 0.06809165954589844
7 0.7085183715820312 0.5412799072265625 0.0532635498046875 0.069150390625
2 0.970745849609375 0.47705156326293946 0.0243487548828125 0.022673568725585937
2 0.9941839599609374 0.4550886535644531 0.0256427001953125 0.024462890625
7 0.6188409423828125 0.7194908142089844 0.0499560546875 0.0548699951171875
2 0.8721136474609374 0.6240066528320313 0.02114501953125 0.03127227783203125
2 0.756600341796875 0.7769657897949219 0.0325128173828125 0.01989288330078125
2 0.7975030517578126 0.8082083129882812 0.022137451171875 0.0114404296875
2 0.7978598022460938 0.83427978515625 0.0221368408203125 0.01144012451171875
7 0.6179241943359375 0.8389517211914063 0.060421142578125 0.06145965576171875
7 0.642340087890625 0.9487831115722656 0.0592340087890625 0.03512542724609375
4 0.29301788330078127 0.9927079772949219 0.015611572265625 0.035272216796875
2 0.29630126953125 0.8404679870605469 0.0108526611328125 0.02417724609375
2 0.29492645263671874 0.7278428649902344 0.0108526611328125 0.02417694091796875
