0 0.652794246673584 0.5564175415039062 0.059091072082519534 0.05162384033203125
0 0.6907228851318359 0.600822525024414 0.06721817016601563 0.06588417053222656
0 0.7612933349609375 0.6120968627929687 0.055682220458984376 0.049949951171875
0 0.8116693878173828 0.5733454895019531 0.07503555297851562 0.07513595581054687
0 0.7197236633300781 0.4540609359741211 0.06882049560546875 0.06923080444335937
0 0.7675492095947266 0.4103017044067383 0.063895263671875 0.06388107299804688
0 0.8144491577148437 0.3672508239746094 0.06804428100585938 0.06811347961425782
0 0.9090110778808593 0.27652429580688476 0.06871749877929688 0.0686794662475586
0 0.9483081817626953 0.22840904235839843 0.06059051513671875 0.060914039611816406
0 0.9906295776367188 0.18564367532730103 0.07367462158203125 0.07471392631530761
0 0.8986100769042968 0.4817091751098633 0.0544720458984375 0.054939041137695314
