7 0.05805831909179687 0.865482177734375 0.0266497802734375 0.059644775390625
7 0.05486099243164062 0.7678396606445312 0.03997894287109375 0.06224945068359375
2 0.3739610290527344 0.7836764526367187 0.01223052978515625 0.02230224609375
2 0.17450820922851562 0.6602342224121094 0.03175750732421875 0.01780364990234375
2 0.2084393310546875 0.5973983764648437 0.013353271484375 0.03172576904296875
2 0.2808648681640625 0.5859786987304687 0.02456512451171875 0.0107891845703125
2 0.17557525634765625 0.519835205078125 0.030084228515625 0.0142901611328125
7 0.05674224853515625 0.4311553955078125 0.027877197265625 0.04842193603515625
2 0.27823623657226565 0.46859146118164063 0.03008544921875 0.0126904296875
2 0.2815864562988281 0.45036819458007815 0.02252777099609375 0.012969512939453125
2 0.2793449401855469 0.42711868286132815 0.02506683349609375 0.011605682373046875
2 0.27902572631835937 0.3824847412109375 0.027608642578125 0.01172027587890625
7 0.05411712646484375 0.31244247436523437 0.03426300048828125 0.06071136474609375
2 0.2799809265136719 0.16624351501464843 0.0240716552734375 0.01332489013671875
2 0.28126876831054687 0.12168777465820313 0.0231219482421875 0.01117767333984375
2 0.27927886962890625 0.10362648010253907 0.02604522705078125 0.01165557861328125
7 0.01439495086669922 0.03295402526855469 0.030472564697265624 0.06125808715820313
7 0.13261581420898438 0.03349617004394531 0.06154541015625 0.03272857666015625
2 0.6647752380371094 0.009991683959960938 0.02751953125 0.013011474609375
2 0.6679966735839844 0.026235885620117187 0.02500335693359375 0.01305572509765625
2 0.6661312866210938 0.0579998779296875 0.025003662109375 0.01305572509765625
2 0.66585205078125 0.08373619079589843 0.02500396728515625 0.0130560302734375
2 0.6660023498535156 0.10842010498046875 0.02967010498046875 0.012869415283203125
2 0.754759521484375 0.07883880615234375 0.02474609375 0.0104913330078125
7 0.7997114562988281 0.2785406494140625 0.05208038330078125 0.0640399169921875
7 0.4450163269042969 0.385123291015625 0.05038970947265625 0.06065338134765625
7 0.7959693908691406 0.41764671325683594 0.0298883056640625 0.054334259033203124
2 0.6377690124511719 0.43606475830078123 0.01157958984375 0.026356048583984375
2 0.6678298950195313 0.4887371826171875 0.0234771728515625 0.011851806640625
2 0.5623751831054687 0.5067599487304687 0.02380859375 0.01225067138671875
2 0.5626968383789063 0.5330331420898438 0.02625640869140625 0.01149871826171875
2 0.5924798583984375 0.4781645202636719 0.00983734130859375 0.02739501953125
2 0.6687757873535156 0.5699787902832031 0.0240234375 0.01178436279296875
7 0.7944554138183594 0.6181193542480469 0.0301983642578125 0.05055816650390625
7 0.44356765747070315 0.6104925537109375 0.02261566162109375 0.04567626953125
2 0.5564723205566406 0.766180419921875 0.02791900634765625 0.017982177734375
2 0.5921638488769532 0.8074240112304687 0.02104461669921875 0.02855316162109375
7 0.7979252624511719 0.8217678833007812 0.03721954345703125 0.0559912109375
7 0.46876419067382813 0.9250921630859374 0.06008941650390625 0.03475677490234375
7 0.46157241821289063 0.9867268371582031 0.06185089111328125 0.040128173828125
7 0.7685856628417969 0.9863462829589844 0.0532958984375 0.04372039794921875
7 0.8837831115722656 0.9674967956542969 0.0568658447265625 0.05763885498046875
7 0.8875787353515625 0.81053466796875 0.034591064453125 0.05503173828125
7 0.8871076965332031 0.6919935607910156 0.045701904296875 0.06223907470703125
7 0.86592041015625 0.603515625 0.0584033203125 0.06644073486328125
7 0.8722538757324219 0.48210968017578126 0.06570404052734374 0.05951446533203125
7 0.9039613342285157 0.35934364318847656 0.05459808349609375 0.06340301513671875
7 0.8721295166015625 0.06817123413085938 0.04995452880859375 0.05624176025390625
