2 0.030376968383789064 0.3786662292480469 0.025139617919921874 0.024092254638671876
2 0.017053070068359374 0.3890852355957031 0.025139617919921874 0.02409210205078125
2 0.008557853698730468 0.4026468658447266 0.01979034423828125 0.02409210205078125
7 0.015720272064208986 0.6387376403808593 0.03585380554199219 0.045775146484375
2 0.11638435363769531 0.9673036193847656 0.032349853515625 0.02558868408203125
2 0.20041885375976562 0.9615919494628906 0.022346343994140625 0.0263433837890625
7 0.1693926239013672 0.8043473815917969 0.06722808837890625 0.06068603515625
7 0.20715988159179688 0.7363934326171875 0.0651580810546875 0.0593365478515625
7 0.37402236938476563 0.7232542419433594 0.056639404296875 0.06437469482421875
2 0.1680860137939453 0.6073371887207031 0.02192626953125 0.02542816162109375
2 0.3065643310546875 0.5579609680175781 0.0258380126953125 0.021927490234375
7 0.40464805603027343 0.5711988830566406 0.051922760009765624 0.06621246337890625
2 0.2247618865966797 0.445682373046875 0.025640716552734377 0.02125274658203125
2 0.1665833282470703 0.42968528747558593 0.0292633056640625 0.029063568115234376
2 0.06212303161621094 0.3136941528320312 0.0244989013671875 0.024148101806640624
2 0.0981005859375 0.3215548706054687 0.02424591064453125 0.023919677734375
2 0.10712303161621094 0.31032577514648435 0.024246063232421875 0.023919525146484374
2 0.11523033142089843 0.2988895416259766 0.0242340087890625 0.02350555419921875
2 0.15729751586914062 0.29451820373535154 0.026187286376953126 0.02492919921875
2 0.12063552856445313 0.19238807678222655 0.021379852294921876 0.025139923095703124
5 0.10416915893554687 0.16544692993164062 0.021379547119140627 0.025139617919921874
2 0.39717185974121094 0.11714385986328125 0.018139801025390624 0.027583770751953125
2 0.56755126953125 0.23008758544921876 0.02415069580078125 0.013288421630859375
2 0.6019546508789062 0.36541015625 0.02095123291015625 0.011546478271484376
2 0.6791352844238281 0.40453414916992186 0.011142578125 0.02624755859375
2 0.6787307739257813 0.4324116516113281 0.01114227294921875 0.02624725341796875
2 0.5991618347167968 0.4493714904785156 0.02374298095703125 0.011173095703125
2 0.6363438415527344 0.6005335998535156 0.012213134765625 0.0271844482421875
2 0.6804890441894531 0.6270671081542969 0.01186767578125 0.02659210205078125
2 0.6038699340820313 0.6386122131347656 0.02200897216796875 0.01188262939453125
2 0.7110064697265625 0.6986119079589844 0.0220086669921875 0.01188232421875
2 0.7101396179199219 0.7117106628417968 0.0260430908203125 0.01093597412109375
2 0.7066201782226562 0.7237290954589843 0.02301788330078125 0.0113409423828125
2 0.6042599487304687 0.7648747253417969 0.0230181884765625 0.0113409423828125
2 0.6070181274414063 0.9858589172363281 0.01990203857421875 0.01156982421875
7 0.8705583190917969 0.865482177734375 0.0266497802734375 0.059644775390625
7 0.8673609924316407 0.7678396606445312 0.03997894287109375 0.06224945068359375
2 0.9870082092285156 0.6602342224121094 0.03175750732421875 0.01780364990234375
2 0.9880752563476562 0.519835205078125 0.030084228515625 0.0142901611328125
7 0.8692422485351563 0.4311553955078125 0.027877197265625 0.04842193603515625
7 0.8150180053710937 0.37900146484375 0.05402679443359375 0.036952362060546876
7 0.8666171264648438 0.31244247436523437 0.03426300048828125 0.06071136474609375
7 0.8260536193847656 0.03295402526855469 0.033837890625 0.06125808715820313
7 0.9451158142089844 0.03349617004394531 0.06154541015625 0.03272857666015625
