5 0.281829833984375 0.958895263671875 0.03625701904296875 0.062183837890625
5 0.2875126647949219 0.8958474731445313 0.01505157470703125 0.05927490234375
5 0.2744287109375 0.890911865234375 0.0155523681640625 0.056065673828125
5 0.27034103393554687 0.8384274291992188 0.03058349609375 0.054805908203125
5 0.3227203369140625 0.7366036987304687 0.038297119140625 0.0565155029296875
2 0.1154266357421875 0.37957855224609377 0.0225787353515625 0.009371337890625
2 0.1181585693359375 0.36657745361328126 0.0245062255859375 0.0101995849609375
2 0.13965545654296874 0.5001806640625 0.0104583740234375 0.0224456787109375
2 0.19404144287109376 0.281512451171875 0.01043212890625 0.0221826171875
2 0.18246109008789063 0.2836810302734375 0.0102545166015625 0.0222772216796875
2 0.18737380981445312 0.4324700927734375 0.02260101318359375 0.009427490234375
2 0.21329437255859374 0.5002694702148438 0.01048309326171875 0.0222686767578125
2 0.305478515625 0.4881634521484375 0.0226007080078125 0.009427490234375
2 0.23274246215820313 0.5004464721679688 0.01048309326171875 0.0222686767578125
2 0.19808944702148437 0.49956207275390624 0.0104833984375 0.022269287109375
