5 0.7785749816894532 0.015402603149414062 0.07537429809570312 0.03652923583984375
5 0.7982351684570312 0.017465744018554687 0.0753741455078125 0.040655517578125
5 0.8171673583984375 0.023139305114746093 0.0753741455078125 0.048907928466796875
5 0.8547885894775391 0.0351739501953125 0.07537429809570312 0.05416656494140625
5 0.841439208984375 0.025869827270507812 0.07537429809570312 0.05254852294921875
5 0.8822158813476563 0.04099945068359375 0.07537429809570312 0.05416656494140625
5 0.9055168151855468 0.04609634399414062 0.0753741455078125 0.05416656494140625
5 0.9404681396484375 0.0621160888671875 0.0753741455078125 0.05416656494140625
5 0.9732352447509766 0.06187301635742187 0.0753741455078125 0.05416656494140625
5 0.9198371887207031 0.05410629272460937 0.07537429809570312 0.054166259765625
5 0.769781494140625 0.058980560302734374 0.08365997314453125 0.03325225830078125
5 0.7649271392822266 0.07669906616210938 0.08365997314453125 0.03325225830078125
5 0.4216020202636719 0.14077667236328126 0.03398056030273437 0.0774261474609375
5 0.45035022735595703 0.14823638916015625 0.033980636596679686 0.0774261474609375
5 0.46909107208251954 0.152967529296875 0.03398056030273437 0.0774261474609375
5 0.43615787506103515 0.1447796630859375 0.03398056030273437 0.0774261474609375
5 0.484920768737793 0.15624233245849609 0.033980712890625 0.07742630004882813
5 0.49984073638916016 0.16188323974609375 0.03398056030273437 0.0774261474609375
5 0.5145787048339844 0.16606781005859375 0.03398056030273437 0.0774261474609375
5 0.5458741760253907 0.1749835205078125 0.03398056030273437 0.0774261474609375
5 0.563159523010254 0.17971435546875 0.03398056030273437 0.0774261474609375
5 0.5315001296997071 0.16934295654296874 0.03398056030273437 0.0774261474609375
5 0.5793531036376953 0.18480865478515626 0.03398056030273437 0.0774261474609375
5 0.5939091110229492 0.189539794921875 0.03398056030273437 0.0774261474609375
5 0.6115583801269531 0.1911767578125 0.03398056030273437 0.0774261474609375
5 0.6262964248657227 0.1991827392578125 0.033980789184570315 0.0774261474609375
5 0.6585014343261719 0.207552490234375 0.03398056030273437 0.0774261474609375
5 0.6723298645019531 0.209918212890625 0.03398056030273437 0.0774261474609375
5 0.6421260070800782 0.20264007568359374 0.033980712890625 0.0774261474609375
5 0.688341293334961 0.21519439697265624 0.03398056030273437 0.0774261474609375
5 0.7190910339355469 0.22392822265625 0.03398056030273437 0.0774261474609375
5 0.7343748474121093 0.22975067138671876 0.03398056030273437 0.0774261474609375
5 0.70508056640625 0.21883331298828124 0.03398056030273437 0.0774261474609375
5 0.7520240783691406 0.2333892822265625 0.03398056030273437 0.0774261474609375
5 0.7676718139648437 0.23793853759765626 0.03398056030273437 0.0774261474609375
5 0.7824100494384766 0.2393939208984375 0.03398056030273437 0.0774261474609375
5 0.7984217071533203 0.24739990234375 0.03398056030273437 0.0774261474609375
5 0.8124317932128906 0.25012908935546874 0.03398056030273437 0.0774261474609375
5 0.8302626037597656 0.25431396484375 0.03398056030273437 0.0774261474609375
5 0.8448187255859375 0.2603179931640625 0.03398056030273437 0.0774261474609375
5 0.619086685180664 0.30212860107421874 0.037075958251953124 0.0786029052734375
5 0.6045304870605469 0.3041302490234375 0.037075958251953124 0.0786029052734375
5 0.5763282012939454 0.29321319580078126 0.037075958251953124 0.0786029052734375
5 0.5606805419921875 0.2866629028320313 0.037075958251953124 0.0786029052734375
5 0.5899745941162109 0.2966702270507813 0.037075958251953124 0.0786029052734375
5 0.5475801849365234 0.2801129150390625 0.037075958251953124 0.0786029052734375
5 0.5151929473876953 0.27374420166015623 0.037075958251953124 0.0786029052734375
5 0.4951783752441406 0.2733804321289062 0.037075958251953124 0.0786029052734375
5 0.47598255157470704 0.26173614501953124 0.028360137939453123 0.0531298828125
5 0.4357714462280273 0.2182501220703125 0.0807860565185547 0.03927734375
5 0.429403190612793 0.231168212890625 0.0807861328125 0.0392779541015625
5 0.4266740036010742 0.245360107421875 0.0807860565185547 0.03927734375
5 0.41793243408203123 0.30109588623046873 0.081497802734375 0.0402752685546875
5 0.4163775634765625 0.315987548828125 0.07256591796875 0.03087158203125
5 0.41346641540527346 0.33017974853515625 0.07256591796875 0.03087158203125
5 0.407825927734375 0.34528106689453125 0.07256599426269532 0.03087158203125
5 0.4023675537109375 0.3582000732421875 0.07256591796875 0.03087158203125
5 0.40192840576171873 0.3732879638671875 0.06914070129394531 0.028714599609375
5 0.39519664764404294 0.38719085693359373 0.0691412353515625 0.0288531494140625
5 0.38473426818847656 0.41539337158203127 0.06459243774414063 0.0268072509765625
5 0.3914666748046875 0.40156494140625 0.06459259033203125 0.0268072509765625
5 0.38327869415283206 0.42903961181640626 0.06459236145019531 0.0268072509765625
5 0.37763832092285154 0.4435955810546875 0.06459243774414063 0.0268072509765625
5 0.37454513549804686 0.4577874755859375 0.06459243774414063 0.0268072509765625
5 0.3674489974975586 0.48671783447265626 0.06459236145019531 0.0268072509765625
5 0.3583514404296875 0.49909027099609377 0.06459243774414063 0.0268072509765625
5 0.35725982666015627 0.5120089721679687 0.06459243774414063 0.0268072509765625
5 0.35289314270019534 0.5289300537109375 0.06459243774414063 0.0268072509765625
5 0.3499818468093872 0.5418490600585938 0.06459257125854492 0.0268072509765625
5 0.34579684257507326 0.55549560546875 0.06459238052368164 0.0268072509765625
5 0.33979264259338376 0.5687777709960937 0.06459257125854492 0.0268072509765625
5 0.33560768127441404 0.583333740234375 0.06459243774414063 0.0268072509765625
5 0.33324244499206546 0.5986175537109375 0.06459238052368164 0.0268072509765625
5 0.3288756561279297 0.6133551025390624 0.06459243774414063 0.0268072509765625
5 0.32505462646484373 0.6290029907226562 0.06459243774414063 0.0268072509765625
5 0.3221435070037842 0.6437408447265625 0.06459238052368164 0.0268072509765625
5 0.3068595123291016 0.6864996337890625 0.0645924186706543 0.0268072509765625
5 0.315411319732666 0.6559317016601562 0.06459247589111328 0.0268072509765625
5 0.298853816986084 0.7196145629882813 0.06459239959716796 0.0268072509765625
5 0.2719249725341797 0.8287847900390625 0.06459239959716796 0.0268072509765625
5 0.3128639221191406 0.6712152099609375 0.0645924186706543 0.0268072509765625
5 0.2717431449890137 0.8606259155273438 0.06459239959716796 0.0268072509765625
5 0.2801127624511719 0.875181884765625 0.06459239959716796 0.0268072509765625
5 0.27247091293334963 0.84697998046875 0.06459239959716796 0.0268072509765625
5 0.299217529296875 0.90702392578125 0.0645924186706543 0.0268072509765625
5 0.288664436340332 0.8899200439453125 0.06459259033203125 0.0268072509765625
5 0.30418451309204103 0.9367642211914062 0.05269214630126953 0.044775390625
5 0.3187766408920288 0.9723629760742187 0.045850334167480467 0.0398089599609375
5 0.43677223205566407 0.9597891235351562 0.08058815002441407 0.0143743896484375
5 0.4393196105957031 0.9461428833007812 0.08058822631835938 0.0143743896484375
5 0.4333151626586914 0.9017465209960938 0.08058822631835938 0.0143743896484375
5 0.4354985809326172 0.9284933471679687 0.08058815002441407 0.0143743896484375
5 0.44541488647460936 0.8649020385742188 0.06331878662109375 0.0142095947265625
5 0.4481441879272461 0.8063140869140625 0.06331878662109375 0.0142095947265625
5 0.44959976196289064 0.7921221923828125 0.06331878662109375 0.0142095947265625
5 0.4490538787841797 0.8232354736328125 0.06331878662109375 0.0142095947265625
5 0.4475983047485352 0.7675588989257812 0.06331878662109375 0.0142095947265625
5 0.4486899948120117 0.751910400390625 0.06331878662109375 0.0142095947265625
5 0.4497816848754883 0.703330078125 0.06331878662109375 0.0142095947265625
5 0.4621659469604492 0.6275576782226563 0.04255302429199219 0.0569293212890625
5 0.4630757522583008 0.5946249389648437 0.04255302429199219 0.0569293212890625
5 0.4588909530639648 0.5758840942382812 0.04255302429199219 0.0569293212890625
5 0.46234798431396484 0.5418594360351563 0.04255302429199219 0.0569293212890625
5 0.49835742950439454 0.4438671875 0.013474349975585937 0.0396624755859375
5 0.5106389999389649 0.461385498046875 0.0136358642578125 0.0725152587890625
5 0.5506681442260742 0.4626593017578125 0.013635940551757812 0.0725152587890625
5 0.5328369903564453 0.46029388427734375 0.013636016845703125 0.0725152587890625
5 0.6092562866210938 0.4639321899414062 0.0136358642578125 0.0725152587890625
5 0.5721382904052734 0.46193145751953124 0.013635940551757812 0.0725152587890625
5 0.6463740539550781 0.46647979736328127 0.0136358642578125 0.0725152587890625
5 0.6680260467529296 0.465206298828125 0.013636016845703125 0.0725152587890625
5 0.5885138320922851 0.4630230712890625 0.0136358642578125 0.0725152587890625
5 0.7617305755615235 0.46647979736328127 0.0136358642578125 0.0725152587890625
5 0.6846796417236328 0.47570953369140623 0.0149395751953125 0.057496337890625
5 0.68786376953125 0.30413055419921875 0.024199371337890626 0.03897705078125
5 0.7317140197753906 0.31377410888671875 0.07157577514648437 0.0414849853515625
5 0.7970342254638672 0.3206878662109375 0.031113433837890624 0.012010498046875
5 0.7934706115722656 0.34353515625 0.072083740234375 0.013670654296875
5 0.7947598266601562 0.362445068359375 0.07569137573242188 0.012559814453125
5 0.9043756866455078 0.32506744384765623 0.0733074951171875 0.013489990234375
5 0.7236170959472656 0.4764373779296875 0.0149395751953125 0.057496337890625
5 0.8964701843261719 0.482623291015625 0.0149395751953125 0.057496337890625
5 0.7065137481689453 0.47862091064453127 0.0149395751953125 0.057496337890625
5 0.7819359588623047 0.46388153076171873 0.014017333984375 0.0411181640625
5 0.8006681823730468 0.4684814453125 0.0136358642578125 0.0725146484375
5 0.8383319091796875 0.4697552490234375 0.0136358642578125 0.0725152587890625
5 0.8779969787597657 0.47212005615234376 0.0136358642578125 0.0725152587890625
5 0.8186811065673828 0.46738922119140625 0.0136358642578125 0.0725152587890625
5 0.7410843658447266 0.47843902587890624 0.0149395751953125 0.057496337890625
5 0.8575325775146484 0.48207763671875 0.0149395751953125 0.057496337890625
5 0.935953369140625 0.4764373779296875 0.0149395751953125 0.057496337890625
5 0.9574235534667969 0.4846246337890625 0.0149395751953125 0.057496337890625
5 0.9745268249511718 0.4842608642578125 0.0149395751953125 0.057496337890625
5 0.9945413970947266 0.48717254638671875 0.014939422607421876 0.057496337890625
5 0.8798165130615234 0.2654241943359375 0.0136358642578125 0.0725152587890625
5 0.8981980133056641 0.26507049560546875 0.01328125 0.0748443603515625
5 0.9140287017822266 0.26434600830078125 0.013646697998046875 0.0754522705078125
5 0.9297673797607422 0.26487274169921876 0.0134649658203125 0.0752398681640625
5 0.9614268493652344 0.26487274169921876 0.0134649658203125 0.0752398681640625
5 0.9799857330322266 0.26450927734375 0.0134649658203125 0.0752398681640625
5 0.9461429595947266 0.26651031494140626 0.0134649658203125 0.0752398681640625
5 0.9963614654541015 0.26651031494140626 0.0134649658203125 0.0752398681640625
3 0.03428185969591141 0.3596078491210937 0.03894405245780945 0.1072760009765625
2 0.032357521057128906 0.21182342529296874 0.015042400360107422 0.0229937744140625
2 0.06144069671630859 0.1829327392578125 0.015042400360107422 0.0229937744140625
