2 0.09539468765258789 0.8189360809326172 0.01875314712524414 0.0171624755859375
2 0.4910749053955078 0.5386050796508789 0.018753128051757814 0.0171624755859375
2 0.8858740234375 0.2529838371276856 0.01735748291015625 0.015338859558105468
2 0.32919734954833985 0.15165447473526 0.01930145263671875 0.017105627059936523
2 0.42493873596191406 0.16283700942993165 0.018995132446289063 0.021689491271972658
2 0.05084536075592041 0.5800376510620118 0.01812906265258789 0.02088615417480469
2 0.4258242034912109 0.061698718070983885 0.01394073486328125 0.01762820243835449
2 0.020828065872192384 0.049525913596153257 0.0228192138671875 0.020101139545440672
2 0.2903761291503906 0.12958281517028808 0.01801422119140625 0.017383060455322265
2 0.31423831939697267 0.13124210357666016 0.018489227294921876 0.016083736419677735
2 0.01371681310236454 0.041624531745910645 0.022819217145442963 0.020101137161254883
2 0.29369468688964845 0.10398231506347656 0.01801422119140625 0.017383060455322265
2 0.2906921768188477 0.09513275146484375 0.01801422119140625 0.017383060455322265
2 0.5151778411865234 0.3027260971069336 0.02274169921875 0.019054298400878907
2 0.5212331771850586 0.1321529197692871 0.022751007080078125 0.026044921875
2 0.5394940948486329 0.15671810150146484 0.022751007080078125 0.026044921875
2 0.6795256805419921 0.11163914680480957 0.02274169921875 0.01905433654785156
2 0.3524987030029297 0.4030443572998047 0.01717132568359375 0.01565399169921875
2 0.3666291046142578 0.42478347778320313 0.01717132568359375 0.01565399169921875
2 0.37097702026367185 0.4326096343994141 0.01717132568359375 0.01565399169921875
2 0.35554214477539064 0.44260955810546876 0.01717132568359375 0.01565399169921875
2 0.33467262268066406 0.40587047576904295 0.01717132568359375 0.01565399169921875
2 0.33989002227783205 0.413044319152832 0.01717132568359375 0.01565399169921875
2 0.34341102600097656 0.4204827117919922 0.017090988159179688 0.015121688842773437
2 0.35254146575927736 0.4346131134033203 0.017090988159179688 0.015121688842773437
2 0.35101966857910155 0.4250478744506836 0.017090988159179688 0.015121612548828125
2 0.170759334564209 0.4780412673950195 0.017170791625976563 0.015656585693359374
2 0.049280128479003905 0.5612800216674805 0.017091875076293946 0.019516754150390624
2 0.05619568347930908 0.7415217590332032 0.01542440414428711 0.017391204833984375
2 0.05005568027496338 0.7454772186279297 0.014893970489501952 0.016171722412109374
2 0.043316522240638734 0.7493901824951172 0.014893977642059327 0.016171722412109374
2 0.038099120855331424 0.7537380218505859 0.01489396333694458 0.016171722412109374
2 0.05271738052368164 0.7003260803222656 0.01900191307067871 0.0163043212890625
2 0.03391303300857544 0.6765217590332031 0.017898898124694824 0.016086883544921875
2 0.03021735429763794 0.67 0.017898821830749513 0.016086883544921875
2 0.02413041830062866 0.665 0.01789881706237793 0.016086883544921875
2 0.019347848892211913 0.6578261566162109 0.017898869514465333 0.0160870361328125
2 0.015108680725097657 0.6801087188720704 0.019001922607421874 0.0163043212890625
2 0.665018310546875 0.09989707946777343 0.02289306640625 0.01912233352661133
2 0.671505355834961 0.10504653930664062 0.02022216796875 0.017704429626464843
2 0.6544035339355468 0.17018110036849976 0.019730682373046874 0.020646333694458008
2 0.11554154396057129 0.09374999046325684 0.01891611099243164 0.02058605194091797
2 0.2982105445861816 0.1112596607208252 0.01708038330078125 0.016658782958984375
2 0.30378339767456053 0.11832343101501465 0.018977546691894533 0.01780414581298828
2 0.3087297821044922 0.1240560245513916 0.01545654296875 0.014803428649902344
2 0.48303955078125 0.19676538467407226 0.018372726440429688 0.017077522277832033
2 0.10922113418579102 0.1777503204345703 0.020801029205322265 0.01777069091796875
2 0.11497041702270508 0.1860960006713867 0.020801029205322265 0.01777069091796875
2 0.11923598289489747 0.19444169998168945 0.020801048278808593 0.01777069091796875
2 0.16040809631347655 0.16365537881851197 0.020801010131835936 0.017770719528198243
2 0.1581825613975525 0.15364049911499023 0.020801019668579102 0.01777069091796875
2 0.18197345733642578 0.44323143005371096 0.020640869140625 0.018510513305664063
2 0.1983742332458496 0.4320013809204102 0.021278266906738282 0.018786544799804687
2 0.3062870979309082 0.4544696426391602 0.01910236358642578 0.020843887329101564
2 0.16584970712661742 0.3320276641845703 0.016594343185424805 0.015099029541015625
3 0.08568248867988587 0.45956974029541015 0.025707316398620606 0.022997055053710937
2 0.04117210745811462 0.5879080200195312 0.01300095796585083 0.015207672119140625
2 0.06323398113250732 0.6499607849121094 0.016304759979248046 0.01795684814453125
2 0.013260406404733659 0.5159495544433593 0.014775449633598328 0.01632049560546875
2 0.04400077819824219 0.7166465759277344 0.019001922607421874 0.0163043212890625
2 0.06013579845428467 0.7153483581542969 0.01900191307067871 0.0163043212890625
2 0.06619714736938477 0.7209754943847656 0.017457323074340822 0.015435791015625
2 0.05340724468231201 0.7293630981445313 0.017443695068359376 0.015476837158203124
2 0.04005410671234131 0.7371524047851562 0.017443695068359376 0.015476837158203124
2 0.036026020050048825 0.7025515747070312 0.019001989364624022 0.016304473876953125
2 0.02322930097579956 0.7121955108642578 0.019001941680908203 0.0163043212890625
2 0.010173032209277153 0.7222843933105468 0.01701189786195755 0.015043487548828125
2 0.025952341258525847 0.7461981201171874 0.017457319498062132 0.015435791015625
2 0.02883903741836548 0.75528564453125 0.011999449729919433 0.012425689697265626
2 0.019857766330242155 0.7054075622558593 0.01701189637184143 0.015043487548828125
2 0.023381538689136505 0.691868896484375 0.01701189875602722 0.015043487548828125
2 0.01948684424161911 0.6853779602050781 0.01701189637184143 0.015043487548828125
2 0.009657495580613613 0.6742502593994141 0.017011824995279312 0.015043487548828125
2 0.02583548307418823 0.06009712696075439 0.0228192138671875 0.020101137161254883
2 0.5803041458129883 0.20103858947753905 0.015458602905273438 0.017062339782714844
2 0.4686572265625 0.05860537052154541 0.015458602905273438 0.017062311172485353
2 0.05772543430328369 0.06802344799041748 0.017953996658325196 0.015689268112182617
