5 0.4219775390625 0.0117718505859375 0.00970489501953125 0.024000091552734373
5 0.4086867141723633 0.013278656005859375 0.010126495361328125 0.02698974609375
2 0.14575000762939452 0.0814373779296875 0.004500007629394532 0.0098748779296875
2 0.12600000381469725 0.08318756103515625 0.004500007629394532 0.0098748779296875
2 0.10575000762939453 0.0851873779296875 0.004500007629394532 0.0098748779296875
2 0.12799999237060547 0.0590625 0.004500007629394532 0.0098748779296875
2 0.136875 0.05881256103515625 0.004500007629394532 0.0098748779296875
2 0.15700000762939453 0.0595623779296875 0.004500007629394532 0.0098748779296875
0 0.8989292907714844 0.28616058349609375 0.019492340087890626 0.016083984375
0 0.9246475982666016 0.28667449951171875 0.019525604248046877 0.01570465087890625
5 0.912437515258789 0.18881256103515626 0.004375 0.0211248779296875
5 0.9064375305175781 0.18931243896484376 0.004375 0.0211248779296875
5 0.9016874694824218 0.1889373779296875 0.004375 0.0211248779296875
5 0.8966874694824218 0.1883123779296875 0.004375 0.0211248779296875
5 0.8916874694824218 0.1879376220703125 0.004375 0.0211248779296875
2 0.9385600280761719 0.17351348876953124 0.00462005615234375 0.01122314453125
