2 0.17208772659301758 0.9907981872558593 0.021736526489257814 0.0244012451171875
2 0.053051600456237795 0.9785536193847656 0.02464015007019043 0.02277069091796875
2 0.028905536532402038 0.9608097839355468 0.024640138149261474 0.02277069091796875
2 0.10140538215637207 0.9644073486328125 0.024640140533447267 0.02277069091796875
2 0.11648801803588867 0.7096783447265625 0.02434089660644531 0.02698486328125
2 0.16701791763305665 0.6568144226074218 0.02815948486328125 0.030743408203125
2 0.255670166015625 0.5644589233398437 0.02292552947998047 0.02343017578125
2 0.24310901641845703 0.556776123046875 0.02292549133300781 0.02343017578125
2 0.07530487537384033 0.43445114135742186 0.027439126968383788 0.025235443115234374
2 0.3817612838745117 0.5691200256347656 0.02571784973144531 0.02456451416015625
2 0.30086257934570315 0.5190603637695312 0.029250335693359376 0.01797698974609375
2 0.24962621688842773 0.4602734375 0.02913043975830078 0.0257940673828125
2 0.3353355026245117 0.4152134704589844 0.025670700073242188 0.02540679931640625
2 0.38103652954101563 0.3694512939453125 0.024512176513671876 0.02418060302734375
2 0.2194979667663574 0.3763946533203125 0.028751869201660157 0.027088775634765624
2 0.26794504165649413 0.33761077880859375 0.025158271789550782 0.02705078125
2 0.27778202056884765 0.3238060760498047 0.024832191467285155 0.02616851806640625
2 0.2995197486877441 0.30389076232910156 0.01599071502685547 0.020586700439453126
2 0.3307754898071289 0.31194831848144533 0.0122296142578125 0.026945037841796873
2 0.3453486251831055 0.3103630828857422 0.0122296142578125 0.026945037841796873
2 0.08231710433959961 0.3786585235595703 0.027795562744140623 0.02256103515625
2 0.030182881057262422 0.2890245819091797 0.023105698823928832 0.0219512939453125
2 0.06006093502044678 0.2905487060546875 0.028119277954101563 0.02743896484375
2 0.08887187957763672 0.2525914764404297 0.027425575256347656 0.02652435302734375
2 0.14890244483947754 0.23670745849609376 0.023433361053466797 0.02280487060546875
2 0.17439022064208984 0.2652440643310547 0.02073169708251953 0.02221282958984375
2 0.07889479160308838 0.14031005859375 0.023033323287963866 0.02269317626953125
2 0.047126483917236325 0.1122003173828125 0.023033332824707032 0.02269317626953125
2 0.12602888107299803 0.09567596435546875 0.023033332824707032 0.022693023681640626
2 0.11499227523803711 0.040431976318359375 0.023033332824707032 0.022693023681640626
2 0.16469513177871703 0.05219520568847656 0.02263350486755371 0.02256103515625
2 0.17654243469238282 0.07969779968261718 0.02625556945800781 0.023447265625
2 0.40259151458740233 0.08780494689941407 0.02548858642578125 0.0231707763671875
7 0.35626949310302736 0.019496345520019533 0.024156646728515627 0.03910263061523438
2 0.1321646213531494 0.020731735229492187 0.019573173522949218 0.0256097412109375
2 0.6053522491455078 0.02947151184082031 0.02792701721191406 0.019986419677734374
5 0.6013819122314453 0.07046035766601562 0.0286444091796875 0.03285980224609375
5 0.580284652709961 0.09806915283203126 0.035907745361328125 0.035907745361328125
5 0.5694452667236328 0.11414276123046875 0.029134521484375 0.03018341064453125
5 0.5503049087524414 0.11568428039550781 0.04668632507324219 0.047425537109375
5 0.5352303314208985 0.12821815490722657 0.03187759399414063 0.03387527465820313
5 0.5149943923950195 0.15865760803222656 0.03473114013671875 0.03668212890625
5 0.49959697723388674 0.1666022491455078 0.03747016906738281 0.038150482177734375
5 0.4879372787475586 0.17524253845214843 0.047012939453125 0.04974502563476563
5 0.4181699752807617 0.06925621032714843 0.04712882995605469 0.0444036865234375
5 0.42906898498535156 0.05447189331054687 0.042946090698242186 0.039768829345703124
5 0.4432587814331055 0.022357635498046875 0.022833786010742187 0.022018890380859375
5 0.5103319931030273 0.019309005737304687 0.014566421508789062 0.032368927001953124
2 0.5263380813598633 0.01939369201660156 0.010501327514648438 0.0280316162109375
5 0.3359197568893433 0.1592426300048828 0.03747018814086914 0.038150482177734375
5 0.3528581619262695 0.1421637725830078 0.03747016906738281 0.038150482177734375
5 0.3758665466308594 0.12105094909667968 0.050353927612304686 0.05028472900390625
7 0.6599309635162354 0.3514259338378906 0.05237224578857422 0.05206954956054687
2 0.8428769683837891 0.3786662292480469 0.025139617919921874 0.024092254638671876
2 0.8295530700683593 0.3890852355957031 0.025139617919921874 0.02409210205078125
2 0.8197205352783203 0.4026468658447266 0.025139617919921874 0.02409210205078125
2 0.7954817199707032 0.4278143310546875 0.028065643310546874 0.027053070068359376
2 0.7702513122558594 0.46333784103393555 0.03018463134765625 0.014664688110351563
2 0.6911661529541016 0.5359635925292969 0.026215057373046875 0.02653656005859375
2 0.4814353561401367 0.6609111022949219 0.025720062255859374 0.02454620361328125
7 0.8260136413574218 0.6387376403808593 0.044680328369140626 0.045775146484375
7 0.7954709625244141 0.6885733032226562 0.057604522705078126 0.06161224365234375
2 0.7955832672119141 0.8606546020507813 0.01923919677734375 0.0250799560546875
2 0.7404587554931641 0.8912617492675782 0.027705078125 0.03252349853515625
2 0.5127915573120118 0.7887982177734375 0.021903228759765626 0.02382568359375
2 0.5944483947753906 0.8571926879882813 0.022961883544921874 0.02793304443359375
2 0.6174375152587891 0.8632260131835937 0.017696151733398436 0.02044647216796875
2 0.9288843536376953 0.9673036193847656 0.032349853515625 0.02558868408203125
7 0.9818926239013672 0.8043473815917969 0.06722808837890625 0.06068603515625
2 0.9805860137939453 0.6073371887207031 0.02192626953125 0.02542816162109375
2 0.9790833282470703 0.42968528747558593 0.0292633056640625 0.029063568115234376
2 0.8746230316162109 0.3136941528320312 0.0244989013671875 0.024148101806640624
2 0.9106005859375 0.3215548706054687 0.02424591064453125 0.023919677734375
2 0.919623031616211 0.31032577514648435 0.024246063232421875 0.023919525146484374
2 0.9277303314208984 0.2988895416259766 0.0242340087890625 0.02350555419921875
2 0.9697975158691406 0.29451820373535154 0.026187286376953126 0.02492919921875
2 0.9331355285644531 0.19238807678222655 0.021379852294921876 0.025139923095703124
5 0.9166691589355469 0.16544692993164062 0.021379547119140627 0.025139617919921874
4 0.49513725280761717 0.020660324096679686 0.015360641479492187 0.03277725219726563
4 0.5416193008422852 0.018247756958007812 0.017596588134765626 0.032985076904296876
