5 0.03888677597045898 0.0269891357421875 0.07851951599121093 0.03358978271484375
5 0.03551898956298828 0.04713470458984375 0.07269416809082031 0.03358978271484375
5 0.030421867370605468 0.06436782836914062 0.062499923706054686 0.03358978271484375
5 0.042288589477539065 0.8476739501953126 0.07537429809570312 0.05416656494140625
5 0.03152061462402344 0.8379653930664063 0.06662635803222657 0.054166259765625
5 0.06971588134765624 0.8534994506835938 0.07537429809570312 0.05416656494140625
5 0.09301681518554687 0.8585963439941406 0.0753741455078125 0.05416656494140625
5 0.1279681396484375 0.8746160888671874 0.0753741455078125 0.05416656494140625
5 0.16073524475097656 0.8743730163574219 0.0753741455078125 0.05416656494140625
5 0.10733718872070312 0.8666062927246094 0.07537429809570312 0.054166259765625
5 0.18160903930664063 0.8792274475097657 0.07537429809570312 0.05416656494140625
5 0.20563827514648436 0.8882080078125 0.0753741455078125 0.05416656494140625
5 0.26753135681152346 0.904227294921875 0.07537429809570312 0.05416656494140625
5 0.22845375061035156 0.8940335083007812 0.0753741455078125 0.054166259765625
5 0.2546673583984375 0.89864501953125 0.0753741455078125 0.05416656494140625
5 0.30733695983886716 0.9202464294433593 0.07537429809570312 0.05416656494140625
5 0.29204620361328126 0.9098103332519532 0.07537429809570312 0.05416656494140625
5 0.34398765563964845 0.9178197860717774 0.0753741455078125 0.054166412353515624
5 0.4104926300048828 0.9306842041015625 0.0753741455078125 0.0541668701171875
5 0.35393936157226563 0.9304411315917969 0.0753741455078125 0.05416656494140625
5 0.3891332244873047 0.9253435897827148 0.0753741455078125 0.054166412353515624
5 0.436616382598877 0.933658447265625 0.07167076110839844 0.057607421875
5 0.4536299324035645 0.9438665771484375 0.06769737243652343 0.0581219482421875
5 0.5060574340820313 0.9533328247070313 0.06769744873046875 0.0581219482421875
5 0.47377609252929687 0.9477505493164062 0.06769744873046875 0.0581219482421875
5 0.5276591491699218 0.9627984619140625 0.0676971435546875 0.0581219482421875
5 0.18665054321289062 0.9355582427978516 0.08365997314453125 0.033252410888671875
5 0.7359822082519532 0.7021501159667969 0.07377716064453126 0.0313720703125
5 0.7381350708007812 0.6855024719238281 0.07377716064453126 0.03137176513671875
5 0.9202531433105469 0.7884014892578125 0.07377716064453126 0.0313720703125
5 0.9267111206054688 0.7718972778320312 0.07377716064453126 0.03137176513671875
5 0.9348918151855469 0.7367366027832031 0.07377716064453126 0.0313720703125
5 0.9311604309082031 0.7539582824707032 0.0737774658203125 0.03137176513671875
5 0.9390536499023437 0.7189410400390625 0.0737774658203125 0.03137176513671875
5 0.942210693359375 0.7007151794433594 0.07377716064453126 0.03137176513671875
5 0.9460856628417968 0.6862202453613281 0.0737774658203125 0.0313720703125
5 0.9509648132324219 0.6675634765625 0.07377716064453126 0.03137176513671875
5 0.9592886352539063 0.6529251098632812 0.07377716064453126 0.0313720703125
5 0.9678994750976563 0.6154682922363282 0.0737774658203125 0.0313720703125
5 0.9625894165039063 0.6351290893554687 0.07377716064453126 0.0313720703125
5 0.9723486328125 0.6008294677734375 0.07377716064453126 0.0313720703125
5 0.976654052734375 0.5836079406738282 0.0737774658203125 0.03137176513671875
5 0.9844036865234375 0.5665303039550781 0.0737774658203125 0.0313720703125
5 0.7478938293457031 0.6664152526855469 0.07377716064453126 0.0313720703125
5 0.7504769897460938 0.6479023742675781 0.0737774658203125 0.0313720703125
5 0.7669808959960938 0.5903532409667969 0.07377716064453126 0.0313714599609375
5 0.772291259765625 0.5719837951660156 0.0737774658203125 0.0313720703125
5 0.7580836486816406 0.6265185546875 0.0737774658203125 0.03137176513671875
5 0.7786058044433594 0.5549055480957031 0.07377716064453126 0.0313720703125
5 0.7885079956054688 0.5180226135253906 0.0737774658203125 0.0313720703125
5 0.7952534484863282 0.49979644775390625 0.07377716064453126 0.0313720703125
5 0.7837721252441406 0.5362484741210938 0.07377716064453126 0.0313720703125
5 0.7965449523925782 0.4808526611328125 0.07377716064453126 0.03137176513671875
5 0.8755024719238281 0.443240966796875 0.03578155517578125 0.07964996337890624
5 0.8515104675292968 0.29385482788085937 0.07377716064453126 0.0313720703125
5 0.8571075439453125 0.2779249572753906 0.07377716064453126 0.0313720703125
5 0.8677273559570312 0.2383154296875 0.07377716064453126 0.0313720703125
5 0.8799261474609374 0.20272430419921875 0.0737774658203125 0.0313720703125
5 0.9004483032226562 0.12795394897460938 0.0737774658203125 0.0313720703125
5 0.9056147766113282 0.08992279052734375 0.0737774658203125 0.0313720703125
5 0.9219755554199218 0.05476211547851562 0.0737774658203125 0.0313714599609375
