2 0.05838414192199707 0.9685971069335938 0.01067072868347168 0.025914306640625
2 0.07417682647705078 0.96945068359375 0.01067072868347168 0.025914306640625
2 0.22753049850463866 0.93545654296875 0.011158561706542969 0.033125
2 0.17728656768798828 0.8554879760742188 0.010060997009277343 0.0218408203125
7 0.42069156646728517 0.8262054443359375 0.039338302612304685 0.0574884033203125
2 0.1781812858581543 0.776497802734375 0.009978866577148438 0.02525146484375
2 0.22753046035766603 0.7939938354492188 0.009329299926757812 0.0219842529296875
2 0.228689022064209 0.7259451293945313 0.009329261779785157 0.0219842529296875
2 0.034725608825683596 0.6746649169921874 0.009329266548156738 0.0219842529296875
2 0.1496464467048645 0.7498312377929688 0.0250972843170166 0.0128363037109375
2 0.14562209129333495 0.7345266723632813 0.025097503662109374 0.0128369140625
2 0.2596438789367676 0.674537353515625 0.03148303985595703 0.0140130615234375
2 0.23015241622924804 0.6341162109375 0.009329261779785157 0.0219842529296875
2 0.22957317352294923 0.6042681884765625 0.009146347045898437 0.026524658203125
2 0.17948169708251954 0.577042236328125 0.009329299926757812 0.02198486328125
2 0.01966463088989258 0.5342990112304687 0.009329271316528321 0.0219842529296875
2 0.22978658676147462 0.5303964233398437 0.009329261779785157 0.0219842529296875
2 0.2303353500366211 0.4571649169921875 0.009329261779785157 0.0219842529296875
2 0.1793597984313965 0.460457763671875 0.009329261779785157 0.02198486328125
2 0.05265243053436279 0.43695159912109377 0.009941120147705079 0.0272564697265625
2 0.03826219081878662 0.43993927001953126 0.009941139221191407 0.0272564697265625
2 0.2667683029174805 0.43155487060546877 0.021341476440429687 0.010975341796875
2 0.2673170852661133 0.4168597412109375 0.021341476440429687 0.010975341796875
2 0.23118896484375 0.36137237548828127 0.009329261779785157 0.0219842529296875
2 0.17960363388061523 0.36222625732421876 0.009329261779785157 0.0219842529296875
2 0.18021341323852538 0.3241156005859375 0.009207305908203125 0.0290625
2 0.2650872802734375 0.34122528076171876 0.022874183654785156 0.0111474609375
2 0.26472145080566406 0.29543212890625 0.022874183654785156 0.0111474609375
2 0.2610019874572754 0.2825665283203125 0.022874221801757813 0.0111474609375
2 0.17960363388061523 0.2674090576171875 0.009329261779785157 0.0219842529296875
2 0.22801828384399414 0.22344512939453126 0.009329299926757812 0.0219842529296875
2 0.22429874420166016 0.1947259521484375 0.009329261779785157 0.0219842529296875
2 0.1482958698272705 0.23886627197265625 0.024640445709228517 0.0121826171875
2 0.1451425361633301 0.21549072265625 0.023873729705810545 0.011895751953125
2 0.159346387386322 0.1315313720703125 0.019111948013305666 0.02861083984375
2 0.09344518661499024 0.08094512939453125 0.022865924835205078 0.018673095703125
2 0.5504714584350586 0.028722991943359377 0.024145660400390626 0.01296295166015625
2 0.6236034011840821 0.0891064453125 0.013613967895507813 0.0212994384765625
2 0.6260780715942382 0.1568353271484375 0.009715347290039063 0.024075927734375
2 0.6501396083831787 0.1193084716796875 0.020949745178222658 0.010499267578125
7 0.8128654479980468 0.19673919677734375 0.0508709716796875 0.058798828125
7 0.7734027862548828 0.240706787109375 0.02875274658203125 0.052154541015625
2 0.5446927261352539 0.3008721923828125 0.018854751586914062 0.011173095703125
7 0.4485354995727539 0.5578585815429687 0.05571311950683594 0.03125
7 0.7558782958984375 0.5795724487304688 0.054442138671875 0.0273895263671875
7 0.7839964294433593 0.5172283935546875 0.055605316162109376 0.059000244140625
2 0.5093561935424805 0.5587237548828125 0.0189971923828125 0.008040771484375
2 0.5371856689453125 0.8331704711914063 0.0236602783203125 0.011522216796875
2 0.6422556877136231 0.8190020751953125 0.026287879943847656 0.010531005859375
2 0.693338623046875 0.858250732421875 0.03022216796875 0.0107196044921875
2 0.7277094268798828 0.855782470703125 0.02712371826171875 0.0106561279296875
2 0.6927189636230469 0.8688485717773438 0.030763092041015624 0.010947265625
2 0.7233518981933593 0.8700701904296875 0.028946075439453125 0.0106005859375
2 0.7454608917236328 0.8707052612304688 0.017557525634765626 0.010474853515625
2 0.6492668914794922 0.901082763671875 0.021997222900390623 0.013345947265625
2 0.5696579360961914 0.908590087890625 0.012220687866210937 0.0236077880859375
2 0.5699510955810547 0.9329742431640625 0.012220611572265625 0.023607177734375
2 0.6127238845825196 0.9775048828125 0.011060638427734375 0.025750732421875
7 0.8738829040527344 0.949482421875 0.06611526489257813 0.0532861328125
7 0.9117515563964844 0.8166094970703125 0.06376235961914062 0.06166015625
7 0.859041519165039 0.65844482421875 0.04551025390625 0.0602362060546875
7 0.9023104858398437 0.5574920654296875 0.0531463623046875 0.0327593994140625
2 0.9912710571289063 0.6179119873046875 0.0251397705078125 0.01259033203125
2 0.9369760894775391 0.20310699462890625 0.024790496826171876 0.011173095703125
2 0.9358289337158203 0.1852734375 0.022197265625 0.01111572265625
2 0.96840087890625 0.1589385986328125 0.010125732421875 0.024091796875
2 0.9679957580566406 0.1267596435546875 0.010125732421875 0.024091796875
2 0.9427104949951172 0.12545074462890626 0.02997467041015625 0.028917236328125
2 0.9676495361328125 0.05409103393554687 0.010019378662109375 0.0268603515625
