7 0.3156573486328125 0.7209136962890625 0.038780517578125 0.060826416015625
7 0.281015625 0.6404632568359375 0.053968505859375 0.057926025390625
7 0.13778289794921875 0.06122543334960937 0.0511712646484375 0.048656005859375
7 0.7098138427734375 0.49891693115234376 0.01777587890625 0.0279150390625
7 0.8781939697265625 0.45463470458984373 0.06827880859375 0.047191162109375
7 0.9439508056640625 0.48407440185546874 0.0581103515625 0.0346575927734375
2 0.97642822265625 0.6334271240234375 0.02855712890625 0.012640380859375
2 0.97845458984375 0.6694757080078125 0.025439453125 0.01357666015625
2 0.930609130859375 0.6701724243164062 0.025941162109375 0.0124835205078125
2 0.7154736328125 0.6705978393554688 0.025941162109375 0.0124835205078125
2 0.6704058837890625 0.6710226440429687 0.025941162109375 0.0124835205078125
2 0.4345538330078125 0.6769033813476563 0.028258056640625 0.02076904296875
2 0.468267822265625 0.559822998046875 0.023753662109375 0.0252581787109375
2 0.75030029296875 0.6035107421875 0.01480224609375 0.025899658203125
2 0.8010693359375 0.703035888671875 0.01376220703125 0.02600341796875
2 0.432100830078125 0.7587161254882813 0.0331640625 0.0356036376953125
7 0.46547607421875 0.8416241455078125 0.05314697265625 0.028486328125
7 0.807698974609375 0.8314682006835937 0.05391845703125 0.0401092529296875
7 0.8999090576171875 0.8198623657226562 0.056842041015625 0.0269647216796875
7 0.9484429931640626 0.8914996337890625 0.072451171875 0.0677471923828125
