2 0.07889479160308838 0.95281005859375 0.023033323287963866 0.02269317626953125
2 0.047126483917236325 0.9247003173828126 0.023033332824707032 0.02269317626953125
2 0.12602888107299803 0.9081759643554688 0.023033332824707032 0.022693023681640626
2 0.11499227523803711 0.8529319763183594 0.023033332824707032 0.022693023681640626
2 0.16469513177871703 0.8646952056884766 0.02263350486755371 0.02256103515625
2 0.17654243469238282 0.8921977996826171 0.02625556945800781 0.023447265625
2 0.40259151458740233 0.9003049468994141 0.02548858642578125 0.0231707763671875
7 0.35626949310302736 0.8295462036132812 0.024156646728515627 0.04411285400390625
2 0.1321646213531494 0.8332317352294922 0.019573173522949218 0.0256097412109375
7 0.3822742462158203 0.7385372161865235 0.028698883056640624 0.04953277587890625
2 0.27763282775878906 0.7781125640869141 0.031319808959960935 0.015726318359375
2 0.24908536911010742 0.7721037292480468 0.02987804412841797 0.016230621337890626
2 0.21386877059936524 0.7192715454101563 0.010067329406738282 0.02329925537109375
2 0.1714939308166504 0.5896340560913086 0.02408538818359375 0.02373023986816406
2 0.12215936660766602 0.5395351791381836 0.025681266784667967 0.02602142333984375
2 0.031158530712127687 0.4485366058349609 0.025853714942932128 0.025853729248046874
2 0.08130858421325683 0.4502682876586914 0.02176353454589844 0.023707275390625
2 0.0705430543422699 0.4391938781738281 0.02462270259857178 0.025338897705078123
7 0.372193489074707 0.5625580596923828 0.024958267211914062 0.044014892578125
7 0.15076221466064454 0.32195125579833983 0.05558822631835938 0.05426834106445313
2 0.1539634108543396 0.12042682647705077 0.018744401931762696 0.0256097412109375
2 0.18490850448608398 0.1300304889678955 0.014329261779785156 0.031122055053710938
2 0.7240853118896484 0.5851964569091797 0.0204241943359375 0.02201904296875
2 0.8253726196289063 0.7816733551025391 0.02824859619140625 0.026761474609375
2 0.6053522491455078 0.8419715118408203 0.02792701721191406 0.019986419677734374
5 0.6013819122314453 0.8829603576660157 0.0286444091796875 0.03285980224609375
5 0.580284652709961 0.9105691528320312 0.035907745361328125 0.035907745361328125
5 0.5694452667236328 0.9266427612304687 0.029134521484375 0.03018341064453125
5 0.5503049087524414 0.9281842803955078 0.04668632507324219 0.047425537109375
5 0.5352303314208985 0.9407181549072265 0.03187759399414063 0.03387527465820313
5 0.5149943923950195 0.9711576080322266 0.03473114013671875 0.03668212890625
5 0.49959697723388674 0.9791022491455078 0.03747016906738281 0.038150482177734375
5 0.4879372787475586 0.9877425384521484 0.047012939453125 0.04974502563476563
5 0.4181699752807617 0.8817562103271485 0.04712882995605469 0.0444036865234375
5 0.42906898498535156 0.8669718933105469 0.042946090698242186 0.039768829345703124
5 0.4432587814331055 0.8348576354980469 0.022833786010742187 0.022018890380859375
5 0.5103319931030273 0.8318090057373047 0.014566421508789062 0.032368927001953124
2 0.5263380813598633 0.8318936920166016 0.010501327514648438 0.0280316162109375
5 0.3359197568893433 0.9717426300048828 0.03747018814086914 0.038150482177734375
5 0.3528581619262695 0.9546637725830078 0.03747016906738281 0.038150482177734375
5 0.3758665466308594 0.9335509490966797 0.050353927612304686 0.05028472900390625
5 0.9166691589355469 0.9779469299316407 0.021379547119140627 0.025139617919921874
4 0.49513725280761717 0.8331603240966797 0.015360641479492187 0.03277725219726563
4 0.5416193008422852 0.8307477569580078 0.017596588134765626 0.032985076904296876
7 0.3042763137817383 0.23317306518554687 0.02707489013671875 0.027580947875976564
