5 0.14918602943420411 0.5498257446289062 0.005627841949462891 0.0200982666015625
5 0.15681106567382813 0.54945068359375 0.0056278610229492185 0.0200982666015625
5 0.17856386184692383 0.534189453125 0.006872291564941406 0.0301300048828125
5 0.18575002670288085 0.533375244140625 0.006751480102539062 0.0225
5 0.19224998474121094 0.5343746948242187 0.006751480102539062 0.0225
5 0.19999998092651367 0.535999755859375 0.006749992370605469 0.0300103759765625
5 0.21174999237060546 0.5321255493164062 0.006751480102539062 0.0225
5 0.21868751525878907 0.5360626220703125 0.006896514892578125 0.02887451171875
5 0.22456254959106445 0.5364385986328125 0.006896514892578125 0.02887451171875
5 0.2310624885559082 0.5349374389648438 0.006896553039550782 0.0288751220703125
5 0.23831249237060548 0.5336874389648437 0.006896514892578125 0.0288751220703125
5 0.24523117065429687 0.5350607299804687 0.00703765869140625 0.0251287841796875
5 0.25148117065429687 0.53006103515625 0.00703765869140625 0.0251287841796875
5 0.19196043014526368 0.499716796875 0.031671066284179684 0.018565673828125
5 0.25793607711791994 0.531324462890625 0.005877838134765625 0.0221490478515625
5 0.2629435920715332 0.5330648803710938 0.005862846374511719 0.0208795166015625
5 0.2704141044616699 0.5335052490234375 0.006671905517578125 0.0250146484375
5 0.27666406631469725 0.5325045776367188 0.006671905517578125 0.0250146484375
5 0.28369668960571287 0.5309844970703125 0.006393356323242188 0.02128173828125
5 0.2895000267028809 0.5340631103515625 0.006292991638183594 0.0298748779296875
5 0.2971875762939453 0.5337506103515625 0.006379013061523438 0.025250244140625
5 0.3031874656677246 0.532874755859375 0.006379051208496094 0.025250244140625
5 0.30968753814697264 0.5311251831054687 0.006379013061523438 0.025250244140625
5 0.3158125114440918 0.531375732421875 0.006668891906738281 0.02375
5 0.32312400817871095 0.5322177124023437 0.005502166748046875 0.021934814453125
5 0.3338739013671875 0.53146728515625 0.005502090454101562 0.021934814453125
5 0.34219161987304686 0.5300466918945312 0.005866851806640625 0.0288433837890625
5 0.35031490325927733 0.5312710571289062 0.0063702392578125 0.026708984375
5 0.3579399490356445 0.5283956909179688 0.0063702392578125 0.026708984375
5 0.25681295394897463 0.48809295654296875 0.030124549865722657 0.0193145751953125
5 0.27643756866455077 0.48574981689453123 0.02637504577636719 0.0188427734375
5 0.29156251907348635 0.48456298828125 0.022625160217285157 0.015771484375
5 0.3058124923706055 0.48512481689453124 0.02637504577636719 0.0188427734375
5 0.31674985885620116 0.4863751220703125 0.029250144958496094 0.0199481201171875
5 0.3487501907348633 0.48431304931640623 0.02225006103515625 0.0167352294921875
5 0.36093189239501955 0.4850543212890625 0.027863998413085938 0.0198583984375
5 0.36993228912353515 0.48605499267578123 0.02786407470703125 0.0198590087890625
5 0.3750930404663086 0.490985107421875 0.022436065673828123 0.0169696044921875
5 0.4863750076293945 0.68375 0.03 0.006500244140625
5 0.4460494613647461 0.6883816528320312 0.028651046752929687 0.007513427734375
5 0.44575000762939454 0.6962503051757812 0.030679244995117188 0.0075
5 0.4840625 0.7370001220703125 0.006374969482421875 0.02800048828125
5 0.48318336486816404 0.7611428833007813 0.0063665771484375 0.0174627685546875
5 0.4862005996704102 0.8555047607421875 0.007401046752929688 0.0285089111328125
5 0.4391874694824219 0.8339370727539063 0.024625015258789063 0.005374755859375
5 0.4415640640258789 0.8255657958984375 0.02962188720703125 0.006380615234375
5 0.441814079284668 0.8175653076171875 0.02962188720703125 0.006380615234375
2 0.8688265991210937 0.8650497436523438 0.0154034423828125 0.0085992431640625
2 0.9282020568847656 0.8533712768554688 0.01265380859375 0.008492431640625
2 0.951693344116211 0.6392825317382812 0.01111358642578125 0.0076849365234375
2 0.9474432373046875 0.6157827758789063 0.01111328125 0.007684326171875
2 0.9480684661865234 0.603907470703125 0.01111328125 0.007684326171875
2 0.9661933135986328 0.5805325317382812 0.01111328125 0.007684326171875
2 0.9637500762939453 0.569312744140625 0.010750274658203125 0.007899169921875
2 0.9406250762939453 0.5680633544921875 0.010750274658203125 0.007899169921875
2 0.9393749237060547 0.5589376831054688 0.010750274658203125 0.007899169921875
2 0.9365000915527344 0.5528125 0.010750579833984374 0.007899169921875
