2 0.21187515258789064 0.942125244140625 0.0117498779296875 0.0090679931640625
2 0.5121620178222657 0.9331826782226562 0.0133233642578125 0.0073638916015625
2 0.4703125 0.9005624389648438 0.014375 0.0093817138671875
2 0.5539373779296874 0.8866250610351563 0.01287506103515625 0.0068646240234375
2 0.5675627136230469 0.7373123168945312 0.00513214111328125 0.011624755859375
2 0.5613125610351563 0.7509378051757812 0.00513214111328125 0.011624755859375
2 0.5539375305175781 0.750062255859375 0.00513214111328125 0.011624755859375
2 0.5400625610351563 0.7521875 0.00513214111328125 0.011624755859375
2 0.5326873779296875 0.7535626220703125 0.00513214111328125 0.011624755859375
2 0.5360627746582032 0.73731201171875 0.00513214111328125 0.011624755859375
2 0.38499984741210935 0.7417501831054687 0.01534454345703125 0.0125
2 0.38379653930664065 0.7087359619140625 0.0170928955078125 0.014971923828125
2 0.34389724731445315 0.6997445678710937 0.0142059326171875 0.0062603759765625
2 0.3440278625488281 0.6923080444335937 0.0120556640625 0.0063653564453125
2 0.38400070190429686 0.699420166015625 0.01224853515625 0.0108441162109375
2 0.3846258544921875 0.690794677734375 0.01224822998046875 0.0108441162109375
2 0.3835009765625 0.6806698608398437 0.01224822998046875 0.0108441162109375
2 0.3417779541015625 0.6639334106445313 0.01205535888671875 0.0063653564453125
2 0.34215316772460935 0.655557861328125 0.01205535888671875 0.0063653564453125
2 0.34290313720703125 0.6471832275390625 0.01205535888671875 0.0063653564453125
0 0.39023773193359373 0.5728948974609375 0.03491119384765625 0.0423028564453125
0 0.47751312255859374 0.5719552612304688 0.03685150146484375 0.0415509033203125
0 0.6344625854492187 0.6146099853515625 0.02447021484375 0.0325665283203125
2 0.6548771667480469 0.8748110961914063 0.012666015625 0.0068719482421875
2 0.76125 0.9136248779296875 0.01024993896484375 0.005250244140625
2 0.7827505493164062 0.8465005493164063 0.0132501220703125 0.008336181640625
2 0.8758164978027344 0.8405441284179688 0.01213287353515625 0.0075885009765625
2 0.9430117797851563 0.8518069458007812 0.012037353515625 0.006865234375
