2 0.304678955078125 0.564998779296875 0.00891143798828125 0.0198785400390625
2 0.483817138671875 0.5279022216796875 0.03087799072265625 0.0111663818359375
2 0.48335464477539064 0.550487060546875 0.0323272705078125 0.0106341552734375
2 0.634095458984375 0.7325881958007813 0.00649688720703125 0.018970947265625
2 0.9729214477539062 0.7915618896484375 0.01983642578125 0.020836181640625
2 0.9701248168945312 0.8173190307617187 0.0159844970703125 0.015550537109375
2 0.9724497985839844 0.892633056640625 0.0178790283203125 0.01731689453125
2 0.9715048217773438 0.9061715698242188 0.0178790283203125 0.0173175048828125
2 0.8541670227050782 0.7308380126953125 0.00757720947265625 0.016265869140625
2 0.624556884765625 0.7335995483398438 0.0082904052734375 0.0165484619140625
2 0.6161103820800782 0.7346823120117187 0.00738861083984375 0.0177789306640625
2 0.6526942443847656 0.7321435546875 0.00779571533203125 0.017623291015625
2 0.6722198486328125 0.8296615600585937 0.01867431640625 0.0170916748046875
2 0.6825764465332032 0.8423138427734375 0.012642822265625 0.0123089599609375
2 0.8420405578613281 0.730716552734375 0.00879608154296875 0.018599853515625
2 0.8276118469238282 0.7308535766601563 0.00834259033203125 0.0187261962890625
2 0.21147933959960938 0.80931884765625 0.0194671630859375 0.018355712890625
2 0.5246133422851562 0.967010498046875 0.0193255615234375 0.0167523193359375
2 0.5660234069824219 0.9814657592773437 0.0166650390625 0.0183697509765625
2 0.56791259765625 0.934278564453125 0.0193255615234375 0.0167523193359375
