2 0.8791653442382813 0.660572509765625 0.0316754150390625 0.01177734375
2 0.08444244384765626 0.8267086791992188 0.01951416015625 0.0131475830078125
2 0.08030242919921875 0.8121426391601563 0.01851898193359375 0.008997802734375
2 0.21368865966796874 0.8985287475585938 0.006513671875 0.0129254150390625
2 0.14377288818359374 0.9660299682617187 0.009217529296875 0.016243896484375
2 0.16276947021484375 0.9388262939453125 0.0085430908203125 0.014835205078125
2 0.577113037109375 0.6710650634765625 0.006295166015625 0.0159619140625
2 0.665355224609375 0.720413818359375 0.016861572265625 0.0094854736328125
2 0.6612026977539063 0.8554287719726562 0.017998046875 0.015694580078125
2 0.6933834838867188 0.9916995239257812 0.008233642578125 0.01469482421875
