2 0.017750091552734375 0.954375 0.01149993896484375 0.00767822265625
2 0.21187515258789064 0.823375244140625 0.0117498779296875 0.0090679931640625
2 0.5121620178222657 0.8144326782226563 0.0133233642578125 0.0073638916015625
2 0.4703125 0.7818124389648438 0.014375 0.0093817138671875
2 0.5539373779296874 0.7678750610351562 0.01287506103515625 0.0068646240234375
2 0.5675627136230469 0.6185623168945312 0.00513214111328125 0.011624755859375
2 0.5613125610351563 0.6321878051757812 0.00513214111328125 0.011624755859375
2 0.5539375305175781 0.631312255859375 0.00513214111328125 0.011624755859375
2 0.5400625610351563 0.6334375 0.00513214111328125 0.011624755859375
2 0.5326873779296875 0.6348126220703125 0.00513214111328125 0.011624755859375
2 0.5360627746582032 0.61856201171875 0.00513214111328125 0.011624755859375
2 0.38499984741210935 0.6230001831054688 0.01534454345703125 0.0125
2 0.38379653930664065 0.5899859619140625 0.0170928955078125 0.014971923828125
2 0.34389724731445315 0.5809945678710937 0.0142059326171875 0.0062603759765625
2 0.3440278625488281 0.5735580444335937 0.0120556640625 0.0063653564453125
2 0.38400070190429686 0.580670166015625 0.01224853515625 0.0108441162109375
2 0.3846258544921875 0.572044677734375 0.01224822998046875 0.0108441162109375
2 0.3835009765625 0.5619198608398438 0.01224822998046875 0.0108441162109375
2 0.3417779541015625 0.5451834106445312 0.01205535888671875 0.0063653564453125
2 0.34215316772460935 0.536807861328125 0.01205535888671875 0.0063653564453125
2 0.34290313720703125 0.5284332275390625 0.01205535888671875 0.0063653564453125
0 0.39023773193359373 0.4541448974609375 0.03491119384765625 0.0423028564453125
0 0.47751312255859374 0.4532052612304687 0.03685150146484375 0.0415509033203125
0 0.6344625854492187 0.4958599853515625 0.02447021484375 0.0325665283203125
2 0.6548771667480469 0.7560610961914063 0.012666015625 0.0068719482421875
2 0.76125 0.7948748779296875 0.01024993896484375 0.005250244140625
2 0.7827505493164062 0.7277505493164063 0.0132501220703125 0.008336181640625
2 0.8758164978027344 0.7217941284179688 0.01213287353515625 0.0075885009765625
2 0.9430117797851563 0.7330569458007813 0.012037353515625 0.006865234375
