2 0.974375 0.34649993896484377 0.005 0.01274993896484375
2 0.9160624694824219 0.3552500152587891 0.014375 0.00625
2 0.9159375 0.34887496948242186 0.014375 0.00625
2 0.9158125305175782 0.3423750305175781 0.014375 0.00625
2 0.9166874694824219 0.3342500305175781 0.014375 0.00625
2 0.9170625305175781 0.32775001525878905 0.014375 0.00625
2 0.9179374694824218 0.32212501525878906 0.014375 0.00625
2 0.9178125 0.3161250305175781 0.014375 0.00625
2 0.9813749694824219 0.34675003051757813 0.005 0.01274993896484375
2 0.987125015258789 0.3466250610351562 0.005 0.01274993896484375
2 0.9942500305175781 0.34675003051757813 0.005 0.01274993896484375
2 0.99375 0.36137496948242187 0.005 0.01274993896484375
2 0.987750015258789 0.36125 0.005 0.01274993896484375
2 0.98125 0.360625 0.005 0.01274993896484375
2 0.974375 0.360625 0.005 0.01274993896484375
2 0.973125 0.3892500305175781 0.005 0.01274993896484375
2 0.9738749694824219 0.40350006103515623 0.005 0.01274993896484375
2 0.9869999694824219 0.39212493896484374 0.005 0.01274993896484375
2 0.9802500152587891 0.3927499389648437 0.005 0.01274993896484375
2 0.9805000305175782 0.4051249694824219 0.005 0.01274993896484375
2 0.9930000305175781 0.404375 0.005 0.01274993896484375
2 0.9938749694824218 0.38975006103515625 0.005 0.01274993896484375
3 0.889000015258789 0.5332499694824219 0.007750091552734375 0.037647705078125
2 0.918062515258789 0.24900001525878906 0.014375 0.00625
2 0.9148124694824219 0.229375 0.014375 0.00625
2 0.9746250152587891 0.22649993896484374 0.005 0.01274993896484375
2 0.985374984741211 0.18387496948242188 0.005 0.01274993896484375
2 0.9988749694824218 0.184375 0.005 0.01274993896484375
2 0.9873750305175781 0.166875 0.005 0.01274993896484375
2 0.9726249694824218 0.18262496948242188 0.005 0.01274993896484375
2 0.959749984741211 0.18399993896484376 0.005 0.01274993896484375
2 0.9472499847412109 0.18362503051757811 0.005 0.01274993896484375
2 0.8113749694824218 0.17725006103515625 0.005 0.01274993896484375
2 0.805250015258789 0.178125 0.005 0.01274993896484375
2 0.8140000152587891 0.14649993896484376 0.005 0.01274993896484375
2 0.820625 0.14550003051757812 0.005 0.01274993896484375
2 0.8325 0.144375 0.005 0.01274993896484375
2 0.7636250305175781 0.22600006103515624 0.005 0.01274993896484375
2 0.77 0.22412506103515625 0.005 0.01274993896484375
2 0.7775 0.223125 0.005 0.01274993896484375
2 0.7948748779296875 0.24881248474121093 0.013499908447265625 0.006374969482421875
2 0.8186250305175782 0.18712493896484375 0.005 0.01274993896484375
2 0.825374984741211 0.175625 0.005 0.01274993896484375
2 0.8261250305175781 0.18887496948242188 0.005 0.01274993896484375
2 0.838125 0.17600006103515625 0.005 0.01274993896484375
2 0.8323750305175781 0.22412506103515625 0.005 0.01274993896484375
2 0.7236388397216796 0.16057609558105468 0.013472137451171875 0.00740203857421875
2 0.7241388702392578 0.15382614135742187 0.013472137451171875 0.00740203857421875
2 0.7253787994384766 0.14670272827148437 0.012992401123046875 0.00715576171875
2 0.7268788146972657 0.13957778930664064 0.012992401123046875 0.00715576171875
2 0.7280037689208985 0.13170280456542968 0.012992401123046875 0.007155609130859375
2 0.7282538604736328 0.124202880859375 0.012992401123046875 0.00715576171875
2 0.7147537231445312 0.1297028350830078 0.012992401123046875 0.007155609130859375
2 0.7132537841796875 0.13620277404785155 0.012992401123046875 0.007155609130859375
2 0.7118788146972657 0.14320274353027343 0.012992401123046875 0.007155609130859375
2 0.6791287994384766 0.17195289611816406 0.012992401123046875 0.007155609130859375
2 0.7058788299560547 0.17320281982421876 0.012992401123046875 0.00715576171875
2 0.7575038146972656 0.14745285034179687 0.012992401123046875 0.007155609130859375
2 0.7583787536621094 0.14007781982421874 0.012992401123046875 0.00715576171875
2 0.7591287231445313 0.1322028350830078 0.012992401123046875 0.007155609130859375
