2 0.159346387386322 0.9877813720703125 0.019111948013305666 0.02861083984375
2 0.09344518661499024 0.9371951293945312 0.022865924835205078 0.018673095703125
2 0.02351128578186035 0.7900897216796875 0.02446166515350342 0.02347137451171875
2 0.13506093978881836 0.7864332580566407 0.023170738220214843 0.02055023193359375
2 0.13255496978759765 0.8313394165039063 0.02208536148071289 0.021947021484375
7 0.4320331573486328 0.7345610046386719 0.029021835327148436 0.0491314697265625
3 0.2434450340270996 0.6304878234863281 0.02591472625732422 0.02634674072265625
7 0.4394870376586914 0.5324526977539062 0.043586807250976564 0.02613067626953125
2 0.029513817131519317 0.5383467102050781 0.020850523710250854 0.02452606201171875
2 0.04530629158020019 0.5135905456542968 0.02085060119628906 0.0245263671875
2 0.01719661846756935 0.5248103332519531 0.020850521922111512 0.02452606201171875
2 0.23685527801513673 0.3785183715820313 0.01775299072265625 0.02655548095703125
2 0.20957321166992188 0.350274658203125 0.01731708526611328 0.0282781982421875
2 0.12103622436523437 0.350693359375 0.021340675354003906 0.02638641357421875
2 0.26085554122924803 0.2574169921875 0.028898391723632812 0.02662933349609375
2 0.14603650093078613 0.2564024353027344 0.020121955871582033 0.02368988037109375
2 0.09562432289123535 0.25579803466796874 0.021736469268798828 0.02440093994140625
2 0.17208772659301758 0.17829818725585939 0.021736526489257814 0.0244012451171875
2 0.03612804889678955 0.21371932983398437 0.02505037307739258 0.0256097412109375
2 0.016699583381414414 0.23658294677734376 0.025184116959571838 0.02439483642578125
2 0.053051600456237795 0.16605361938476562 0.02464015007019043 0.02277069091796875
2 0.028905536532402038 0.14830978393554686 0.024640138149261474 0.02277069091796875
2 0.10140538215637207 0.1519073486328125 0.024640140533447267 0.02277069091796875
2 0.7955832672119141 0.04815460205078125 0.01923919677734375 0.0250799560546875
2 0.7404587554931641 0.07876174926757812 0.027705078125 0.03252349853515625
2 0.5944483947753906 0.04469268798828125 0.022961883544921874 0.02793304443359375
2 0.6174375152587891 0.05072601318359375 0.017696151733398436 0.02044647216796875
2 0.6257208633422852 0.28032699584960935 0.025793075561523438 0.0196533203125
7 0.47354270935058596 0.23554763793945313 0.05512519836425781 0.04872894287109375
2 0.6845436096191406 0.419305419921875 0.02690887451171875 0.01893035888671875
2 0.6610421752929687 0.5219503784179688 0.02777618408203125 0.0145709228515625
7 0.8309262084960938 0.3768214416503906 0.03266265869140625 0.0396539306640625
7 0.8224703979492187 0.7080661010742187 0.03390716552734375 0.06086822509765625
2 0.6304119873046875 0.5775140380859375 0.010823974609375 0.030028076171875
2 0.6575650787353515 0.6372294616699219 0.026350250244140627 0.0125860595703125
2 0.554261474609375 0.76152587890625 0.02961212158203125 0.0125628662109375
2 0.655726318359375 0.8196578979492187 0.0251397705078125 0.010823974609375
2 0.5515013885498047 0.7788058471679687 0.0206005859375 0.010823974609375
2 0.5504714584350586 0.8849729919433593 0.024145660400390626 0.01296295166015625
2 0.6236034011840821 0.9453564453125 0.013613967895507813 0.0212994384765625
2 0.6501396083831787 0.9755584716796875 0.020949745178222658 0.010499267578125
2 0.9679957580566406 0.9830096435546875 0.010125732421875 0.024091796875
2 0.9427104949951172 0.9817007446289062 0.02997467041015625 0.028917236328125
2 0.9676495361328125 0.9103410339355469 0.010019378662109375 0.0268603515625
2 0.9710195922851562 0.7896298217773438 0.010474853515625 0.0275836181640625
2 0.9256284332275391 0.7377792358398437 0.02793304443359375 0.0139666748046875
2 0.9755586242675781 0.6579957580566407 0.010474853515625 0.0261871337890625
7 0.9300656127929687 0.3911669921875 0.06268936157226562 0.0373602294921875
2 0.9805748748779297 0.4920301818847656 0.0248846435546875 0.01548431396484375
2 0.9833120727539062 0.47800765991210936 0.024884490966796874 0.0154840087890625
2 0.873603515625 0.21700408935546875 0.019089813232421874 0.02548858642578125
2 0.9288843536376953 0.1548036193847656 0.032349853515625 0.02558868408203125
