0 0.6921685791015625 0.6852618408203125 0.0430291748046875 0.0535235595703125
0 0.95603759765625 0.962447509765625 0.0344287109375 0.0280419921875
0 0.49012420654296873 0.6913348388671875 0.0271331787109375 0.0384539794921875
2 0.389432373046875 0.9156982421875 0.0158660888671875 0.00806640625
2 0.38901519775390625 0.9077676391601562 0.0158660888671875 0.00806640625
2 0.3884893798828125 0.8989877319335937 0.0157086181640625 0.007679443359375
2 0.34277557373046874 0.9175149536132813 0.015692138671875 0.0068048095703125
2 0.34381866455078125 0.92753173828125 0.015692138671875 0.0068048095703125
2 0.9113677978515625 0.6954562377929687 0.0179254150390625 0.007071533203125
2 0.9117214965820313 0.684317626953125 0.0179254150390625 0.007071533203125
2 0.40320892333984376 0.76777099609375 0.0080419921875 0.017474365234375
2 0.406534423828125 0.8228009033203125 0.007457275390625 0.01529296875
2 0.3454244995117188 0.8334176635742188 0.0088543701171875 0.0165570068359375
2 0.06666534423828124 0.704322509765625 0.0316754150390625 0.01177734375
2 0.5056027221679688 0.9022659301757813 0.0077191162109375 0.017889404296875
2 0.5146920776367188 0.9071347045898438 0.00796875 0.0169061279296875
2 0.34344970703125 0.89930419921875 0.015692138671875 0.0068048095703125
2 0.342100830078125 0.8817678833007813 0.015692138671875 0.0068048095703125
2 0.3432247924804688 0.8734500122070312 0.015692138671875 0.0068048095703125
2 0.4043658447265625 0.7960064697265625 0.0081976318359375 0.01566162109375
2 0.3393218994140625 0.9459671020507813 0.015692138671875 0.0068048095703125
2 0.48109710693359375 0.9047390747070313 0.0077191162109375 0.017889404296875
2 0.497283935546875 0.903165283203125 0.0077191162109375 0.017889404296875
2 0.829361572265625 0.845323486328125 0.0156475830078125 0.0238311767578125
