7 0.10767852783203125 0.694285888671875 0.0297247314453125 0.0678570556640625
6 0.094285888671875 0.5851785278320313 0.01642822265625 0.0175
6 0.108035888671875 0.5946429443359375 0.01607177734375 0.0178570556640625
6 0.093035888671875 0.6039285278320312 0.01607177734375 0.0178570556640625
6 0.098392333984375 0.6191070556640625 0.01392822265625 0.0153570556640625
7 0.0909893798828125 0.814906005859375 0.050672607421875 0.0629376220703125
2 0.245 0.8637501525878907 0.0284979248046875 0.01321441650390625
2 0.34428558349609373 0.8262501525878906 0.0284979248046875 0.01321441650390625
7 0.5164999389648437 0.8453775024414063 0.05541748046875 0.0625067138671875
7 0.48493621826171873 0.7370332336425781 0.0498724365234375 0.0623626708984375
2 0.3459820556640625 0.7279440307617188 0.024820556640625 0.015887451171875
2 0.36390777587890627 0.6376728820800781 0.018167724609375 0.0303692626953125
7 0.512286376953125 0.614019775390625 0.0592608642578125 0.0669610595703125
7 0.41392852783203127 0.5532142639160156 0.06142822265625 0.0271429443359375
2 0.26928619384765623 0.519285888671875 0.0092852783203125 0.02384185791015625
7 0.20751800537109374 0.1793585205078125 0.059908447265625 0.04206024169921875
7 0.4735345458984375 0.15780654907226563 0.0608294677734375 0.03905029296875
7 0.5769052124023437 0.029363021850585938 0.0725457763671875 0.06304351806640625
2 0.9798611450195313 0.42534713745117186 0.0090277099609375 0.024305419921875
2 0.68237548828125 0.37888656616210936 0.01510986328125 0.03111541748046875
2 0.6253543090820313 0.45291961669921876 0.02779052734375 0.01787841796875
2 0.8024307250976562 0.5149305725097656 0.0147637939453125 0.03055572509765625
7 0.6021728515625 0.6225437927246094 0.06254150390625 0.0458026123046875
6 0.7166668701171875 0.6185763549804687 0.01111083984375 0.0128472900390625
6 0.7635415649414062 0.6472222900390625 0.0125 0.0125
7 0.7167337036132813 0.7713621520996093 0.036405029296875 0.066993408203125
6 0.62013916015625 0.8255209350585937 0.01736083984375 0.016319580078125
2 0.7656405639648437 0.9138607788085937 0.0103875732421875 0.023553466796875
2 0.7836862182617188 0.9167277526855468 0.0111016845703125 0.03067779541015625
