5 0.1279681396484375 0.020545387268066408 0.0753741455078125 0.04544937133789063
5 0.16073524475097656 0.02036308288574219 0.0753741455078125 0.045206298828125
5 0.10733718872070312 0.015857696533203125 0.07537429809570312 0.03743942260742188
5 0.18160903930664063 0.02400390625 0.07537429809570312 0.05006072998046875
5 0.20563827514648436 0.0319580078125 0.0753741455078125 0.05416656494140625
5 0.26753135681152346 0.047977294921875 0.07537429809570312 0.05416656494140625
5 0.22845375061035156 0.03778350830078125 0.0753741455078125 0.054166259765625
5 0.2546673583984375 0.04239501953125 0.0753741455078125 0.05416656494140625
5 0.30733695983886716 0.06399642944335937 0.07537429809570312 0.05416656494140625
5 0.29204620361328126 0.05356033325195313 0.07537429809570312 0.05416656494140625
5 0.34398765563964845 0.06156978607177734 0.0753741455078125 0.054166412353515624
5 0.4104926300048828 0.0744342041015625 0.0753741455078125 0.0541668701171875
5 0.35393936157226563 0.07419113159179687 0.0753741455078125 0.05416656494140625
5 0.3891332244873047 0.06909358978271485 0.0753741455078125 0.054166412353515624
5 0.436616382598877 0.077408447265625 0.07167076110839844 0.057607421875
5 0.4536299324035645 0.0876165771484375 0.06769737243652343 0.0581219482421875
5 0.5060574340820313 0.09708282470703125 0.06769744873046875 0.0581219482421875
5 0.47377609252929687 0.09150054931640625 0.06769744873046875 0.0581219482421875
5 0.5276591491699218 0.1065484619140625 0.0676971435546875 0.0581219482421875
5 0.18665054321289062 0.07930824279785156 0.08365997314453125 0.033252410888671875
5 0.017762603759765624 0.21056396484375 0.03398056030273437 0.0774261474609375
5 0.0323187255859375 0.2165679931640625 0.03398056030273437 0.0774261474609375
5 0.09187568664550781 0.2813174438476562 0.0733074951171875 0.013489990234375
5 0.08397018432617187 0.438873291015625 0.0149395751953125 0.057496337890625
5 0.0258319091796875 0.4260052490234375 0.0136358642578125 0.0725152587890625
5 0.06549697875976562 0.42837005615234375 0.0136358642578125 0.0725152587890625
5 0.006363067626953125 0.42363922119140623 0.012999038696289062 0.0725152587890625
5 0.04503257751464844 0.43832763671875 0.0149395751953125 0.057496337890625
5 0.123453369140625 0.4326873779296875 0.0149395751953125 0.057496337890625
5 0.14492355346679686 0.4408746337890625 0.0149395751953125 0.057496337890625
5 0.16202682495117188 0.4405108642578125 0.0149395751953125 0.057496337890625
5 0.18204139709472655 0.44342254638671874 0.014939422607421876 0.057496337890625
5 0.20205589294433593 0.4405108642578125 0.0149395751953125 0.057496337890625
5 0.22225265502929686 0.4423306274414063 0.0149395751953125 0.057496337890625
5 0.2575508117675781 0.4436041259765625 0.0149395751953125 0.057496337890625
5 0.4363208770751953 0.4263177490234375 0.014017486572265625 0.0411181640625
5 0.2976661682128906 0.43564788818359373 0.0136358642578125 0.0725146484375
5 0.3178626251220703 0.4365579223632812 0.0136358642578125 0.0725146484375
5 0.47433975219726565 0.4405606079101563 0.0136358642578125 0.0725152587890625
5 0.06731651306152343 0.2216741943359375 0.0136358642578125 0.0725152587890625
5 0.08569801330566407 0.22132049560546874 0.01328125 0.0748443603515625
5 0.10152870178222656 0.22059600830078124 0.013646697998046875 0.0754522705078125
5 0.11726737976074218 0.22112274169921875 0.0134649658203125 0.0752398681640625
5 0.14892684936523437 0.22112274169921875 0.0134649658203125 0.0752398681640625
5 0.16748573303222655 0.22075927734375 0.0134649658203125 0.0752398681640625
5 0.13364295959472655 0.22276031494140625 0.0134649658203125 0.0752398681640625
5 0.18386146545410156 0.22276031494140625 0.0134649658203125 0.0752398681640625
5 0.21588462829589844 0.22621795654296875 0.0134649658203125 0.0752398681640625
5 0.2333519744873047 0.22603546142578124 0.0134649658203125 0.0752398681640625
5 0.2000548553466797 0.224398193359375 0.0134649658203125 0.0752398681640625
5 0.24827178955078125 0.22712677001953124 0.0134649658203125 0.0752398681640625
5 0.2653752136230469 0.2260357666015625 0.0134649658203125 0.0752398681640625
5 0.2821147918701172 0.2265814208984375 0.0134649658203125 0.0752398681640625
5 0.3001276397705078 0.22803680419921876 0.0134649658203125 0.0752398681640625
5 0.3503460693359375 0.22821929931640625 0.0134649658203125 0.0752398681640625
5 0.3157753753662109 0.22803741455078125 0.0134649658203125 0.0752398681640625
5 0.33233291625976563 0.22840118408203125 0.0134649658203125 0.0752398681640625
5 0.36308258056640624 0.2291290283203125 0.0134649658203125 0.0752398681640625
5 0.3809138488769531 0.22931121826171874 0.0134649658203125 0.0752398681640625
5 0.41356842041015623 0.4374676513671875 0.0136358642578125 0.0725152587890625
5 0.4923530578613281 0.43910491943359375 0.0136358642578125 0.0725152587890625
5 0.3935539245605469 0.4401968383789063 0.0136358642578125 0.0725152587890625
5 0.5514869689941406 0.44274444580078126 0.0136358642578125 0.0725152587890625
5 0.5129130554199218 0.44019622802734376 0.01363616943359375 0.0725152587890625
5 0.5707733154296875 0.437830810546875 0.01363616943359375 0.0725152587890625
5 0.6088975524902344 0.4525201416015625 0.0149395751953125 0.057496337890625
5 0.6261827087402344 0.453975830078125 0.0149395751953125 0.057496337890625
5 0.3745449066162109 0.4443316650390625 0.0149395751953125 0.057496337890625
5 0.6663938903808594 0.4536114501953125 0.0149395751953125 0.057496337890625
5 0.6847709655761719 0.458160400390625 0.0149395751953125 0.057496337890625
5 0.7822088623046874 0.4672564697265625 0.014017333984375 0.0411181640625
5 0.2945777130126953 0.29449615478515623 0.08569869995117188 0.03428466796875
5 0.37227088928222657 0.2954058837890625 0.08569869995117188 0.03428466796875
5 0.44493148803710936 0.30156097412109373 0.08339073181152344 0.0434246826171875
5 0.41366477966308596 0.22949249267578126 0.0134649658203125 0.0752398681640625
5 0.4284027862548828 0.2305841064453125 0.0134649658203125 0.0752398681640625
5 0.39692535400390627 0.23003875732421875 0.0134649658203125 0.0752398681640625
5 0.460426025390625 0.2318585205078125 0.0134649658203125 0.0752398681640625
5 0.48025863647460937 0.2314935302734375 0.0134649658203125 0.0752392578125
5 0.4453240966796875 0.23022064208984375 0.0134649658203125 0.0752398681640625
5 0.5108262634277344 0.23113037109375 0.01346527099609375 0.0752398681640625
5 0.5441233825683593 0.2333135986328125 0.0134649658203125 0.0752398681640625
5 0.5606808471679687 0.23567840576171875 0.01346527099609375 0.0752398681640625
5 0.5272018432617187 0.23185791015625 0.0134649658203125 0.0752392578125
5 0.5766923522949219 0.23549652099609375 0.01346527099609375 0.0752398681640625
5 0.592158203125 0.23222137451171876 0.0134649658203125 0.0752392578125
5 0.6078059387207031 0.23640716552734375 0.0134649658203125 0.0752392578125
5 0.6260008239746093 0.23276763916015625 0.0134649658203125 0.0752392578125
5 0.64019287109375 0.23476898193359375 0.01346527099609375 0.0752398681640625
5 0.6756733703613281 0.235496826171875 0.01346527099609375 0.0752398681640625
5 0.6900474548339843 0.2364068603515625 0.01346527099609375 0.0752398681640625
5 0.6582061767578125 0.23586090087890624 0.01346527099609375 0.0752398681640625
5 0.7053314208984375 0.237498779296875 0.0134649658203125 0.0752392578125
5 0.7229806518554688 0.23731658935546876 0.01346527099609375 0.0752398681640625
5 0.7397201538085938 0.2367706298828125 0.01346527099609375 0.0752398681640625
5 0.7577330017089844 0.23604278564453124 0.0134649658203125 0.0752392578125
5 0.7715614318847657 0.24059112548828124 0.01346527099609375 0.0752398681640625
2 0.6003611755371093 0.2970492553710937 0.0315545654296875 0.0128594970703125
2 0.5665736389160156 0.2969448852539063 0.0308746337890625 0.013092041015625
2 0.6688461303710938 0.2993023681640625 0.05445953369140625 0.014793701171875
2 0.9279266357421875 0.33582855224609376 0.0225787353515625 0.009371337890625
2 0.9306585693359375 0.32282745361328125 0.0245062255859375 0.0101995849609375
2 0.9521554565429687 0.4564306640625 0.0104583740234375 0.0224456787109375
2 0.9949610900878906 0.2399310302734375 0.0102545166015625 0.0222772216796875
