2 0.17635040283203124 0.14470624923706055 0.0244427490234375 0.01869821548461914
2 0.17420745849609376 0.09684881210327148 0.0244427490234375 0.01869791030883789
2 0.216707763671875 0.12577733993530274 0.0244427490234375 0.01869791030883789
2 0.14874969482421874 0.5950001525878906 0.024298095703125 0.03142860412597656
2 0.1633929443359375 0.6275000381469726 0.024298095703125 0.03142875671386719
2 0.17244537353515624 0.7588912963867187 0.0227484130859375 0.0270684814453125
7 0.14625 0.8828570556640625 0.0410711669921875 0.047132568359375
2 0.375142822265625 0.521357307434082 0.0224285888671875 0.029428634643554687
2 0.3899853515625 0.5155008697509765 0.020684814453125 0.026141204833984376
7 0.40710174560546875 0.26074172973632814 0.0605218505859375 0.05335208892822266
2 0.2862957763671875 0.16825393676757813 0.027591552734375 0.0277783203125
7 0.6932534790039062 0.08348601341247558 0.0527655029296875 0.0665992546081543
7 0.8008026123046875 0.060801438093185424 0.0533953857421875 0.06981104135513305
2 0.9803564453125 0.044728102684021 0.0128643798828125 0.02445620536804199
2 0.9828567504882812 0.0872281277179718 0.0128643798828125 0.024456210136413574
2 0.9456597900390625 0.125 0.028125 0.013888893127441406
7 0.8116592407226563 0.14674402236938477 0.0495684814453125 0.05248771667480469
7 0.6729171752929688 0.283806209564209 0.062933349609375 0.05509540557861328
7 0.6882330322265625 0.4503818130493164 0.057122802734375 0.029394912719726562
2 0.9324981689453125 0.5008721542358399 0.0268017578125 0.014922409057617188
2 0.9455145263671875 0.5517374420166016 0.0271380615234375 0.01458587646484375
2 0.9682293701171875 0.6161458587646484 0.0100732421875 0.023958282470703127
7 0.8303543090820312 0.7583124542236328 0.0614251708984375 0.05037490844726562
7 0.7949798583984375 0.8546576690673828 0.038505859375 0.056866302490234374
7 0.7426541137695313 0.9698024749755859 0.0601470947265625 0.08664520263671875
7 0.5253024291992188 0.21661052703857422 0.03860595703125 0.034028854370117184
