0 0.43736602783203127 0.5294622421264649 0.0212884521484375 0.01934135437011719
0 0.48711578369140623 0.5298372268676758 0.021287841796875 0.01934135437011719
0 0.536365966796875 0.5329622268676758 0.0212884521484375 0.01934135437011719
1 0.3304718017578125 0.6854533386230469 0.0316461181640625 0.04213958740234375
1 0.3898956298828125 0.686046142578125 0.0335809326171875 0.040015869140625
1 0.45021148681640627 0.6863340759277343 0.0335638427734375 0.04520401000976562
1 0.5160321044921875 0.6849559020996093 0.039459228515625 0.04793182373046875
1 0.5737258911132812 0.6912942504882813 0.04180419921875 0.056805419921875
1 0.319046630859375 0.8365564727783203 0.028031005859375 0.03865264892578125
1 0.367767333984375 0.8359236145019531 0.0300128173828125 0.038284912109375
1 0.41560791015625 0.8354573059082031 0.0332659912109375 0.04224578857421875
1 0.4644287109375 0.8389291381835937 0.031015625 0.03904739379882813
1 0.5151141357421875 0.8404926300048828 0.0316583251953125 0.03963546752929688
1 0.6593035888671875 0.8455410766601562 0.02523681640625 0.03582763671875
2 0.1406256103515625 0.3696834945678711 0.00668212890625 0.012084884643554688
2 0.14662567138671875 0.36908344268798826 0.0066815185546875 0.012084884643554688
2 0.15922576904296876 0.369283447265625 0.00668212890625 0.012084808349609375
2 0.16582550048828126 0.3700834655761719 0.00668212890625 0.012084884643554688
2 0.1722259521484375 0.37088348388671877 0.00668212890625 0.012084808349609375
2 0.1780255126953125 0.37188350677490234 0.00668212890625 0.012084884643554688
2 0.1420257568359375 0.3440834426879883 0.00668212890625 0.012084808349609375
2 0.15362579345703126 0.34388347625732424 0.00668212890625 0.012084884643554688
2 0.16062591552734376 0.3438835144042969 0.0066815185546875 0.012084884643554688
2 0.1953912353515625 0.3447092819213867 0.0074627685546875 0.01578147888183594
2 0.1559130859375 0.31377511978149414 0.01291259765625 0.006236000061035156
2 0.15831329345703124 0.2911750602722168 0.0129119873046875 0.006236000061035156
2 0.15891357421875 0.2763751220703125 0.0129119873046875 0.006236000061035156
3 0.0780999755859375 0.2503000068664551 0.03600006103515625 0.009068374633789062
1 0.6101141357421875 0.8392426300048829 0.0341583251953125 0.03786453247070312
