2 0.058983778953552245 0.35415618896484374 0.013200159072875977 0.008897705078125
2 0.09853513717651367 0.335147705078125 0.013607406616210937 0.009315185546875
2 0.10440579414367676 0.34116851806640625 0.014292964935302735 0.0110504150390625
2 0.06725343704223632 0.3590380859375 0.0167559814453125 0.0117633056640625
2 0.11838025093078614 0.4474249267578125 0.009722442626953124 0.0143218994140625
2 0.11034043312072754 0.4645025634765625 0.008940467834472656 0.013807373046875
2 0.12535898208618165 0.4900634765625 0.012061195373535156 0.0091851806640625
2 0.22210140228271485 0.7526495361328125 0.010160484313964845 0.0130023193359375
2 0.23055408477783204 0.7453018188476562 0.01027130126953125 0.0144952392578125
2 0.25401926040649414 0.752235107421875 0.010043983459472655 0.01383056640625
2 0.31194406509399414 0.7202337646484375 0.010293693542480468 0.01487548828125
2 0.30158075332641604 0.7169281005859375 0.009066047668457032 0.0111346435546875
2 0.32906978607177734 0.758612060546875 0.009196701049804688 0.01097900390625
2 0.21526983261108398 0.867431640625 0.008684730529785157 0.01191162109375
2 0.22108226776123047 0.8812081909179688 0.010325469970703126 0.0116241455078125
2 0.21562868118286133 0.8936224365234375 0.010513038635253906 0.014351806640625
2 0.07721492290496826 0.9782009887695312 0.01405430793762207 0.016458740234375
2 0.08534317016601563 0.9747903442382813 0.010526485443115234 0.0121759033203125
