0 0.29326934814453126 0.8784056091308594 0.0400640869140625 0.05008056640625
6 0.091546630859375 0.3355368041992188 0.01482421875 0.017227783203125
2 0.08506256103515625 0.20800003051757812 0.0098748779296875 0.00587615966796875
2 0.4461895751953125 0.17961410522460938 0.0052850341796875 0.00911712646484375
2 0.5121661376953125 0.23067291259765624 0.00625732421875 0.0123687744140625
2 0.5192977905273437 0.23108474731445314 0.0061761474609375 0.01002197265625
2 0.540106201171875 0.23143112182617187 0.0057159423828125 0.01016265869140625
2 0.5453921508789062 0.23171539306640626 0.00738037109375 0.010706787109375
2 0.500509033203125 0.23743057250976562 0.0076922607421875 0.0126806640625
2 0.4926318359375 0.23559982299804688 0.006671142578125 0.01100250244140625
