6 0.114432373046875 0.3472705078125 0.032608642578125 0.032608642578125
6 0.05525360107421875 0.2856764221191406 0.03019317626953125 0.02536224365234375
6 0.08635261535644531 0.30228256225585937 0.029589385986328126 0.02475860595703125
6 0.11413047790527343 0.38078506469726564 0.029589385986328126 0.02717376708984375
6 0.03894927978515625 0.3605555725097656 0.032608642578125 0.03260894775390625
6 0.15036224365234374 0.3922584533691406 0.02475830078125 0.02838165283203125
6 0.20833328247070312 0.3844081115722656 0.02475860595703125 0.02838165283203125
6 0.2548309326171875 0.3687077331542969 0.02475830078125 0.02838165283203125
6 0.22463775634765626 0.3210023498535156 0.02475830078125 0.02838165283203125
6 0.19021743774414063 0.3614613342285156 0.02475860595703125 0.02838165283203125
6 0.16847824096679687 0.3288526916503906 0.02475860595703125 0.02838165283203125
6 0.19685989379882812 0.2841667175292969 0.02475860595703125 0.02838165283203125
6 0.13526565551757813 0.2908091735839844 0.02475860595703125 0.02838165283203125
6 0.16123184204101562 0.23827293395996094 0.02475860595703125 0.028381500244140625
6 0.09933570861816406 0.2482367706298828 0.03140090942382812 0.030193328857421875
6 0.1289250946044922 0.19207733154296874 0.03140090942382812 0.03019317626953125
6 0.09692024230957032 0.14316421508789062 0.03140090942382812 0.03019317626953125
6 0.06431159973144532 0.20475845336914061 0.03140090942382812 0.03019317626953125
6 0.03713768005371094 0.16309181213378907 0.03140090942382812 0.030193328857421875
