6 0.04921501159667969 0.8103865051269531 0.03683578491210938 0.03502410888671875
6 0.11020530700683594 0.865338134765625 0.03683578491210938 0.03502410888671875
6 0.09873191833496094 0.9541062927246093 0.03683578491210938 0.03502410888671875
6 0.3097825622558594 0.8128018951416016 0.0422705078125 0.04106277465820313
6 0.3097825622558594 0.8128018951416016 0.0422705078125 0.04106277465820313
6 0.3291062927246094 0.8894927215576172 0.0422705078125 0.04106277465820313
6 0.3768115997314453 0.807970962524414 0.042270660400390625 0.04106277465820313
6 0.3526570129394531 0.7457729339599609 0.0422705078125 0.04106277465820313
6 0.45501205444335935 0.7901570129394532 0.03321258544921875 0.03321258544921875
6 0.4405193328857422 0.7321859741210938 0.03321243286132813 0.03321258544921875
6 0.49667877197265625 0.724637680053711 0.02355072021484375 0.025362396240234376
6 0.5389492797851563 0.7276570129394532 0.02355072021484375 0.02536224365234375
6 0.5588768005371094 0.7228260803222656 0.02355072021484375 0.02536224365234375
6 0.30917877197265625 0.6105072784423828 0.0422705078125 0.04106277465820313
6 0.23309173583984374 0.6539855194091797 0.0422705078125 0.04106277465820313
6 0.22826087951660157 0.5640096282958984 0.042270660400390625 0.04106277465820313
6 0.21678741455078124 0.5042270660400391 0.0422705078125 0.04106277465820313
6 0.2820048522949219 0.4912439727783203 0.032608642578125 0.03683578491210938
6 0.8677536010742187 0.9806764221191406 0.03019317626953125 0.02536224365234375
6 0.9477656555175781 0.9858091735839843 0.02475860595703125 0.02838165283203125
6 0.9737318420410156 0.9332729339599609 0.02475860595703125 0.028381500244140625
6 0.9118357086181641 0.9432367706298828 0.03140090942382812 0.030193328857421875
6 0.9414250946044922 0.8870773315429688 0.03140090942382812 0.03019317626953125
6 0.9094202423095703 0.8381642150878906 0.03140090942382812 0.03019317626953125
6 0.8768115997314453 0.8997584533691406 0.03140090942382812 0.03019317626953125
6 0.849637680053711 0.858091812133789 0.03140090942382812 0.030193328857421875
6 0.8158212280273438 0.8991545867919922 0.0422705078125 0.037439727783203126
6 0.8331151580810547 0.634489517211914 0.043193817138671875 0.04123031616210938
6 0.8180628204345703 0.6803010559082031 0.043193817138671875 0.04123046875
6 0.8573298645019531 0.6858638763427735 0.0340313720703125 0.03534042358398438
6 0.8573298645019531 0.6858638763427735 0.0340313720703125 0.03534042358398438
