5 0.38456268310546876 0.016500091552734374 0.0298284912109375 0.01
5 0.4409375 0.012750091552734375 0.029828643798828124 0.01
5 0.47156265258789065 0.010875091552734376 0.0298284912109375 0.01
5 0.5038125610351563 0.00899993896484375 0.0298284912109375 0.01
5 0.5336874389648437 0.007375030517578125 0.0298284912109375 0.01
5 0.5656875610351563 0.004343795776367188 0.0298284912109375 0.00912506103515625
5 0.5928125 0.0029931640625 0.0298284912109375 0.00712493896484375
5 0.4360626220703125 0.0263751220703125 0.0298284912109375 0.01
5 0.4661876678466797 0.0251251220703125 0.029828643798828124 0.01
5 0.49556243896484375 0.02350006103515625 0.0298284912109375 0.01
5 0.5298934936523437 0.020475311279296873 0.035963134765625 0.01054931640625
5 0.5686434936523438 0.017350311279296874 0.035963134765625 0.01054931640625
5 0.5686434936523438 0.017350311279296874 0.035963134765625 0.01054931640625
5 0.6086251831054688 0.014187469482421874 0.0361846923828125 0.010625
5 0.6468751525878906 0.011937713623046875 0.0361846923828125 0.010625
5 0.6861250305175781 0.010187530517578125 0.0361846923828125 0.010625
5 0.71375 0.008687591552734375 0.0167498779296875 0.00862884521484375
5 0.7358750915527343 0.0064373779296875 0.01675018310546875 0.00862884521484375
5 0.4065258026123047 0.016252899169921876 0.012448577880859376 0.00902618408203125
5 0.42215072631835937 0.0148779296875 0.012448577880859376 0.00902618408203125
2 0.7255545043945313 0.052012786865234376 0.01310882568359375 0.01597442626953125
2 0.7718045043945313 0.0666375732421875 0.01310882568359375 0.01597442626953125
2 0.7718045043945313 0.0666375732421875 0.01310882568359375 0.01597442626953125
2 0.7718045043945313 0.0666375732421875 0.01310882568359375 0.01597442626953125
2 0.7536793518066406 0.05963775634765625 0.01310882568359375 0.01597442626953125
2 0.7026795959472656 0.06976272583007813 0.01310882568359375 0.01597442626953125
2 0.6766795349121094 0.06226272583007812 0.01310882568359375 0.01597442626953125
2 0.6680545043945313 0.06163772583007812 0.01310882568359375 0.01597442626953125
2 0.6866795349121094 0.08788772583007813 0.01310882568359375 0.01597442626953125
2 0.7164295959472656 0.12226272583007812 0.01310882568359375 0.01597442626953125
2 0.6994294738769531 0.11813766479492188 0.01310882568359375 0.0159747314453125
2 0.6894296264648437 0.11651260375976563 0.01310882568359375 0.0159747314453125
2 0.6703045654296875 0.1092626953125 0.013109130859375 0.0159747314453125
2 0.6793045043945313 0.11151275634765626 0.01310882568359375 0.01597442626953125
2 0.6594294738769532 0.07913772583007812 0.01310882568359375 0.0159747314453125
2 0.6514295959472656 0.08051284790039062 0.01310882568359375 0.0159747314453125
2 0.6415545654296875 0.07713775634765625 0.01310882568359375 0.01597442626953125
2 0.6306794738769531 0.07213775634765625 0.01310882568359375 0.0159747314453125
2 0.6533045959472656 0.10401290893554688 0.01310882568359375 0.01597442626953125
2 0.6643045043945313 0.10826278686523437 0.01310882568359375 0.01597442626953125
2 0.6445545959472656 0.10276290893554688 0.01310882568359375 0.01597442626953125
2 0.6348043823242188 0.0997625732421875 0.01310882568359375 0.01597442626953125
2 0.6243045043945312 0.07013763427734375 0.01310882568359375 0.01597442626953125
2 0.615804443359375 0.0685125732421875 0.01310882568359375 0.01597442626953125
2 0.5976795959472656 0.06351272583007812 0.01310882568359375 0.01597442626953125
2 0.6059295654296875 0.0660125732421875 0.01310882568359375 0.01597442626953125
2 0.5883045959472656 0.06138778686523438 0.01310882568359375 0.01597442626953125
2 0.6176795959472656 0.09238800048828125 0.01310882568359375 0.0159747314453125
2 0.6086795043945312 0.08963760375976562 0.01310882568359375 0.01597442626953125
2 0.6000544738769531 0.08788772583007813 0.01310882568359375 0.0159747314453125
2 0.5903044128417969 0.0850128173828125 0.01310882568359375 0.01597442626953125
2 0.5814295959472656 0.08238800048828125 0.01310882568359375 0.0159747314453125
2 0.5733045959472656 0.08326278686523438 0.01310882568359375 0.01597442626953125
2 0.6568193054199218 0.05531356811523438 0.01236114501953125 0.01712738037109375
2 0.6760626220703125 0.085875244140625 0.01374114990234375 0.01925018310546875
