2 0.5178285217285157 0.42788459777832033 0.01535797119140625 0.011233978271484375
2 0.549278564453125 0.525440673828125 0.01068359375 0.01519775390625
2 0.5010499572753906 0.5254803466796875 0.01331787109375 0.010362548828125
2 0.5019505310058594 0.5326655578613281 0.0121246337890625 0.00924072265625
2 0.5052206420898437 0.5392942810058594 0.01337860107421875 0.009677734375
2 0.5241426086425781 0.4512928009033203 0.01535797119140625 0.011233978271484375
2 0.5241799926757813 0.442115478515625 0.01535797119140625 0.01123382568359375
2 0.5146022033691406 0.4378794097900391 0.01535797119140625 0.011233978271484375
3 0.46558250427246095 0.38887115478515627 0.016709442138671874 0.0240240478515625
3 0.4629723358154297 0.3648785400390625 0.014844818115234375 0.019493255615234375
3 0.456314697265625 0.39894012451171873 0.0136749267578125 0.017684783935546875
3 0.44771141052246094 0.4016392517089844 0.0136749267578125 0.017684783935546875
3 0.43967399597167967 0.38306594848632813 0.016232147216796874 0.023172760009765626
3 0.44793991088867186 0.3798611450195313 0.016232147216796874 0.023172760009765626
