2 0.32544036865234377 0.35850379943847654 0.0105706787109375 0.013872528076171875
2 0.3183673095703125 0.3614917755126953 0.0105706787109375 0.01387237548828125
5 0.4696356201171875 0.4993421936035156 0.0110345458984375 0.00874542236328125
5 0.47704376220703126 0.5184883117675781 0.0110333251953125 0.0087445068359375
5 0.48292816162109375 0.530469970703125 0.011033935546875 0.00874481201171875
5 0.54 0.6642379760742188 0.01316650390625 0.0098779296875
2 0.9840701293945312 0.706666259765625 0.012109375 0.01237060546875
3 0.6428536987304687 0.9684187316894531 0.0222869873046875 0.03780792236328125
3 0.654637451171875 0.9656459045410156 0.02228759765625 0.03780792236328125
2 0.7416677856445313 0.8686042785644531 0.0128607177734375 0.01563018798828125
2 0.7160052490234375 0.8782620239257812 0.0128594970703125 0.01563018798828125
2 0.7008554077148438 0.9414764404296875 0.0180072021484375 0.01195953369140625
