2 0.014375 0.016875274181365967 0.013077392578125 0.009749999046325683
2 0.0596875 0.22431234359741212 0.0087841796875 0.011875457763671875
2 0.06506256103515624 0.2190625 0.0087835693359375 0.011875
2 0.0098748779296875 0.009624908566474915 0.013077392578125 0.009750000238418578
2 0.0889996337890625 0.2059998893737793 0.013077392578125 0.009750022888183593
2 0.0854998779296875 0.19850004196166993 0.013077392578125 0.009750022888183593
2 0.07962493896484375 0.18387495040893553 0.013077392578125 0.009750022888183593
2 0.07674957275390625 0.17824979782104491 0.013077392578125 0.009750022888183593
2 0.0749993896484375 0.1709998893737793 0.013077392578125 0.009750022888183593
2 0.07074981689453125 0.158250093460083 0.013077392578125 0.009750003814697266
2 0.0679998779296875 0.15237500190734862 0.013077392578125 0.009750003814697266
2 0.065 0.14649975776672364 0.013077392578125 0.009750003814697266
2 0.0624993896484375 0.14075009346008302 0.013077392578125 0.009750003814697266
2 0.06187469482421875 0.13437527656555176 0.013077392578125 0.009750003814697266
2 0.05600006103515625 0.1224999713897705 0.013077392578125 0.009750003814697266
2 0.0517498779296875 0.11312481880187988 0.013077392578125 0.009750003814697266
2 0.0493743896484375 0.105125093460083 0.013077392578125 0.009750003814697266
2 0.0456243896484375 0.09662503242492676 0.013077392578125 0.009750003814697266
2 0.0426251220703125 0.08962521553039551 0.013077392578125 0.009750003814697266
2 0.038125 0.08362500309944153 0.013077392578125 0.009749999046325683
2 0.0367498779296875 0.07712506294250489 0.013077392578125 0.009750003814697266
2 0.02574981689453125 0.050625123977661134 0.013077392578125 0.009750003814697266
2 0.024375 0.042125067710876464 0.013077392578125 0.009750003814697266
2 0.0200006103515625 0.03574993848800659 0.013077392578125 0.009749999046325683
2 0.0171246337890625 0.029374969005584717 0.013077392578125 0.009749999046325683
2 0.026749267578125 0.05737515449523926 0.013077392578125 0.009750003814697266
2 0.9458749389648438 0.2652962875366211 0.0094268798828125 0.013981246948242187
2 0.9845489501953125 0.022229084968566893 0.013848876953125 0.010010528564453124
