6 0.047746772766113284 0.21781112670898437 0.037017135620117186 0.0359442138671875
6 0.12392704010009765 0.33315452575683596 0.037017135620117186 0.0359442138671875
6 0.12392704010009765 0.33315452575683596 0.037017135620117186 0.0359442138671875
6 0.08851932525634766 0.28272529602050783 0.037017135620117186 0.0359442138671875
6 0.07671672821044923 0.3353004455566406 0.037017135620117186 0.0359442138671875
6 0.047210311889648436 0.2816523742675781 0.0370172119140625 0.0359442138671875
6 0.028969955444335938 0.33369098663330077 0.0370172119140625 0.03594413757324219
6 0.5195610809326172 0.4921278381347656 0.03148849487304688 0.0310113525390625
6 0.4186545944213867 0.5455629730224609 0.030057296752929688 0.027194671630859375
6 0.5894561004638672 0.5097805023193359 0.028148956298828125 0.024332122802734377
6 0.5727576446533204 0.4835401153564453 0.026240386962890626 0.023377838134765624
6 0.5992366790771484 0.46684158325195313 0.028625946044921875 0.02910308837890625
6 0.5441316223144531 0.46684158325195313 0.0252862548828125 0.02146942138671875
6 0.557967529296875 0.5135973358154297 0.0281488037109375 0.024332122802734377
6 0.5274331665039063 0.5245706176757813 0.0281488037109375 0.02433197021484375
6 0.49785308837890624 0.5245706176757813 0.0281488037109375 0.02433197021484375
6 0.4682728576660156 0.5374523162841797 0.02146942138671875 0.019561004638671876
6 0.30772899627685546 0.5527194976806641 0.01908393859863281 0.017652740478515627
6 0.6789122009277344 0.44250953674316407 0.0314886474609375 0.031011505126953123
6 0.8187023162841797 0.44250953674316407 0.03148849487304688 0.031011505126953123
6 0.7915076446533204 0.4219942855834961 0.026717681884765625 0.026240463256835937
6 0.761450424194336 0.423902702331543 0.021946563720703124 0.024332046508789062
6 0.7352098846435546 0.42437976837158203 0.021946563720703124 0.024332046508789062
6 0.6951335906982422 0.4191316604614258 0.021946563720703124 0.024332046508789062
6 0.6550572967529297 0.46254772186279297 0.021946563720703124 0.024332046508789062
6 0.6827289581298828 0.48473281860351564 0.035305328369140625 0.0372137451171875
6 0.7328244781494141 0.5066793823242187 0.035305328369140625 0.0372137451171875
6 0.7628816986083984 0.4632633972167969 0.035305328369140625 0.0372137451171875
6 0.9093511199951172 0.45729961395263674 0.03148849487304688 0.031011428833007813
6 0.9718511199951172 0.45634544372558594 0.03148849487304688 0.031011505126953123
