1 0.28666584014892577 0.5023086547851563 0.05249977111816406 0.0376947021484375
1 0.325758056640625 0.41322021484375 0.04164138793945313 0.0327447509765625
1 0.28780736923217776 0.3223001098632812 0.05461963653564453 0.039051513671875
1 0.3370108795166016 0.2325140380859375 0.05574958801269531 0.0384722900390625
1 0.43138919830322264 0.14593017578125 0.03261734008789063 0.027982177734375
1 0.9557183837890625 0.015589141845703125 0.03453765869140625 0.03087493896484375
1 0.9783119201660156 0.09889877319335938 0.03289520263671875 0.02411102294921875
1 0.9925506591796875 0.1613818359375 0.028712005615234376 0.0233624267578125
1 0.5230666732788086 0.5179306030273437 0.04207977294921875 0.0287091064453125
1 0.6933080291748047 0.519869384765625 0.04753768920898437 0.027564697265625
6 0.07079383850097656 0.43107818603515624 0.033767776489257814 0.034952392578125
6 0.07553317070007325 0.4968365478515625 0.02310426712036133 0.026658935546875
5 0.7774362945556641 0.32944915771484373 0.011854248046875 0.034381103515625
5 0.46968669891357423 0.068455810546875 0.021153030395507814 0.00604095458984375
5 0.4874462890625 0.06845596313476562 0.013560714721679688 0.0065789794921875
5 0.5174737167358399 0.08551025390625 0.019295501708984374 0.00496307373046875
