3 0.501109619140625 0.44236671447753906 0.02254638671875 0.0148565673828125
3 0.4807037353515625 0.4762636947631836 0.028428955078125 0.04815574645996094
3 0.380819091796875 0.41596752166748047 0.0269549560546875 0.04983100891113281
3 0.40058990478515627 0.4092115783691406 0.028055419921875 0.05032241821289062
3 0.4107904052734375 0.4079608535766602 0.0250714111328125 0.04336784362792969
5 0.388458251953125 0.4071539306640625 0.022958984375 0.040059051513671874
5 0.5009393310546875 0.47276298522949217 0.0152362060546875 0.018955078125
5 0.4749395751953125 0.4839275360107422 0.024847412109375 0.04
2 0.525577392578125 0.6680345153808593 0.0105706787109375 0.01387237548828125
2 0.476077880859375 0.6912845611572266 0.0105706787109375 0.01387237548828125
2 0.4312030029296875 0.7497843170166015 0.0105706787109375 0.01387237548828125
2 0.587952880859375 0.6801592254638672 0.0105706787109375 0.01387237548828125
2 0.5515774536132813 0.6569095611572265 0.0105706787109375 0.01387237548828125
2 0.5582025146484375 0.6539093017578125 0.0105706787109375 0.01387237548828125
2 0.58832763671875 0.641159200668335 0.010570068359375 0.01387176513671875
2 0.80957763671875 0.5962844467163086 0.010570068359375 0.013871841430664063
2 0.795703125 0.5620343780517578 0.0105706787109375 0.013872299194335937
2 0.8017025756835937 0.5587840652465821 0.010570068359375 0.013871841430664063
2 0.8104531860351563 0.5560342407226563 0.010570068359375 0.013871917724609375
2 0.9415774536132813 0.5369094085693359 0.0105706787109375 0.013872299194335937
2 0.9230776977539062 0.5466593933105469 0.0105706787109375 0.013872299194335937
2 0.9157022094726562 0.5487844848632812 0.0105706787109375 0.013872299194335937
2 0.87832763671875 0.5645345306396484 0.010570068359375 0.013871917724609375
2 0.8723275756835938 0.5679093551635742 0.0105706787109375 0.013872222900390625
2 0.8665774536132812 0.5705345153808594 0.0105706787109375 0.013872299194335937
2 0.8600772094726562 0.574034423828125 0.0105706787109375 0.013872299194335937
2 0.8543276977539063 0.5764093780517578 0.0105706787109375 0.013872299194335937
2 0.84832763671875 0.5787842178344726 0.010570068359375 0.013871841430664063
2 0.8415774536132813 0.5812845611572266 0.0105706787109375 0.013872299194335937
2 0.8284524536132812 0.5876595306396485 0.0105706787109375 0.013872299194335937
2 0.8854525756835937 0.5225342178344726 0.010570068359375 0.013871841430664063
2 0.8790774536132813 0.5255344390869141 0.0105706787109375 0.013872299194335937
2 0.873077392578125 0.528034439086914 0.0105706787109375 0.013872299194335937
2 0.8667025756835938 0.5312843704223633 0.010570068359375 0.013871841430664063
2 0.8604519653320313 0.5331593704223633 0.010570068359375 0.013871841430664063
2 0.8528274536132813 0.5350344848632812 0.0105706787109375 0.013872299194335937
2 0.8348275756835938 0.5444093704223633 0.010570068359375 0.013871841430664063
2 0.8279525756835937 0.5471593856811523 0.0105706787109375 0.013872222900390625
2 0.822578125 0.549659194946289 0.0105706787109375 0.013872299194335937
2 0.9206771850585938 0.42577880859375 0.013690185546875 0.010442047119140626
2 0.9465518188476563 0.48315399169921874 0.013690185546875 0.010442047119140626
2 0.955177001953125 0.5105288314819336 0.013690185546875 0.010442276000976563
2 0.9440521240234375 0.47677886962890625 0.013690185546875 0.010442047119140626
2 0.938302001953125 0.46565391540527346 0.013690185546875 0.010442276000976563
2 0.9288018798828125 0.44440383911132814 0.013690185546875 0.010442047119140626
2 0.6376873779296875 0.43949996948242187 0.0112835693359375 0.009500045776367188
2 0.328245849609375 0.7910342407226563 0.0105706787109375 0.01387237548828125
