6 0.07733047485351563 0.9316737365722656 0.02754241943359375 0.0286016845703125
6 0.1064617919921875 0.9120762634277344 0.0286016845703125 0.02966094970703125
6 0.10858047485351563 0.9449152374267578 0.02648284912109375 0.027542266845703125
6 0.470186767578125 0.4436063385009766 0.0265802001953125 0.02945404052734375
6 0.42852005004882815 0.4432471466064453 0.02801727294921875 0.02873565673828125
6 0.3653016662597656 0.3692528915405273 0.02083343505859375 0.021551742553710937
6 0.3728448486328125 0.3897270202636719 0.01436767578125 0.016522979736328124
6 0.39044540405273437 0.40625 0.01795989990234375 0.019396514892578126
6 0.4166119384765625 0.39342105865478516 0.0134869384765625 0.015131607055664062
6 0.4333882141113281 0.3935855484008789 0.01085540771484375 0.011513137817382812
6 0.4269737243652344 0.4082236862182617 0.01447357177734375 0.013815841674804687
6 0.39555908203125 0.3851973724365234 0.0128289794921875 0.013157958984375
6 0.24967117309570314 0.6875 0.01513153076171875 0.01513153076171875
6 0.2679277038574219 0.6899671173095703 0.01546051025390625 0.016776275634765626
6 0.2884867858886719 0.693256607055664 0.01710540771484375 0.017434234619140624
6 0.32171051025390623 0.708881607055664 0.01118408203125 0.013815765380859374
6 0.33552642822265627 0.7143092346191406 0.013157958984375 0.01480255126953125
