5 0.3180630493164063 0.016127548217773437 0.0064617919921875 0.0322802734375
3 0.269364013671875 0.0206414794921875 0.008250732421875 0.04135711669921875
5 0.17252777099609376 0.009516448974609374 0.0308026123046875 0.02101654052734375
3 0.177548828125 0.023703460693359376 0.0361419677734375 0.03638397216796875
3 0.32664398193359373 0.019542465209960936 0.0082501220703125 0.039158935546875
3 0.3403802490234375 0.02043540954589844 0.0082501220703125 0.04094482421875
3 0.351094970703125 0.019954681396484375 0.0082501220703125 0.039983367919921874
3 0.3748583984375 0.01961128234863281 0.0082501220703125 0.03929656982421875
3 0.38983062744140623 0.0193365478515625 0.008250732421875 0.03874725341796875
3 0.42101226806640624 0.01954254150390625 0.0082501220703125 0.039159088134765624
3 0.436534423828125 0.019954681396484375 0.0082501220703125 0.039983367919921874
5 0.36517852783203125 0.015784149169921876 0.0064617919921875 0.03159347534179688
3 0.49408935546875 0.019130477905273436 0.0082501220703125 0.0383349609375
3 0.5050192260742188 0.011391372680664062 0.0081146240234375 0.02293975830078125
2 0.43756439208984377 0.8254251098632812 0.009022216796875 0.0145318603515625
2 0.41216552734375 0.8266461181640625 0.00591552734375 0.012088623046875
2 0.3397003173828125 0.7818547058105468 0.0064056396484375 0.01446014404296875
2 0.13394989013671876 0.8626052856445312 0.006405029296875 0.01446014404296875
2 0.0733251953125 0.8641047668457031 0.006405029296875 0.01446014404296875
2 0.061199951171875 0.8634797668457032 0.0064056396484375 0.01446014404296875
2 0.0476995849609375 0.8639796447753906 0.006405029296875 0.01446014404296875
2 0.06132415771484375 0.8791050720214844 0.006405029296875 0.01446014404296875
2 0.0182000732421875 0.7884800720214844 0.006405029296875 0.01446014404296875
2 0.0623248291015625 0.7881048583984375 0.006405029296875 0.01446014404296875
2 0.0812005615234375 0.7874797058105468 0.0064056396484375 0.01446014404296875
2 0.0978253173828125 0.7873544311523437 0.0064056396484375 0.01446014404296875
2 0.08957489013671875 0.8171051025390625 0.006405029296875 0.01446014404296875
2 0.09870025634765625 0.8163551330566406 0.0064056396484375 0.01446014404296875
2 0.1334503173828125 0.8184799194335938 0.0064056396484375 0.01446014404296875
2 0.146199951171875 0.8171049499511719 0.0064056396484375 0.01446014404296875
2 0.1529498291015625 0.8177301025390625 0.006405029296875 0.01446014404296875
2 0.171700439453125 0.8167298889160156 0.006405029296875 0.01446014404296875
2 0.1788250732421875 0.8161051940917968 0.006405029296875 0.01446014404296875
2 0.15370025634765624 0.8321049499511719 0.0064056396484375 0.01446014404296875
2 0.146949462890625 0.8319798278808593 0.006405029296875 0.01446014404296875
2 0.20257476806640626 0.7843548583984375 0.006405029296875 0.01446014404296875
2 0.19057525634765626 0.7849798583984375 0.0064056396484375 0.01446014404296875
2 0.04206298828125 0.404312744140625 0.01237548828125 0.0063751220703125
2 0.040687255859375 0.4633122253417969 0.01237548828125 0.0063751220703125
2 0.02656219482421875 0.462562255859375 0.01237548828125 0.00637481689453125
2 0.08543731689453125 0.4038125610351562 0.01237548828125 0.0063751220703125
2 0.0866876220703125 0.4345623779296875 0.01237548828125 0.0063751220703125
2 0.0735626220703125 0.44931228637695314 0.01237548828125 0.0063751220703125
2 0.07206207275390625 0.4630625915527344 0.01237548828125 0.0063751220703125
2 0.086187744140625 0.4631877136230469 0.0123748779296875 0.00637481689453125
2 0.08543731689453125 0.45618743896484376 0.01237548828125 0.0063751220703125
2 0.117437744140625 0.4424374389648438 0.0123748779296875 0.00637481689453125
2 0.11856292724609375 0.453187255859375 0.01237548828125 0.0063751220703125
2 0.11581268310546874 0.4611872863769531 0.01237548828125 0.0063751220703125
2 0.1316876220703125 0.46156219482421873 0.0123748779296875 0.00637542724609375
2 0.16243682861328124 0.46168716430664064 0.0123748779296875 0.0063751220703125
2 0.204937744140625 0.461812744140625 0.0123748779296875 0.00637481689453125
2 0.39956298828125 0.4598126220703125 0.01237548828125 0.0063751220703125
2 0.44456268310546876 0.4591874694824219 0.0123748779296875 0.0063751220703125
2 0.431812744140625 0.43868743896484375 0.0123748779296875 0.00637481689453125
2 0.476187744140625 0.45118743896484376 0.0123748779296875 0.00637481689453125
2 0.476187744140625 0.46006240844726565 0.0123748779296875 0.00637481689453125
2 0.4916876220703125 0.4590623474121094 0.0123748779296875 0.00637542724609375
2 0.47756256103515626 0.4323126220703125 0.01237548828125 0.0063751220703125
2 0.47656341552734377 0.41956253051757814 0.01237548828125 0.00637481689453125
2 0.4890625 0.4205625915527344 0.01237548828125 0.00637481689453125
2 0.4890625 0.41381240844726563 0.01237548828125 0.00637481689453125
2 0.4910623168945312 0.39431228637695315 0.01237548828125 0.0063751220703125
2 0.5195623779296875 0.3940623474121094 0.0123748779296875 0.00637542724609375
2 0.519437255859375 0.41268722534179686 0.01237548828125 0.0063751220703125
2 0.5201870727539063 0.42593734741210937 0.0123748779296875 0.00637542724609375
2 0.535062255859375 0.39762542724609373 0.0152374267578125 0.0142498779296875
2 0.5363119506835937 0.4177496337890625 0.0152374267578125 0.0142498779296875
2 0.5346875 0.4402503967285156 0.015238037109375 0.01425018310546875
2 0.5359375 0.4545001220703125 0.015238037109375 0.01425018310546875
2 0.7001046752929687 0.09709793090820312 0.0055145263671875 0.01623809814453125
2 0.6930145263671875 0.09709793090820312 0.0055145263671875 0.01623809814453125
2 0.6743695068359375 0.09657302856445313 0.0055145263671875 0.01623809814453125
2 0.648240966796875 0.09736068725585938 0.0055145263671875 0.01623809814453125
2 0.6148895263671875 0.09749191284179687 0.0055145263671875 0.01623809814453125
2 0.5770742797851562 0.09709808349609375 0.0055145263671875 0.01623809814453125
2 0.5627630615234375 0.06427261352539063 0.0055145263671875 0.01623809814453125
2 0.5716912841796875 0.06506011962890625 0.0055145263671875 0.01623809814453125
2 0.564600830078125 0.048122406005859375 0.0055145263671875 0.01623809814453125
2 0.6108193969726563 0.0668988037109375 0.0055145263671875 0.01623809814453125
2 0.6142343139648437 0.04812255859375 0.00551513671875 0.01623870849609375
2 0.6299896240234375 0.04904159545898437 0.0055145263671875 0.01623809814453125
2 0.6548062133789062 0.0621722412109375 0.00551513671875 0.01623870849609375
2 0.666754150390625 0.050091705322265624 0.0055145263671875 0.01623809814453125
3 0.36381317138671876 0.09737533569335938 0.008125 0.02827117919921875
3 0.354462890625 0.09718795776367188 0.00742919921875 0.0236260986328125
3 0.345999755859375 0.09889205932617187 0.01025146484375 0.02746612548828125
5 0.3291278076171875 0.09949920654296875 0.0084979248046875 0.023502197265625
5 0.31112823486328123 0.0983740234375 0.0084979248046875 0.023502197265625
5 0.29300262451171877 0.09949920654296875 0.0084979248046875 0.023502197265625
5 0.2845025634765625 0.09887405395507813 0.0084979248046875 0.023502197265625
5 0.2756283569335938 0.09874908447265625 0.0084979248046875 0.023502197265625
5 0.26675262451171877 0.0988739013671875 0.0084979248046875 0.023502197265625
5 0.25762847900390623 0.0983740234375 0.0084979248046875 0.023502197265625
2 0.0405389404296875 0.5200285339355468 0.0123748779296875 0.00637481689453125
2 0.0253228759765625 0.5264421081542969 0.0123748779296875 0.00637481689453125
2 0.0287176513671875 0.5840376281738281 0.0123748779296875 0.00637481689453125
2 0.0279632568359375 0.57196533203125 0.0123748779296875 0.00637481689453125
2 0.0433050537109375 0.5773728942871094 0.0123748779296875 0.00637481689453125
2 0.0415447998046875 0.5709593200683594 0.0123748779296875 0.00637481689453125
2 0.072857666015625 0.5835348510742188 0.0123748779296875 0.00637481689453125
2 0.0732354736328125 0.5907028198242188 0.0123748779296875 0.00637481689453125
2 0.08555908203125 0.5988766479492188 0.0123748779296875 0.00637481689453125
2 0.1178778076171875 0.5966133117675781 0.0123748779296875 0.00637481689453125
2 0.0434307861328125 0.5378857421875 0.0123748779296875 0.00637481689453125
2 0.072103271484375 0.5141181945800781 0.0123748779296875 0.00637481689453125
2 0.07072021484375 0.5072018432617188 0.0123748779296875 0.00637481689453125
2 0.08656494140625 0.5201545715332031 0.0123748779296875 0.00637481689453125
2 0.0843017578125 0.5265678405761719 0.0123748779296875 0.00637481689453125
2 0.118758544921875 0.5527247619628907 0.0123748779296875 0.00637481689453125
2 0.118507080078125 0.5392691040039063 0.0123748779296875 0.00637481689453125
2 0.16340087890625 0.5577549743652344 0.0123748779296875 0.00637481689453125
2 0.1639044189453125 0.5646714782714843 0.0123748779296875 0.00637481689453125
2 0.1754736328125 0.5707077026367188 0.0123748779296875 0.00637481689453125
2 0.208421630859375 0.6285549926757813 0.0123748779296875 0.00637481689453125
2 0.2067864990234375 0.6401242065429688 0.0123748779296875 0.00637481689453125
2 0.11737548828125 0.6223927307128906 0.0123748779296875 0.00637481689453125
2 0.129698486328125 0.6407530212402344 0.0123748779296875 0.00637481689453125
2 0.1304534912109375 0.6294349670410156 0.0123748779296875 0.00637481689453125
2 0.1299505615234375 0.6223927307128906 0.0123748779296875 0.00637481689453125
2 0.1312078857421875 0.6035296630859375 0.0123748779296875 0.00637481689453125
2 0.1310821533203125 0.6476695251464843 0.0123748779296875 0.00637481689453125
2 0.1304534912109375 0.6738264465332031 0.0123748779296875 0.00637481689453125
2 0.1302020263671875 0.6799885559082032 0.0123748779296875 0.00637481689453125
2 0.17572509765625 0.5390174865722657 0.0123748779296875 0.00637481689453125
2 0.1764794921875 0.5503355407714844 0.0123748779296875 0.00637481689453125
2 0.17673095703125 0.5832830810546875 0.0123748779296875 0.00637481689453125
2 0.222757568359375 0.6337106323242188 0.0123748779296875 0.00637481689453125
2 0.0279632568359375 0.6164825439453125 0.0123748779296875 0.00637481689453125
2 0.161011962890625 0.6332077026367188 0.0123748779296875 0.00637481689453125
2 0.1319622802734375 0.5846664428710937 0.0123748779296875 0.00637481689453125
2 0.1320880126953125 0.5705819702148438 0.0123748779296875 0.00637481689453125
2 0.1621435546875 0.5700790405273437 0.0123748779296875 0.00637481689453125
2 0.20590576171875 0.6720660400390625 0.0123748779296875 0.00637481689453125
2 0.20666015625 0.6788565063476563 0.0123748779296875 0.00637481689453125
2 0.2071636962890625 0.6857731628417969 0.0123748779296875 0.00637481689453125
2 0.2201165771484375 0.6783534240722656 0.0123748779296875 0.00637481689453125
2 0.2209967041015625 0.6852702331542969 0.0123748779296875 0.00637481689453125
2 0.25256103515625 0.6935699462890625 0.0123748779296875 0.00637481689453125
2 0.267525634765625 0.690677490234375 0.0123748779296875 0.00637481689453125
2 0.2656396484375 0.6793595886230469 0.0123748779296875 0.00637481689453125
2 0.2533154296875 0.6723175048828125 0.0123748779296875 0.00637481689453125
2 0.2528125 0.5888162231445313 0.0123748779296875 0.00637481689453125
2 0.084678955078125 0.6480467224121094 0.0123748779296875 0.00637481689453125
2 0.086187744140625 0.6798628234863281 0.0123748779296875 0.00637481689453125
2 0.070845947265625 0.6672871398925782 0.0123748779296875 0.00637481689453125
2 0.1641558837890625 0.5146212768554688 0.0123748779296875 0.00637481689453125
2 0.16289794921875 0.5068243408203125 0.0123748779296875 0.00637481689453125
2 0.0853076171875 0.5001594543457031 0.0123748779296875 0.00637481689453125
2 0.1764794921875 0.5215376281738281 0.0123748779296875 0.00637481689453125
2 0.198880615234375 0.5079225158691406 0.0056591796875 0.01358154296875
2 0.2518060302734375 0.49865036010742186 0.0123748779296875 0.00637481689453125
2 0.3095623779296875 0.6844020080566406 0.0123748779296875 0.00637481689453125
2 0.3557403564453125 0.6771037292480468 0.0123748779296875 0.00637481689453125
2 0.354014892578125 0.6715306091308594 0.0123748779296875 0.00637481689453125
2 0.3545458984375 0.6589244079589843 0.0123748779296875 0.00637481689453125
2 0.3870562744140625 0.6654264831542969 0.0123748779296875 0.00637481689453125
2 0.399530029296875 0.6399488830566407 0.0123748779296875 0.00637481689453125
2 0.38652587890625 0.6270771789550781 0.0123748779296875 0.00637481689453125
2 0.399927978515625 0.5819606018066407 0.0123748779296875 0.00637481689453125
2 0.3871893310546875 0.563515625 0.0123748779296875 0.00637481689453125
2 0.4011224365234375 0.5696197509765625 0.0123748779296875 0.00637481689453125
2 0.40085693359375 0.5445401000976563 0.0123748779296875 0.00637481689453125
2 0.386923828125 0.5507769775390625 0.0123748779296875 0.00637481689453125
2 0.4001934814453125 0.5187971496582031 0.0123748779296875 0.00637481689453125
2 0.3997955322265625 0.4967694091796875 0.0123748779296875 0.00637481689453125
2 0.44677001953125 0.5381704711914063 0.0123748779296875 0.00637481689453125
2 0.4313775634765625 0.6140731811523438 0.0123748779296875 0.00637481689453125
2 0.4309796142578125 0.5945668029785156 0.0123748779296875 0.00637481689453125
2 0.4328369140625 0.5242373657226562 0.0123748779296875 0.00637481689453125
2 0.4754327392578125 0.5047311401367187 0.0123748779296875 0.00637481689453125
2 0.445045166015625 0.5057926940917968 0.0123748779296875 0.00637481689453125
2 0.475963134765625 0.6150019836425781 0.0123748779296875 0.00637481689453125
2 0.5204168701171875 0.6394180297851563 0.0123748779296875 0.00637481689453125
2 0.520682373046875 0.6456549072265625 0.0123748779296875 0.00637481689453125
2 0.521212158203125 0.6330487060546875 0.0123748779296875 0.00637481689453125
2 0.476494140625 0.6399488830566407 0.0123748779296875 0.00637481689453125
2 0.4766265869140625 0.658924560546875 0.0123748779296875 0.00637481689453125
2 0.477025146484375 0.6727247619628907 0.0123748779296875 0.00637481689453125
2 0.4331024169921875 0.6788288879394532 0.0123748779296875 0.00637481689453125
2 0.5697796630859375 0.6284043884277344 0.0123748779296875 0.00637481689453125
2 0.5332879638671875 0.626944580078125 0.0123748779296875 0.00637481689453125
2 0.5697796630859375 0.601732177734375 0.0123748779296875 0.00637481689453125
2 0.5216107177734375 0.6139402770996094 0.0123748779296875 0.00637481689453125
2 0.5197528076171875 0.5185316467285156 0.0123748779296875 0.00637481689453125
2 0.5342169189453125 0.5166738891601562 0.0123748779296875 0.00637481689453125
2 0.6273699951171875 0.5470613098144531 0.0123748779296875 0.00637481689453125
2 0.6592169189453125 0.5526345825195312 0.0123748779296875 0.00637481689453125
2 0.675008544921875 0.5270240783691407 0.0123748779296875 0.00637481689453125
2 0.7036700439453125 0.5152142333984375 0.0123748779296875 0.00637481689453125
2 0.7209210205078125 0.5335263061523438 0.0123748779296875 0.00637481689453125
2 0.659349365234375 0.503271484375 0.0123748779296875 0.00637481689453125
2 0.76603759765625 0.5205220031738281 0.0123748779296875 0.00637481689453125
2 0.76457763671875 0.5283512878417969 0.0123748779296875 0.00637481689453125
2 0.751573486328125 0.5538285827636719 0.0123748779296875 0.00637481689453125
2 0.7640472412109375 0.5794392395019531 0.0123748779296875 0.00637481689453125
2 0.660411376953125 0.5844816589355468 0.0123748779296875 0.00637481689453125
2 0.6613397216796875 0.5911164855957032 0.0123748779296875 0.00637481689453125
2 0.797486572265625 0.56391357421875 0.0123748779296875 0.00637481689453125
2 0.84658447265625 0.565771484375 0.0123748779296875 0.00637481689453125
2 0.7189306640625 0.49623855590820315 0.0123748779296875 0.00637481689453125
2 0.7644451904296875 0.5024752807617188 0.0123748779296875 0.00637481689453125
2 0.7656396484375 0.4874806213378906 0.0123748779296875 0.00637481689453125
2 0.7497161865234375 0.4900018310546875 0.0123748779296875 0.00637481689453125
2 0.79615966796875 0.492523193359375 0.0123748779296875 0.00637481689453125
2 0.79310791015625 0.485755615234375 0.0123748779296875 0.00637481689453125
2 0.79469970703125 0.5133564758300782 0.0123748779296875 0.00637481689453125
2 0.8461865234375 0.5101716613769531 0.0123748779296875 0.00637481689453125
2 0.708314208984375 0.6554743957519531 0.0123748779296875 0.00637481689453125
2 0.7213189697265625 0.6552090454101562 0.0123748779296875 0.00637481689453125
2 0.7211859130859375 0.6492375183105469 0.0123748779296875 0.00637481689453125
2 0.721053466796875 0.6423371887207031 0.0123748779296875 0.00637481689453125
2 0.7194610595703125 0.629996337890625 0.0123748779296875 0.00637481689453125
2 0.7217169189453125 0.6684786987304687 0.0123748779296875 0.00637481689453125
2 0.72092041015625 0.6820133972167969 0.0123748779296875 0.00637481689453125
2 0.7648431396484375 0.6297311401367187 0.0123748779296875 0.00637481689453125
2 0.766435546875 0.636365966796875 0.0123748779296875 0.00637481689453125
2 0.7199920654296875 0.5641790771484375 0.0123748779296875 0.00637481689453125
2 0.799742431640625 0.6268118286132812 0.0123748779296875 0.00637481689453125
2 0.7990789794921875 0.6459201049804687 0.0123748779296875 0.00637481689453125
2 0.7981500244140625 0.6520240783691407 0.0123748779296875 0.00637481689453125
2 0.7986810302734375 0.6654264831542969 0.0123748779296875 0.00637481689453125
2 0.798946533203125 0.6717959594726562 0.0123748779296875 0.00637481689453125
2 0.847911376953125 0.6173904418945313 0.0123748779296875 0.00637481689453125
2 0.847911376953125 0.6379583740234375 0.0123748779296875 0.00637481689453125
2 0.8488397216796875 0.6564030456542969 0.0123748779296875 0.00637481689453125
2 0.848309326171875 0.6497683715820313 0.0123748779296875 0.00637481689453125
2 0.8944879150390626 0.6487066650390625 0.0123748779296875 0.00637481689453125
2 0.8939569091796875 0.5909837341308594 0.0123748779296875 0.00637481689453125
2 0.8793603515625 0.5980166625976563 0.0123748779296875 0.00637481689453125
2 0.89369140625 0.55900390625 0.0123748779296875 0.00637481689453125
2 0.9267327880859375 0.5574116516113281 0.0123748779296875 0.00637481689453125
2 0.9624285888671875 0.5697523498535156 0.0123748779296875 0.00637481689453125
2 0.9624285888671875 0.5636483764648438 0.0123748779296875 0.00637481689453125
2 0.846451416015625 0.46452392578125 0.0123748779296875 0.00637481689453125
2 0.8459210205078125 0.458818359375 0.0123748779296875 0.00637481689453125
2 0.879891357421875 0.4244499206542969 0.0123748779296875 0.00637481689453125
2 0.8926300048828125 0.4374540710449219 0.0123748779296875 0.00637481689453125
2 0.9262017822265625 0.41263992309570313 0.0123748779296875 0.00637481689453125
2 0.9592437744140625 0.39870681762695315 0.0123748779296875 0.00637481689453125
2 0.958314208984375 0.3866311645507812 0.0123748779296875 0.00637481689453125
2 0.9589776611328125 0.3717694091796875 0.0123748779296875 0.00637481689453125
2 0.9580499267578125 0.35358993530273436 0.0123748779296875 0.00637481689453125
2 0.9263348388671875 0.3612864685058594 0.0123748779296875 0.00637481689453125
2 0.925936279296875 0.34204544067382814 0.0123748779296875 0.00637481689453125
2 0.891966552734375 0.3676557922363281 0.0123748779296875 0.00637481689453125
2 0.8917010498046875 0.34907821655273436 0.0123748779296875 0.00637481689453125
2 0.8773699951171875 0.34270904541015623 0.0123748779296875 0.00637481689453125
2 0.8779010009765625 0.367921142578125 0.0123748779296875 0.00637481689453125
2 0.926600341796875 0.4562969970703125 0.0123748779296875 0.00637481689453125
2 0.8793603515625 0.5272895812988281 0.0123748779296875 0.00637481689453125
2 0.8931610107421875 0.5335263061523438 0.0123748779296875 0.00637481689453125
2 0.9633099365234375 0.6859193420410157 0.0123748779296875 0.00637481689453125
2 0.96388427734375 0.6663792419433594 0.0123748779296875 0.00637481689453125
2 0.9599078369140625 0.48709152221679686 0.0123748779296875 0.00637481689453125
2 0.9599072265625 0.49858596801757815 0.0123748779296875 0.00637481689453125
2 0.9270062255859375 0.4823504638671875 0.0123748779296875 0.00637481689453125
