2 0.053125 0.41262504577636716 0.005006561279296875 0.008499908447265624
2 0.7079374694824219 0.9977499389648438 0.00862518310546875 0.00554473876953125
0 0.7569618225097656 0.23552963256835938 0.0193096923828125 0.01568939208984375
0 0.8078302001953125 0.23803794860839844 0.0192352294921875 0.015179595947265624
0 0.8339637756347656 0.23827384948730468 0.019217529296875 0.01465118408203125
0 0.8592120361328125 0.23957366943359376 0.01922088623046875 0.0147509765625
0 0.8835797119140625 0.24116294860839843 0.0192352294921875 0.01517974853515625
0 0.9093302917480469 0.24191307067871093 0.0192352294921875 0.015179595947265624
0 0.9763478088378906 0.1903863525390625 0.0220892333984375 0.0128778076171875
0 0.9249374389648437 0.188125 0.020875244140625 0.01399993896484375
0 0.8348124694824218 0.18387496948242188 0.02087493896484375 0.01399993896484375
0 0.7848124694824219 0.18287506103515624 0.02087493896484375 0.01399993896484375
2 0.6813630676269531 0.9960635375976562 0.0122735595703125 0.00669830322265625
2 0.7066986083984375 0.9908621215820312 0.0122735595703125 0.00669830322265625
2 0.6843833923339844 0.9859962463378906 0.0122735595703125 0.0066986083984375
2 0.7191148376464844 0.9940499877929687 0.0122735595703125 0.00669830322265625
2 0.8971478271484375 0.9805369567871094 0.0098992919921875 0.00621185302734375
2 0.8976510620117187 0.9746644592285156 0.0098992919921875 0.0062115478515625
2 0.8955210876464844 0.9895953369140625 0.00946075439453125 0.00521331787109375
2 0.8965278625488281 0.9679512023925781 0.0094610595703125 0.00521331787109375
2 0.8493965148925782 0.056120681762695315 0.009713134765625 0.00586212158203125
2 0.8526620483398437 0.019731063842773438 0.01209014892578125 0.00657257080078125
2 0.8526618957519532 0.013524169921875 0.01209014892578125 0.00657257080078125
2 0.8527056884765625 0.0074188232421875 0.01213531494140625 0.006714019775390625
2 0.8535676574707032 0.0018534469604492188 0.01213531494140625 0.004568939208984375
2 0.8522029113769531 0.026309661865234375 0.01319854736328125 0.006518707275390625
2 0.8799615478515626 0.024930343627929688 0.01319854736328125 0.006518707275390625
2 0.8794441223144531 0.030447540283203126 0.01319854736328125 0.00651885986328125
2 0.880478515625 0.018206100463867187 0.0131988525390625 0.00651885986328125
2 0.880478515625 0.011999282836914062 0.0131988525390625 0.00651885986328125
2 0.8820303344726562 0.005964736938476562 0.0131988525390625 0.00651885986328125
2 0.9426019287109375 0.1559873962402344 0.010804443359375 0.005102081298828125
2 0.97981689453125 0.15493698120117189 0.010804443359375 0.005102081298828125
2 0.9432022094726562 0.14218185424804688 0.010804443359375 0.0051019287109375
