6 0.23363733291625977 0.3288626861572266 0.037017173767089843 0.0359442138671875
6 0.28406652450561526 0.3288626861572266 0.037017173767089843 0.0359442138671875
6 0.3216201686859131 0.27736053466796873 0.03701715469360352 0.0359442138671875
6 0.3763411903381348 0.27896995544433595 0.037017173767089843 0.0359442138671875
6 0.41657724380493166 0.27628753662109373 0.037017173767089843 0.0359442138671875
6 0.39136266708374023 0.32993560791015625 0.037017173767089843 0.0359442138671875
6 0.43964591979980466 0.3288626861572266 0.037017135620117186 0.0359442138671875
6 0.5131437873840332 0.2800429153442383 0.037017173767089843 0.03594413757324219
6 0.5002682304382324 0.32993560791015625 0.037017173767089843 0.0359442138671875
6 0.5469420623779296 0.33315452575683596 0.037017135620117186 0.0359442138671875
6 0.5979077339172363 0.3315450668334961 0.037017173767089843 0.03594413757324219
6 0.5560622215270996 0.27950645446777345 0.037017173767089843 0.0359442138671875
6 0.5995171546936036 0.27950645446777345 0.037017173767089843 0.0359442138671875
6 0.759388427734375 0.2167382049560547 0.0370172119140625 0.0359442138671875
6 0.8167918395996093 0.2172747039794922 0.0370172119140625 0.0359442138671875
6 0.8602467727661133 0.21781112670898437 0.037017135620117186 0.0359442138671875
6 0.9364270401000977 0.33315452575683596 0.037017135620117186 0.0359442138671875
6 0.9364270401000977 0.33315452575683596 0.037017135620117186 0.0359442138671875
6 0.9010193252563476 0.28272529602050783 0.037017135620117186 0.0359442138671875
6 0.8892167282104492 0.3353004455566406 0.037017135620117186 0.0359442138671875
6 0.8597103118896484 0.2816523742675781 0.0370172119140625 0.0359442138671875
6 0.8414699554443359 0.33369098663330077 0.0370172119140625 0.03594413757324219
6 0.8184012985229492 0.2800429153442383 0.037017135620117186 0.03594413757324219
6 0.7819205856323242 0.3363733673095703 0.037017135620117186 0.0359442138671875
6 0.730954933166504 0.33315452575683596 0.037017135620117186 0.0359442138671875
6 0.7202253341674805 0.2805793762207031 0.037017135620117186 0.0359442138671875
6 0.7636802673339844 0.2800429153442383 0.0370172119140625 0.03594413757324219
6 0.6821352005004883 0.3315450668334961 0.037017135620117186 0.03594413757324219
6 0.4970493507385254 0.4136266326904297 0.037017173767089843 0.0359442138671875
6 0.34093347549438474 0.46459228515625 0.037017173767089843 0.0359442138671875
6 0.5002682304382324 0.4678111267089844 0.037017173767089843 0.0359442138671875
6 0.5485515022277831 0.4683476257324219 0.037017173767089843 0.0359442138671875
6 0.5989806938171387 0.4688841247558594 0.037017173767089843 0.0359442138671875
6 0.5464055824279785 0.5375537109375 0.037017173767089843 0.0359442138671875
6 0.4986588096618652 0.5370172119140625 0.037017173767089843 0.0359442138671875
6 0.43803647994995115 0.534334716796875 0.037017173767089843 0.0359442138671875
6 0.3897532081604004 0.5348712158203125 0.037017173767089843 0.0359442138671875
6 0.6016630935668945 0.5909335327148437 0.02736053466796875 0.02575103759765625
6 0.6016630935668945 0.5909335327148437 0.02736053466796875 0.02575103759765625
6 0.7778969955444336 0.4476931381225586 0.050429153442382815 0.050429153442382815
6 0.6006214332580566 0.6593362426757813 0.027360496520996095 0.02575103759765625
6 0.5662464332580567 0.658989028930664 0.027360496520996095 0.025751190185546877
6 0.49749643325805665 0.658989028930664 0.027360496520996095 0.025751190185546877
6 0.4610380935668945 0.65760009765625 0.02736053466796875 0.02575103759765625
6 0.429440860748291 0.6569056701660156 0.027360496520996095 0.02575103759765625
