6 0.3001373291015625 0.013420333862304687 0.03434066772460938 0.026840667724609375
6 0.6539855194091797 0.24944442749023438 0.03683578491210938 0.03502410888671875
6 0.7282608795166016 0.2723912048339844 0.03683578491210938 0.03502410888671875
6 0.7053140258789062 0.1993236541748047 0.03683563232421875 0.035024261474609374
6 0.7874396514892578 0.14074874877929688 0.03683578491210938 0.03502410888671875
6 0.8617150115966797 0.11538650512695313 0.03683578491210938 0.03502410888671875
6 0.922705307006836 0.170338134765625 0.03683578491210938 0.03502410888671875
6 0.911231918334961 0.2591062927246094 0.03683578491210938 0.03502410888671875
6 0.7801932525634766 0.3370048522949219 0.03683578491210938 0.03502410888671875
6 0.6666667175292968 0.33368362426757814 0.0259661865234375 0.02355072021484375
6 0.863526611328125 0.36236724853515623 0.053743896484375 0.0471014404296875
6 0.9486714935302735 0.3961834716796875 0.053744049072265626 0.0471014404296875
