0 0.5318792724609375 0.40394302368164064 0.014261474609375 0.030201416015625
0 0.2954364776611328 0.44933494567871096 0.025890960693359374 0.020216522216796876
0 0.2619623565673828 0.449146728515625 0.026340789794921875 0.0192730712890625
0 0.17379867553710937 0.383154296875 0.023398284912109376 0.018450469970703126
0 0.0616943359375 0.37868560791015626 0.0278741455078125 0.01794525146484375
0 0.03855010986328125 0.38340675354003906 0.02889068603515625 0.018120269775390625
2 0.7391250610351563 0.5831875610351562 0.0057501220703125 0.013125
2 0.7325 0.5848124694824218 0.0057501220703125 0.013125
2 0.725625 0.5863125610351563 0.0057501220703125 0.013125
2 0.7125 0.5841874694824218 0.0057501220703125 0.013125
2 0.7053750610351562 0.5853125 0.0057501220703125 0.013125
2 0.664375 0.5843124389648438 0.0057501220703125 0.013125
2 0.661875 0.5561874389648438 0.0057501220703125 0.013125
2 0.5638751220703125 0.5293124389648437 0.0057501220703125 0.013125
2 0.5560000610351562 0.5619375610351562 0.0057501220703125 0.013125
2 0.5508749389648437 0.5625625610351562 0.0057501220703125 0.013125
2 0.41594879150390623 0.753826904296875 0.0057501220703125 0.013125
2 0.3754487609863281 0.7895768737792969 0.005749969482421875 0.013125
2 0.4073237609863281 0.788826904296875 0.005749969482421875 0.013125
2 0.40769874572753906 0.9717018127441406 0.005749969482421875 0.013125
2 0.42807373046875 0.9727018737792968 0.005749969482421875 0.013125
2 0.4478237915039063 0.9723268127441407 0.0057501220703125 0.013125
2 0.45407379150390625 0.9727018737792968 0.0057501220703125 0.013125
2 0.46019874572753905 0.9733268737792968 0.005749969482421875 0.013125
2 0.46657371520996094 0.9727018737792968 0.005749969482421875 0.013125
2 0.565 0.9639999389648437 0.01239044189453125 0.0070001220703125
2 0.5335000610351562 0.9487501525878906 0.01239044189453125 0.0070001220703125
2 0.5333750915527343 0.9311250305175781 0.01239013671875 0.0070001220703125
2 0.5327499389648438 0.910999755859375 0.01239013671875 0.0070001220703125
2 0.5326248168945312 0.9029998779296875 0.01239044189453125 0.0070001220703125
2 0.5316249084472656 0.88875 0.01239044189453125 0.0070001220703125
2 0.5267501831054687 0.86625 0.01239044189453125 0.0070001220703125
2 0.5671249389648437 0.8960000610351563 0.01239013671875 0.0070001220703125
