6 0.4226571655273437 0.14162419319152833 0.0396624755859375 0.04304269790649414
6 0.5534335327148437 0.41508926391601564 0.0248834228515625 0.025571441650390624
6 0.57818359375 0.41183927536010745 0.0123828125 0.013071479797363282
6 0.5874334716796875 0.4194642639160156 0.0123828125 0.013071441650390625
6 0.5946835327148438 0.42746427536010745 0.0123834228515625 0.013071479797363282
6 0.6026834106445312 0.4368392753601074 0.0123834228515625 0.013071479797363282
6 0.6093084716796875 0.44471427917480466 0.0123828125 0.013071441650390625
6 0.615433349609375 0.45271427154541016 0.0123828125 0.013071441650390625
6 0.62443359375 0.4605892753601074 0.0123828125 0.013071479797363282
6 0.6374334716796874 0.4598392868041992 0.0123828125 0.013071441650390625
6 0.5851834106445313 0.4034642791748047 0.0123834228515625 0.013071441650390625
6 0.59443359375 0.4110892868041992 0.0123828125 0.013071441650390625
6 0.601683349609375 0.4190892791748047 0.0123828125 0.013071441650390625
6 0.6096835327148438 0.4284642791748047 0.0123834228515625 0.013071441650390625
6 0.61630859375 0.43633926391601563 0.0123828125 0.013071441650390625
6 0.6224334716796875 0.4443392753601074 0.0123828125 0.013071479797363282
6 0.6293084716796875 0.4534642791748047 0.0123828125 0.013071441650390625
6 0.6565585327148438 0.4400892639160156 0.0123834228515625 0.013071441650390625
6 0.663558349609375 0.44896427154541013 0.0123828125 0.013071441650390625
6 0.67130859375 0.4575892639160156 0.0123828125 0.013071441650390625
6 0.68068359375 0.46746427536010743 0.0123828125 0.013071479797363282
6 0.6974334716796875 0.4505892753601074 0.0123828125 0.013071479797363282
6 0.6880584716796875 0.44071426391601565 0.0123828125 0.013071441650390625
6 0.6803085327148437 0.43208927154541016 0.0123834228515625 0.013071441650390625
6 0.6565585327148438 0.4400892639160156 0.0123834228515625 0.013071441650390625
6 0.6876834106445312 0.4575892639160156 0.0123834228515625 0.013071441650390625
6 0.6783084106445313 0.44771427154541016 0.0123834228515625 0.013071441650390625
6 0.6705584716796875 0.43908927917480467 0.0123828125 0.013071441650390625
6 0.6730584716796875 0.4235892868041992 0.0123828125 0.013071441650390625
6 0.6565585327148438 0.4400892639160156 0.0123834228515625 0.013071441650390625
6 0.6651834106445312 0.4318392753601074 0.0123834228515625 0.013071479797363282
6 0.69443359375 0.5230892753601074 0.0123828125 0.013071479797363282
6 0.719183349609375 0.48177677154541015 0.01038330078125 0.010946426391601562
6 0.70162109375 0.5427767753601074 0.0180078125 0.01869647979736328
