6 0.03537090301513672 0.6675823974609375 0.025412063598632812 0.02335174560546875
6 0.2671703338623047 0.6706730651855469 0.03434066772460938 0.0350274658203125
6 0.3001373291015625 0.7043269348144531 0.03434066772460938 0.0350274658203125
6 0.47321430206298826 0.6301510620117188 0.034340744018554685 0.0350274658203125
6 0.5254120635986328 0.6095466613769531 0.03434066772460938 0.0350274658203125
6 0.46703300476074217 0.5745191955566407 0.03434066772460938 0.0350274658203125
6 0.46089992523193357 0.4857985687255859 0.03242286682128906 0.028306427001953124
6 0.45770503997802736 0.42230010986328126 0.03242286682128906 0.0283062744140625
6 0.5651331329345703 0.38915321350097654 0.03242294311523437 0.028306427001953124
6 0.5651331329345703 0.38915321350097654 0.03242294311523437 0.028306427001953124
6 0.6402130126953125 0.4330828857421875 0.03242279052734375 0.0283062744140625
6 0.5128168487548828 0.40552696228027346 0.03242294311523437 0.028306427001953124
6 0.6913312530517578 0.419105224609375 0.03242294311523437 0.0283062744140625
6 0.7416506958007812 0.4035301971435547 0.03242279052734375 0.028306427001953124
6 0.6857402038574218 0.35321067810058593 0.03242279052734375 0.028306427001953124
6 0.7400532531738281 0.3396324157714844 0.03242279052734375 0.0283062744140625
6 0.685540542602539 0.4945845031738281 0.019243927001953126 0.01712432861328125
6 0.6683679962158203 0.5073640441894531 0.019243927001953126 0.01712432861328125
6 0.6539855194091797 0.9444444274902344 0.03683578491210938 0.03502410888671875
6 0.7282608795166016 0.9673912048339843 0.03683578491210938 0.03502410888671875
6 0.7053140258789062 0.8943236541748046 0.03683563232421875 0.035024261474609374
6 0.7874396514892578 0.8357487487792968 0.03683578491210938 0.03502410888671875
6 0.8617150115966797 0.8103865051269531 0.03683578491210938 0.03502410888671875
6 0.922705307006836 0.865338134765625 0.03683578491210938 0.03502410888671875
6 0.911231918334961 0.9541062927246093 0.03683578491210938 0.03502410888671875
