0 0.600177001953125 0.04184661865234375 0.020477294921875 0.02644012451171875
0 0.60399658203125 0.1567010498046875 0.022431640625 0.02473846435546875
0 0.679830322265625 0.16625518798828126 0.01861083984375 0.0235308837890625
2 0.5834735107421875 0.16521347045898438 0.0091357421875 0.01702667236328125
2 0.6566314697265625 0.2937429809570313 0.009578857421875 0.0146734619140625
2 0.396741943359375 0.2645330810546875 0.01160888671875 0.00526397705078125
2 0.443253173828125 0.3267572021484375 0.005517578125 0.012044677734375
2 0.3584368896484375 0.36242645263671874 0.008765869140625 0.01554962158203125
2 0.3535400390625 0.4014013671875 0.00499267578125 0.010997314453125
2 0.4346697998046875 0.507012939453125 0.010535888671875 0.01559814453125
2 0.4862261962890625 0.5060214233398438 0.01165283203125 0.014534912109375
0 0.63760009765625 0.39645294189453123 0.040032958984375 0.04068695068359375
0 0.6424359130859375 0.45453811645507813 0.030009765625 0.0293658447265625
0 0.6483935546875 0.49470565795898436 0.030030517578125 0.040732421875
0 0.655150146484375 0.5475320434570312 0.03983154296875 0.0410955810546875
2 0.180462646484375 0.3171820068359375 0.007574462890625 0.0118646240234375
2 0.4441302490234375 0.341507568359375 0.005517578125 0.01204437255859375
2 0.536617431640625 0.32753341674804687 0.01160888671875 0.00526397705078125
2 0.40099365234375 0.27165802001953127 0.01160888671875 0.00526397705078125
2 0.40536865234375 0.3661585998535156 0.01160888671875 0.00526397705078125
2 0.4048681640625 0.3522834777832031 0.01160888671875 0.00526397705078125
2 0.402991943359375 0.33153305053710935 0.01160888671875 0.00526397705078125
2 0.4048687744140625 0.3255335998535156 0.01160888671875 0.00526397705078125
2 0.4054925537109375 0.317158203125 0.01160888671875 0.00526397705078125
2 0.4028692626953125 0.3092835998535156 0.01160888671875 0.00526397705078125
2 0.4023681640625 0.3025334167480469 0.01160888671875 0.00526397705078125
2 0.4007421875 0.28040802001953125 0.011610107421875 0.00526397705078125
2 0.3666650390625 0.400526123046875 0.00499267578125 0.01099700927734375
2 0.248538818359375 0.40777633666992186 0.00499267578125 0.010997314453125
2 0.363349609375 0.30732528686523436 0.006302490234375 0.012845458984375
2 0.22891448974609374 0.4084014892578125 0.0049932861328125 0.01099761962890625
2 0.21403900146484375 0.4089012145996094 0.0049932861328125 0.01099761962890625
2 0.16553955078125 0.27915130615234374 0.0049932861328125 0.010997314453125
2 0.4003265380859375 0.7506739807128906 0.014541015625 0.00635589599609375
2 0.398397216796875 0.7768881225585937 0.025240478515625 0.009110107421875
2 0.3955126953125 0.7034864807128907 0.01892578125 0.00905242919921875
2 0.406876220703125 0.802869873046875 0.01353271484375 0.00751129150390625
