5 0.6067745971679688 0.08636993408203125 0.0071002197265625 0.0363104248046875
5 0.5971240234375 0.08546539306640626 0.007099609375 0.0363104248046875
5 0.5856643676757812 0.08365570068359375 0.0070989990234375 0.0363104248046875
5 0.5075393676757812 0.0367913818359375 0.0402587890625 0.0148907470703125
5 0.5104043579101563 0.045762939453125 0.0393548583984375 0.013428955078125
5 0.5119876098632813 0.05533767700195313 0.040711669921875 0.01151885986328125
5 0.51259033203125 0.06242462158203125 0.0382989501953125 0.00695404052734375
5 0.5157113647460938 0.069735107421875 0.0397149658203125 0.0088909912109375
5 0.377562255859375 0.09732208251953126 0.0378643798828125 0.00951690673828125
5 0.374698486328125 0.08964111328125 0.02970458984375 0.0089288330078125
5 0.37294342041015627 0.08021438598632813 0.0412713623046875 0.00964447021484375
5 0.3715859985351562 0.07312759399414062 0.0412713623046875 0.00964447021484375
5 0.368515625 0.06453536987304688 0.0297564697265625 0.00904693603515625
5 0.37053009033203127 0.05789840698242187 0.0412713623046875 0.00964447021484375
5 0.37007843017578124 0.04870040893554688 0.0412713623046875 0.00964447021484375
5 0.37037841796875 0.0401055908203125 0.041270751953125 0.0096441650390625
5 0.5131472778320313 0.07802825927734375 0.03971435546875 0.008890380859375
5 0.5137509155273438 0.08737655639648438 0.0397149658203125 0.00889068603515625
5 0.51329833984375 0.09476486206054688 0.0397149658203125 0.00889068603515625
5 0.5136001586914063 0.10245498657226562 0.0397149658203125 0.00889068603515625
5 0.567562255859375 0.04256240844726562 0.0198748779296875 0.0063751220703125
5 0.9850277709960937 0.009516448974609374 0.0308026123046875 0.02101654052734375
3 0.990048828125 0.023703460693359376 0.0361419677734375 0.03638397216796875
2 0.9464498901367188 0.8626052856445312 0.006405029296875 0.01446014404296875
2 0.8858251953125 0.8641047668457031 0.006405029296875 0.01446014404296875
2 0.873699951171875 0.8634797668457032 0.0064056396484375 0.01446014404296875
2 0.8601995849609375 0.8639796447753906 0.006405029296875 0.01446014404296875
2 0.8738241577148438 0.8791050720214844 0.006405029296875 0.01446014404296875
2 0.7979495239257812 0.81947998046875 0.006405029296875 0.01446014404296875
2 0.8084503173828125 0.8196049499511718 0.0064056396484375 0.01446014404296875
2 0.79844970703125 0.7881047058105469 0.0064056396484375 0.01446014404296875
2 0.8123248291015625 0.7886050415039062 0.006405029296875 0.01446014404296875
2 0.8307000732421875 0.7884800720214844 0.006405029296875 0.01446014404296875
2 0.8748248291015625 0.7881048583984375 0.006405029296875 0.01446014404296875
2 0.8937005615234375 0.7874797058105468 0.0064056396484375 0.01446014404296875
2 0.9103253173828125 0.7873544311523437 0.0064056396484375 0.01446014404296875
2 0.9020748901367187 0.8171051025390625 0.006405029296875 0.01446014404296875
2 0.9112002563476562 0.8163551330566406 0.0064056396484375 0.01446014404296875
2 0.9459503173828125 0.8184799194335938 0.0064056396484375 0.01446014404296875
2 0.958699951171875 0.8171049499511719 0.0064056396484375 0.01446014404296875
2 0.9654498291015625 0.8177301025390625 0.006405029296875 0.01446014404296875
2 0.984200439453125 0.8167298889160156 0.006405029296875 0.01446014404296875
2 0.9913250732421875 0.8161051940917968 0.006405029296875 0.01446014404296875
2 0.9662002563476563 0.8321049499511719 0.0064056396484375 0.01446014404296875
2 0.959449462890625 0.8319798278808593 0.006405029296875 0.01446014404296875
2 0.7728396606445312 0.30781341552734376 0.0060699462890625 0.01487579345703125
2 0.746937255859375 0.44756256103515624 0.01237548828125 0.0063751220703125
2 0.7032144165039063 0.22756317138671875 0.006070556640625 0.01487640380859375
2 0.7817141723632812 0.3065631103515625 0.006070556640625 0.0148760986328125
2 0.7132144165039063 0.39581329345703126 0.0060711669921875 0.0148760986328125
2 0.7466873168945313 0.46068756103515623 0.01237548828125 0.0063751220703125
2 0.8050625610351563 0.4630624389648437 0.01237548828125 0.0063751220703125
2 0.8051873779296875 0.4545623779296875 0.01237548828125 0.0063751220703125
2 0.805562744140625 0.43556243896484376 0.0123748779296875 0.00637481689453125
2 0.806937255859375 0.4045623779296875 0.01237548828125 0.0063751220703125
2 0.85456298828125 0.404312744140625 0.01237548828125 0.0063751220703125
2 0.853187255859375 0.4633122253417969 0.01237548828125 0.0063751220703125
2 0.8390621948242187 0.462562255859375 0.01237548828125 0.00637481689453125
2 0.8979373168945313 0.4038125610351562 0.01237548828125 0.0063751220703125
2 0.8991876220703126 0.4345623779296875 0.01237548828125 0.0063751220703125
2 0.8860626220703125 0.44931228637695314 0.01237548828125 0.0063751220703125
2 0.8845620727539063 0.4630625915527344 0.01237548828125 0.0063751220703125
2 0.898687744140625 0.4631877136230469 0.0123748779296875 0.00637481689453125
2 0.8979373168945313 0.45618743896484376 0.01237548828125 0.0063751220703125
2 0.929937744140625 0.4424374389648438 0.0123748779296875 0.00637481689453125
2 0.9310629272460937 0.453187255859375 0.01237548828125 0.0063751220703125
2 0.9283126831054688 0.4611872863769531 0.01237548828125 0.0063751220703125
2 0.9441876220703125 0.46156219482421873 0.0123748779296875 0.00637542724609375
2 0.9749368286132812 0.46168716430664064 0.0123748779296875 0.0063751220703125
2 0.410858154296875 0.008310089111328125 0.00578369140625 0.01394622802734375
2 0.47148345947265624 0.006694412231445313 0.00578369140625 0.01340789794921875
2 0.47923370361328127 0.007184906005859375 0.00578369140625 0.013946533203125
2 0.48573333740234376 0.00781005859375 0.00578369140625 0.013946533203125
2 0.7101461791992187 0.09063140869140625 0.0055377197265625 0.01416290283203125
2 0.7255206298828125 0.09113143920898438 0.005538330078125 0.014163818359375
2 0.7127706909179687 0.056881256103515625 0.005538330078125 0.014163818359375
2 0.7207705688476562 0.041506500244140626 0.0055377197265625 0.01416290283203125
2 0.7291458129882813 0.042381591796875 0.0055377197265625 0.01416290283203125
2 0.7358963012695312 0.0416314697265625 0.005538330078125 0.01416351318359375
2 0.7433956909179688 0.04263137817382812 0.005538330078125 0.014163818359375
2 0.7730209350585937 0.03963134765625 0.005538330078125 0.01416351318359375
2 0.8530389404296875 0.5200285339355468 0.0123748779296875 0.00637481689453125
2 0.8378228759765625 0.5264421081542969 0.0123748779296875 0.00637481689453125
2 0.8063836669921876 0.5261907958984375 0.0123748779296875 0.00637481689453125
2 0.8412176513671875 0.5840376281738281 0.0123748779296875 0.00637481689453125
2 0.8404632568359375 0.57196533203125 0.0123748779296875 0.00637481689453125
2 0.8558050537109375 0.5773728942871094 0.0123748779296875 0.00637481689453125
2 0.8540447998046875 0.5709593200683594 0.0123748779296875 0.00637481689453125
2 0.885357666015625 0.5835348510742188 0.0123748779296875 0.00637481689453125
2 0.8857354736328125 0.5907028198242188 0.0123748779296875 0.00637481689453125
2 0.89805908203125 0.5988766479492188 0.0123748779296875 0.00637481689453125
2 0.9303778076171875 0.5966133117675781 0.0123748779296875 0.00637481689453125
2 0.8559307861328125 0.5378857421875 0.0123748779296875 0.00637481689453125
2 0.884603271484375 0.5141181945800781 0.0123748779296875 0.00637481689453125
2 0.88322021484375 0.5072018432617188 0.0123748779296875 0.00637481689453125
2 0.89906494140625 0.5201545715332031 0.0123748779296875 0.00637481689453125
2 0.8968017578125 0.5265678405761719 0.0123748779296875 0.00637481689453125
2 0.931258544921875 0.5527247619628907 0.0123748779296875 0.00637481689453125
2 0.931007080078125 0.5392691040039063 0.0123748779296875 0.00637481689453125
2 0.97590087890625 0.5577549743652344 0.0123748779296875 0.00637481689453125
2 0.9764044189453125 0.5646714782714843 0.0123748779296875 0.00637481689453125
2 0.9879736328125 0.5707077026367188 0.0123748779296875 0.00637481689453125
2 0.808773193359375 0.6725688171386719 0.0123748779296875 0.00637481689453125
2 0.92987548828125 0.6223927307128906 0.0123748779296875 0.00637481689453125
2 0.942198486328125 0.6407530212402344 0.0123748779296875 0.00637481689453125
2 0.9429534912109375 0.6294349670410156 0.0123748779296875 0.00637481689453125
2 0.9424505615234375 0.6223927307128906 0.0123748779296875 0.00637481689453125
2 0.9437078857421874 0.6035296630859375 0.0123748779296875 0.00637481689453125
2 0.9435821533203125 0.6476695251464843 0.0123748779296875 0.00637481689453125
2 0.9429534912109375 0.6738264465332031 0.0123748779296875 0.00637481689453125
2 0.9427020263671875 0.6799885559082032 0.0123748779296875 0.00637481689453125
2 0.98822509765625 0.5390174865722657 0.0123748779296875 0.00637481689453125
2 0.9889794921875 0.5503355407714844 0.0123748779296875 0.00637481689453125
2 0.98923095703125 0.5832830810546875 0.0123748779296875 0.00637481689453125
2 0.8404632568359375 0.6164825439453125 0.0123748779296875 0.00637481689453125
2 0.7497943115234375 0.6799884033203125 0.0123748779296875 0.00637481689453125
2 0.7490399169921875 0.6544601440429687 0.0123748779296875 0.00637481689453125
2 0.71571533203125 0.641759033203125 0.0123748779296875 0.00637481689453125
2 0.7480340576171876 0.6171112060546875 0.0123748779296875 0.00637481689453125
2 0.7612384033203125 0.6162309265136718 0.0123748779296875 0.00637481689453125
2 0.7474053955078125 0.55146728515625 0.0123748779296875 0.00637481689453125
2 0.7619921875 0.5329814147949219 0.0123748779296875 0.00637481689453125
2 0.973511962890625 0.6332077026367188 0.0123748779296875 0.00637481689453125
2 0.9444622802734375 0.5846664428710937 0.0123748779296875 0.00637481689453125
2 0.9445880126953125 0.5705819702148438 0.0123748779296875 0.00637481689453125
2 0.9746435546875 0.5700790405273437 0.0123748779296875 0.00637481689453125
2 0.7152117919921875 0.6740779113769532 0.0123748779296875 0.00637481689453125
2 0.897178955078125 0.6480467224121094 0.0123748779296875 0.00637481689453125
2 0.898687744140625 0.6798628234863281 0.0123748779296875 0.00637481689453125
2 0.883345947265625 0.6672871398925782 0.0123748779296875 0.00637481689453125
2 0.9766558837890625 0.5146212768554688 0.0123748779296875 0.00637481689453125
2 0.97539794921875 0.5068243408203125 0.0123748779296875 0.00637481689453125
2 0.7133251953125 0.5143698120117187 0.0123748779296875 0.00637481689453125
2 0.8978076171875 0.5001594543457031 0.0123748779296875 0.00637481689453125
2 0.9889794921875 0.5215376281738281 0.0123748779296875 0.00637481689453125
