2 0.9926873779296875 0.1121875 0.0144866943359375 0.0148748779296875
2 0.9940618896484374 0.17843734741210937 0.0144866943359375 0.0148748779296875
2 0.9969375610351563 0.3721876525878906 0.0144866943359375 0.0148748779296875
2 0.9871878051757812 0.3620628356933594 0.0144866943359375 0.01487518310546875
2 0.9831881713867188 0.3566880798339844 0.0144866943359375 0.01487518310546875
2 0.9756878662109375 0.347437744140625 0.0144866943359375 0.01487518310546875
2 0.9723129272460938 0.3408123779296875 0.0144866943359375 0.0148748779296875
2 0.9738125610351562 0.3260624694824219 0.0144866943359375 0.01487518310546875
2 0.95643798828125 0.3288128662109375 0.0144873046875 0.01487518310546875
2 0.9546884155273437 0.3113130187988281 0.0144866943359375 0.01487518310546875
2 0.9494381713867187 0.3064375305175781 0.0144866943359375 0.01487518310546875
2 0.9464376831054687 0.29906295776367187 0.0144866943359375 0.0148748779296875
2 0.9388125610351562 0.29356277465820313 0.0144866943359375 0.01487518310546875
2 0.9334378051757812 0.288687744140625 0.0144866943359375 0.01487518310546875
2 0.9371878051757813 0.3113130187988281 0.0144866943359375 0.01487518310546875
2 0.93268798828125 0.30668792724609373 0.0144873046875 0.0148748779296875
2 0.9283120727539063 0.3020623779296875 0.0144873046875 0.01487518310546875
2 0.90893798828125 0.28381240844726563 0.0144873046875 0.01487518310546875
2 0.9199380493164062 0.2729376220703125 0.0144866943359375 0.01487518310546875
2 0.9049380493164062 0.2786871337890625 0.0144866943359375 0.01487518310546875
2 0.9011880493164063 0.2725628662109375 0.0144866943359375 0.01487518310546875
2 0.84768798828125 0.2885629272460937 0.0144873046875 0.0148748779296875
2 0.85143798828125 0.29331283569335936 0.0144873046875 0.01487518310546875
2 0.8560629272460938 0.2981878662109375 0.0144866943359375 0.0148748779296875
2 0.8723129272460938 0.2930625915527344 0.0144866943359375 0.0148748779296875
2 0.8666879272460938 0.30743743896484377 0.0144866943359375 0.0148748779296875
2 0.8706881713867187 0.31131271362304686 0.0144866943359375 0.01487518310546875
2 0.8746878051757813 0.31618759155273435 0.0144866943359375 0.01487518310546875
2 0.8790628051757813 0.3223121643066406 0.0144866943359375 0.01487518310546875
2 0.89206298828125 0.31556243896484376 0.0144873046875 0.0148748779296875
2 0.8909371948242187 0.3321875 0.0144866943359375 0.0148748779296875
2 0.8956881713867187 0.3350628662109375 0.0144866943359375 0.01487518310546875
2 0.9086880493164062 0.32831253051757814 0.0144866943359375 0.01487518310546875
2 0.9061880493164063 0.34318740844726564 0.0144866943359375 0.01487518310546875
2 0.9106887817382813 0.3488128662109375 0.0144866943359375 0.01487518310546875
2 0.9136883544921875 0.3550628662109375 0.0144866943359375 0.01487518310546875
2 0.9208126831054687 0.3569374084472656 0.0144873046875 0.01487518310546875
2 0.9239376831054688 0.36206253051757814 0.0144873046875 0.01487518310546875
2 0.92331298828125 0.3438124084472656 0.0144873046875 0.01487518310546875
2 0.938563232421875 0.35793777465820314 0.0144866943359375 0.0148748779296875
2 0.9478128051757813 0.3683125305175781 0.0144866943359375 0.01487518310546875
2 0.9391879272460938 0.3788128662109375 0.0144866943359375 0.0148748779296875
2 0.9549371337890625 0.39093765258789065 0.0144866943359375 0.0148748779296875
2 0.9596871948242187 0.3971876525878906 0.0144866943359375 0.0148748779296875
2 0.9696875 0.3871878051757813 0.0144866943359375 0.0148748779296875
2 0.9719378662109375 0.40681259155273436 0.0144866943359375 0.01487518310546875
2 0.9803131103515625 0.39643768310546873 0.0144866943359375 0.01487518310546875
2 0.9666879272460938 0.40143768310546873 0.0144866943359375 0.0148748779296875
2 0.7880630493164062 0.3484376525878906 0.0144866943359375 0.0148748779296875
2 0.793062744140625 0.352437744140625 0.0144866943359375 0.01487518310546875
2 0.8113131713867188 0.3691876220703125 0.0144866943359375 0.01487518310546875
2 0.8299380493164062 0.38881271362304687 0.0144866943359375 0.01487518310546875
2 0.83518798828125 0.39668777465820315 0.0144873046875 0.0148748779296875
2 0.8486874389648438 0.4134375 0.0144866943359375 0.0148748779296875
2 0.8540628051757813 0.41706268310546873 0.0144866943359375 0.01487518310546875
2 0.8603128051757812 0.42306243896484375 0.0144866943359375 0.01487518310546875
2 0.8729376220703124 0.42131256103515624 0.0144866943359375 0.0148748779296875
2 0.8828125 0.4296873474121094 0.0144866943359375 0.0148748779296875
2 0.891063232421875 0.43931228637695313 0.0144866943359375 0.0148748779296875
2 0.9018124389648438 0.4484381103515625 0.0144866943359375 0.0148748779296875
2 0.8930624389648437 0.4579376220703125 0.0144866943359375 0.01487518310546875
2 0.9253131103515625 0.47131256103515623 0.0144866943359375 0.01487518310546875
2 0.9168130493164063 0.4813128662109375 0.0144866943359375 0.01487518310546875
2 0.8915628051757812 0.5184378051757812 0.0144866943359375 0.0148748779296875
2 0.8856875610351562 0.5141874694824219 0.0144866943359375 0.01487518310546875
2 0.88143798828125 0.5105624389648438 0.0144873046875 0.0148748779296875
2 0.8761880493164063 0.5050628662109375 0.0144866943359375 0.01487518310546875
2 0.8715621948242187 0.5003126525878906 0.0144866943359375 0.0148748779296875
2 0.8656881713867187 0.49631271362304685 0.0144866943359375 0.01487518310546875
2 0.861688232421875 0.4904374694824219 0.0144866943359375 0.0148748779296875
2 0.8730630493164062 0.48256271362304687 0.0144866943359375 0.01487518310546875
2 0.854937744140625 0.48493759155273436 0.0144866943359375 0.01487518310546875
2 0.8640625 0.47343734741210936 0.0144866943359375 0.0148748779296875
2 0.85768798828125 0.4688127136230469 0.0144873046875 0.01487518310546875
2 0.854312744140625 0.46368759155273437 0.0144866943359375 0.01487518310546875
2 0.84831298828125 0.4779374694824219 0.0144873046875 0.0148748779296875
2 0.8441879272460937 0.4725630187988281 0.0144866943359375 0.0148748779296875
2 0.8388125610351562 0.4651875305175781 0.0144866943359375 0.01487518310546875
2 0.8291885375976562 0.4561878967285156 0.0144866943359375 0.0148748779296875
2 0.8390628051757812 0.448062744140625 0.0144866943359375 0.01487518310546875
2 0.83393798828125 0.4423126220703125 0.0144873046875 0.0148748779296875
2 0.8231875610351562 0.4515625 0.0144866943359375 0.0148748779296875
2 0.8186883544921875 0.44693771362304685 0.0144866943359375 0.01487518310546875
2 0.8289373779296875 0.436312255859375 0.0144873046875 0.01487518310546875
2 0.8100631713867188 0.4325628662109375 0.0144866943359375 0.01487518310546875
2 0.8053121948242188 0.42781280517578124 0.0144866943359375 0.0148748779296875
2 0.7931881713867187 0.4148126220703125 0.0144866943359375 0.01487518310546875
2 0.7878128051757812 0.4094377136230469 0.0144866943359375 0.01487518310546875
2 0.7840628051757812 0.38843765258789065 0.0144866943359375 0.0148748779296875
2 0.7753134155273438 0.3804376220703125 0.0144866943359375 0.01487518310546875
2 0.7705630493164063 0.3758125305175781 0.0144866943359375 0.01487518310546875
2 0.7650628662109376 0.37206253051757815 0.0144866943359375 0.01487518310546875
2 0.760562744140625 0.38606231689453124 0.0144866943359375 0.01487518310546875
2 0.7654379272460937 0.39043746948242186 0.0144866943359375 0.0148748779296875
2 0.869188232421875 0.5418121337890625 0.0144866943359375 0.0148748779296875
2 0.8599380493164063 0.5325628662109375 0.0144866943359375 0.01487518310546875
2 0.8564376831054688 0.526187744140625 0.0144873046875 0.0148748779296875
2 0.8466879272460938 0.5365626525878906 0.0144866943359375 0.0148748779296875
2 0.8370620727539062 0.5265625 0.0144866943359375 0.0148748779296875
2 0.8503128051757812 0.5216876220703125 0.0144866943359375 0.01487518310546875
2 0.8473129272460938 0.5166876220703125 0.0144866943359375 0.0148748779296875
2 0.8396878051757812 0.5105625915527344 0.0144866943359375 0.01487518310546875
2 0.8330630493164063 0.5036874389648438 0.0144866943359375 0.01487518310546875
2 0.8193124389648437 0.5106877136230469 0.0144866943359375 0.01487518310546875
2 0.8245623779296875 0.5143125915527343 0.0144873046875 0.0148748779296875
2 0.8114370727539062 0.5011878967285156 0.0144873046875 0.0148748779296875
2 0.8053128051757813 0.49543792724609376 0.0144866943359375 0.01487518310546875
2 0.7981881713867187 0.49056243896484375 0.0144866943359375 0.01487518310546875
2 0.807313232421875 0.48118789672851564 0.0144866943359375 0.0148748779296875
2 0.7926876831054688 0.4845623779296875 0.0144873046875 0.01487518310546875
2 0.7868130493164063 0.47693801879882813 0.0144866943359375 0.01487518310546875
2 0.7794375610351563 0.4735627746582031 0.0144866943359375 0.01487518310546875
2 0.7915621948242187 0.4628125 0.0144866943359375 0.0148748779296875
2 0.7735629272460938 0.466812744140625 0.0144866943359375 0.0148748779296875
2 0.7684381103515625 0.46081298828125 0.0144866943359375 0.01487518310546875
2 0.7800631713867188 0.452437744140625 0.0144866943359375 0.01487518310546875
2 0.7746875 0.4471876525878906 0.0144866943359375 0.0148748779296875
2 0.7678131103515625 0.44131256103515626 0.0144866943359375 0.01487518310546875
2 0.7565621948242187 0.4515623474121094 0.0144866943359375 0.0148748779296875
2 0.7519381713867187 0.4458128356933594 0.0144866943359375 0.01487518310546875
2 0.7456875610351562 0.44118743896484375 0.0144866943359375 0.01487518310546875
2 0.760438232421875 0.4343125915527344 0.0144866943359375 0.0148748779296875
2 0.7555630493164063 0.429312744140625 0.0144866943359375 0.01487518310546875
2 0.7394378662109375 0.4356878662109375 0.0144866943359375 0.01487518310546875
2 0.7344378662109375 0.4319378662109375 0.0144866943359375 0.01487518310546875
2 0.7446878051757813 0.42118789672851564 0.0144866943359375 0.01487518310546875
2 0.7400625610351562 0.4166877746582031 0.0144866943359375 0.01487518310546875
2 0.7309375 0.42718719482421874 0.0144866943359375 0.0148748779296875
2 0.7260629272460938 0.42218780517578125 0.0144866943359375 0.0148748779296875
2 0.7353128051757812 0.4129376220703125 0.0144866943359375 0.01487518310546875
2 0.7294378662109375 0.40656219482421874 0.0144866943359375 0.0148748779296875
2 0.7085003662109375 0.3979376220703125 0.0104998779296875 0.01594635009765625
2 0.9645001220703125 0.11224990844726562 0.015 0.01499969482421875
2 0.9594998168945312 0.11837478637695313 0.015 0.01499969482421875
2 0.886875 0.19874984741210938 0.015 0.015
2 0.8765008544921875 0.20850006103515625 0.015 0.015
2 0.86762451171875 0.2179998779296875 0.015 0.01499969482421875
2 0.84262451171875 0.24724990844726563 0.015 0.01499969482421875
2 0.8321249389648437 0.25625015258789063 0.015 0.015
2 0.8158746337890626 0.28012527465820314 0.015 0.015
2 0.774749755859375 0.31875 0.015 0.015
2 0.7158755493164063 0.45550033569335935 0.015 0.015
2 0.62487548828125 0.4567500305175781 0.015 0.015
2 0.6177505493164063 0.4648748779296875 0.015 0.015
2 0.6518896484375 0.4935746765136719 0.0129718017578125 0.0131494140625
2 0.6572640991210937 0.48657501220703125 0.0129718017578125 0.0131494140625
2 0.66301513671875 0.478575439453125 0.01297119140625 0.0131494140625
2 0.674639892578125 0.48894989013671875 0.01297119140625 0.01314910888671875
2 0.667889404296875 0.4958245849609375 0.0129718017578125 0.0131494140625
2 0.6613894653320312 0.5051998901367187 0.0129718017578125 0.0131494140625
2 0.6730145263671875 0.5166998291015625 0.01297119140625 0.0131494140625
2 0.6776394653320312 0.5060748291015625 0.0129718017578125 0.0131494140625
2 0.6866397094726563 0.5006999206542969 0.0129718017578125 0.0131494140625
2 0.6970147705078125 0.5114495849609375 0.0129718017578125 0.0131494140625
2 0.6870144653320313 0.5164498901367187 0.0129718017578125 0.0131494140625
2 0.6870144653320313 0.5296998596191407 0.0129718017578125 0.0131494140625
2 0.6981393432617188 0.5258248901367187 0.0129718017578125 0.0131494140625
2 0.70951416015625 0.52344970703125 0.0129718017578125 0.0131494140625
2 0.7193896484375 0.5338252258300781 0.0129718017578125 0.0131494140625
2 0.7076400756835938 0.5345747375488281 0.0129718017578125 0.0131494140625
2 0.7002639770507812 0.539949951171875 0.0129718017578125 0.0131494140625
2 0.7103903198242187 0.5507005310058594 0.0129718017578125 0.0131494140625
2 0.7191397094726563 0.5484494018554688 0.0129718017578125 0.0131494140625
2 0.7281396484375 0.5443246459960938 0.0129718017578125 0.0131494140625
2 0.7367648315429688 0.5540751647949219 0.01297119140625 0.0131494140625
2 0.7285147094726563 0.5569499206542968 0.0129718017578125 0.0131494140625
2 0.7207650756835937 0.5616995239257813 0.0129718017578125 0.0131494140625
2 0.732764892578125 0.5739497375488282 0.01297119140625 0.01314910888671875
2 0.7398895263671875 0.5670742797851562 0.01297119140625 0.0131494140625
2 0.7481396484375 0.5641996765136719 0.0129718017578125 0.0131494140625
2 0.7583892822265625 0.5723248291015625 0.01297119140625 0.01314910888671875
2 0.7496401977539062 0.577449951171875 0.0129718017578125 0.0131494140625
2 0.7428890991210938 0.5844500732421875 0.0129718017578125 0.0131494140625
2 0.7538894653320313 0.5950747680664062 0.0129718017578125 0.0131494140625
2 0.7601397705078125 0.5880754089355469 0.0129718017578125 0.0131494140625
2 0.7688894653320313 0.5828250122070312 0.0129718017578125 0.0131494140625
2 0.7800143432617187 0.5916996765136718 0.0129718017578125 0.0131494140625
2 0.7697647094726563 0.5979496765136719 0.0129718017578125 0.0131494140625
2 0.766014404296875 0.6050747680664063 0.0129718017578125 0.0131494140625
2 0.7808892822265625 0.6073243713378906 0.01297119140625 0.01314910888671875
2 0.7912643432617188 0.6073246765136718 0.0129718017578125 0.0131494140625
3 0.7041497802734376 0.6719108581542969 0.039556884765625 0.04157073974609375
2 0.03408447265625 0.565771484375 0.0123748779296875 0.00637481689453125
2 0.0336865234375 0.5101716613769531 0.0123748779296875 0.00637481689453125
2 0.035411376953125 0.6173904418945313 0.0123748779296875 0.00637481689453125
2 0.035411376953125 0.6379583740234375 0.0123748779296875 0.00637481689453125
2 0.0363397216796875 0.6564030456542969 0.0123748779296875 0.00637481689453125
2 0.035809326171875 0.6497683715820313 0.0123748779296875 0.00637481689453125
2 0.0819879150390625 0.6487066650390625 0.0123748779296875 0.00637481689453125
2 0.0814569091796875 0.5909837341308594 0.0123748779296875 0.00637481689453125
2 0.0668603515625 0.5980166625976563 0.0123748779296875 0.00637481689453125
2 0.08119140625 0.55900390625 0.0123748779296875 0.00637481689453125
2 0.1142327880859375 0.5574116516113281 0.0123748779296875 0.00637481689453125
2 0.1499285888671875 0.5697523498535156 0.0123748779296875 0.00637481689453125
2 0.1499285888671875 0.5636483764648438 0.0123748779296875 0.00637481689453125
2 0.189869384765625 0.5600657653808594 0.0123748779296875 0.00637481689453125
2 0.19146240234375 0.5924433898925782 0.0123748779296875 0.00637481689453125
2 0.033951416015625 0.46452392578125 0.0123748779296875 0.00637481689453125
2 0.0334210205078125 0.458818359375 0.0123748779296875 0.00637481689453125
2 0.067391357421875 0.4244499206542969 0.0123748779296875 0.00637481689453125
2 0.0801300048828125 0.4374540710449219 0.0123748779296875 0.00637481689453125
2 0.1137017822265625 0.41263992309570313 0.0123748779296875 0.00637481689453125
2 0.1467437744140625 0.39870681762695315 0.0123748779296875 0.00637481689453125
2 0.145814208984375 0.3866311645507812 0.0123748779296875 0.00637481689453125
2 0.1464776611328125 0.3717694091796875 0.0123748779296875 0.00637481689453125
2 0.1455499267578125 0.35358993530273436 0.0123748779296875 0.00637481689453125
2 0.1138348388671875 0.3612864685058594 0.0123748779296875 0.00637481689453125
2 0.113436279296875 0.34204544067382814 0.0123748779296875 0.00637481689453125
2 0.079466552734375 0.3676557922363281 0.0123748779296875 0.00637481689453125
2 0.0792010498046875 0.34907821655273436 0.0123748779296875 0.00637481689453125
2 0.0648699951171875 0.34270904541015623 0.0123748779296875 0.00637481689453125
2 0.0654010009765625 0.367921142578125 0.0123748779296875 0.00637481689453125
2 0.114100341796875 0.4562969970703125 0.0123748779296875 0.00637481689453125
2 0.1907989501953125 0.5043331909179688 0.0123748779296875 0.00637481689453125
2 0.189869384765625 0.5105697631835937 0.0123748779296875 0.00637481689453125
2 0.0668603515625 0.5272895812988281 0.0123748779296875 0.00637481689453125
2 0.0806610107421875 0.5335263061523438 0.0123748779296875 0.00637481689453125
2 0.1508099365234375 0.6859193420410157 0.0123748779296875 0.00637481689453125
2 0.15138427734375 0.6663792419433594 0.0123748779296875 0.00637481689453125
2 0.1929071044921875 0.6310342407226562 0.0123748779296875 0.00637481689453125
2 0.1913262939453125 0.6248561096191406 0.0123748779296875 0.00637481689453125
2 0.19463134765625 0.6829020690917968 0.0123748779296875 0.00637481689453125
2 0.194200439453125 0.7099136352539063 0.0123748779296875 0.00637481689453125
2 0.1886431884765625 0.40921798706054685 0.0123748779296875 0.00637481689453125
2 0.1474078369140625 0.48709152221679686 0.0123748779296875 0.00637481689453125
2 0.1474072265625 0.49858596801757815 0.0123748779296875 0.00637481689453125
2 0.1145062255859375 0.4823504638671875 0.0123748779296875 0.00637481689453125
2 0.280062255859375 0.36375 0.0126251220703125 0.01515411376953125
2 0.28593780517578127 0.3665000915527344 0.0126251220703125 0.01515411376953125
2 0.29743743896484376 0.37525009155273437 0.0126251220703125 0.01515411376953125
2 0.34362518310546875 0.41793777465820314 0.01300048828125 0.014072265625
2 0.39375030517578125 0.46918746948242185 0.0129998779296875 0.01407196044921875
2 0.3987506103515625 0.4735627746582031 0.0129998779296875 0.01407196044921875
2 0.40274993896484373 0.4783125305175781 0.0129998779296875 0.01407196044921875
2 0.40862518310546875 0.48231292724609376 0.01300048828125 0.014072265625
2 0.4138751220703125 0.486187744140625 0.01300048828125 0.014072265625
2 0.36125 0.48543777465820315 0.0129998779296875 0.01407196044921875
2 0.33925018310546873 0.461937255859375 0.01300048828125 0.014072265625
2 0.3253753662109375 0.4673126220703125 0.0129998779296875 0.01407196044921875
2 0.28787506103515625 0.431937255859375 0.0129998779296875 0.01407196044921875
2 0.2833749389648437 0.42806228637695315 0.0129998779296875 0.01407196044921875
2 0.2528750610351562 0.403062744140625 0.0129998779296875 0.01407196044921875
2 0.258499755859375 0.40756271362304686 0.0129998779296875 0.01407196044921875
2 0.2653753662109375 0.41106246948242187 0.0129998779296875 0.01407196044921875
2 0.284000244140625 0.47168746948242185 0.0129998779296875 0.01407196044921875
2 0.2938751220703125 0.48043777465820314 0.01300048828125 0.014072265625
2 0.26562530517578126 0.45418716430664063 0.0129998779296875 0.01407196044921875
2 0.3581243896484375 0.5434373474121094 0.0129998779296875 0.014072265625
2 0.24487548828125 0.5150625610351562 0.01300048828125 0.014072265625
2 0.244000244140625 0.5594374084472656 0.0129998779296875 0.01407196044921875
2 0.253375244140625 0.5689372253417969 0.0129998779296875 0.01407196044921875
2 0.2588751220703125 0.5730624389648438 0.01300048828125 0.014072265625
2 0.25000030517578126 0.5836875915527344 0.0129998779296875 0.01407196044921875
2 0.25375 0.5870623779296875 0.0129998779296875 0.01407196044921875
2 0.24324981689453126 0.5790623474121094 0.01300048828125 0.014072265625
2 0.2272503662109375 0.6030628967285157 0.0129998779296875 0.01407196044921875
2 0.23762451171875 0.6115625 0.01300048828125 0.014072265625
2 0.2586248779296875 0.5904373168945313 0.01300048828125 0.014072265625
2 0.28774993896484374 0.5986875915527343 0.0129998779296875 0.01407196044921875
2 0.282750244140625 0.6131875610351563 0.0129998779296875 0.01407196044921875
2 0.29625 0.6080622863769531 0.0129998779296875 0.01407196044921875
2 0.241624755859375 0.6371870422363282 0.0129998779296875 0.014072265625
2 0.2510003662109375 0.6269375610351563 0.0129998779296875 0.01407196044921875
2 0.25512542724609377 0.6318125915527344 0.01300048828125 0.014072265625
2 0.25712493896484373 0.5281877136230468 0.0129998779296875 0.01407196044921875
2 0.2348748779296875 0.487437744140625 0.01300048828125 0.014072265625
2 0.2586376953125 0.6740603637695313 0.012974853515625 0.014244384765625
2 0.253262939453125 0.6770602416992187 0.012974853515625 0.014244384765625
2 0.35313751220703127 0.7178103637695312 0.012974853515625 0.014244384765625
2 0.36101287841796875 0.728935546875 0.012974853515625 0.014244384765625
2 0.3477630615234375 0.7216854858398437 0.0129742431640625 0.014244384765625
2 0.2806378173828125 0.6603099060058594 0.012974853515625 0.014244384765625
2 0.29538787841796876 0.6476852416992187 0.012974853515625 0.014244384765625
2 0.3006378173828125 0.6440605163574219 0.012974853515625 0.014244384765625
2 0.3572628784179688 0.6039353942871094 0.012974853515625 0.014244384765625
2 0.372637939453125 0.5929354858398438 0.012974853515625 0.01424468994140625
2 0.3775128173828125 0.5893104553222657 0.012974853515625 0.01424468994140625
2 0.4203875732421875 0.6285601806640625 0.012974853515625 0.01424468994140625
2 0.4300128173828125 0.6200604248046875 0.012974853515625 0.014244384765625
2 0.3930126953125 0.5779354858398438 0.012974853515625 0.01424468994140625
2 0.36274993896484375 0.548812255859375 0.0129998779296875 0.01407196044921875
2 0.3528753662109375 0.5581877136230469 0.0129998779296875 0.01407196044921875
2 0.35850006103515625 0.5645625305175781 0.0129998779296875 0.01407196044921875
2 0.3488751220703125 0.5535626220703125 0.01300048828125 0.014072265625
2 0.32475006103515625 0.5138127136230469 0.0129998779296875 0.01407196044921875
2 0.3158746337890625 0.5228120422363282 0.0129998779296875 0.014072265625
2 0.372874755859375 0.4929377746582031 0.0129998779296875 0.01407196044921875
2 0.35675018310546874 0.480687255859375 0.01300048828125 0.014072265625
2 0.4431378173828125 0.6708102416992188 0.012974853515625 0.014244384765625
2 0.42761749267578125 0.6825965881347656 0.0125164794921875 0.01380706787109375
2 0.40351287841796873 0.681435546875 0.012974853515625 0.014244384765625
2 0.3450128173828125 0.7393099975585937 0.012974853515625 0.01424468994140625
2 0.3303875732421875 0.752435302734375 0.012974853515625 0.01424468994140625
2 0.2943878173828125 0.7581854248046875 0.012974853515625 0.014244384765625
2 0.3713876342773437 0.7024349975585937 0.012974853515625 0.01424468994140625
2 0.3803875732421875 0.7164352416992188 0.012974853515625 0.014244384765625
2 0.460491943359375 0.7143467712402344 0.012515869140625 0.01380645751953125
2 0.472366943359375 0.7417218017578125 0.012515869140625 0.01380645751953125
2 0.46836669921875 0.7474717712402343 0.012515869140625 0.01380645751953125
2 0.45811676025390624 0.7547218322753906 0.0125164794921875 0.0138067626953125
2 0.508616943359375 0.6618466186523437 0.012515869140625 0.01380645751953125
2 0.514166259765625 0.658487548828125 0.01266845703125 0.0137249755859375
2 0.5257418823242187 0.6485963439941407 0.0125164794921875 0.0138067626953125
2 0.5368673706054687 0.6570964050292969 0.0125164794921875 0.01380706787109375
2 0.480166015625 0.6446125793457032 0.0126678466796875 0.0137249755859375
2 0.4758673095703125 0.6492221069335937 0.012515869140625 0.01380645751953125
2 0.43499176025390623 0.6584716796875 0.0125164794921875 0.0138067626953125
2 0.4399920654296875 0.6538465881347656 0.0125164794921875 0.01380706787109375
2 0.2783880615234375 0.7294354248046875 0.0129742431640625 0.014244384765625
2 0.2993878173828125 0.7151850891113282 0.012974853515625 0.014244384765625
2 0.3408880615234375 0.6901846313476563 0.0129742431640625 0.014244384765625
2 0.3540130615234375 0.6803097534179687 0.0129742431640625 0.014244384765625
2 0.4481378173828125 0.6664353942871094 0.012974853515625 0.014244384765625
2 0.5025128173828125 0.7396849060058593 0.012974853515625 0.014244384765625
2 0.5335125732421875 0.7175604248046875 0.012974853515625 0.014244384765625
2 0.5415130615234375 0.6960604858398437 0.0129742431640625 0.014244384765625
2 0.5566375732421875 0.683685302734375 0.012974853515625 0.01424468994140625
2 0.4960125732421875 0.7415602111816406 0.012974853515625 0.014244384765625
2 0.4946380615234375 0.7841856384277344 0.0129742431640625 0.014244384765625
2 0.4997625732421875 0.7806849670410156 0.012974853515625 0.014244384765625
2 0.5047625732421875 0.776810302734375 0.012974853515625 0.01424468994140625
2 0.5211376953125 0.766810302734375 0.012974853515625 0.01424468994140625
2 0.5526382446289062 0.7440606689453125 0.012974853515625 0.014244384765625
2 0.570137939453125 0.6890603637695313 0.012974853515625 0.014244384765625
2 0.5830126953125 0.7199351501464843 0.012974853515625 0.01424468994140625
2 0.5140621948242188 0.5883746337890625 0.014375 0.0147479248046875
2 0.5189376831054687 0.5925 0.014375 0.0147479248046875
2 0.5246878051757813 0.5961251831054688 0.014375 0.0147479248046875
2 0.5284371948242188 0.6015000915527344 0.014375 0.0147479248046875
2 0.533812255859375 0.6082498168945313 0.014375 0.0147479248046875
2 0.5416873168945312 0.6148751831054687 0.014375 0.0147479248046875
2 0.5464370727539063 0.619375 0.014375 0.0147479248046875
2 0.5518121337890625 0.62375 0.014375 0.0147479248046875
2 0.5730621337890625 0.6462495422363281 0.014375 0.0147479248046875
2 0.5780624389648438 0.65 0.014375 0.0147479248046875
2 0.5826870727539063 0.6554998779296874 0.014375 0.0147479248046875
2 0.5911871337890625 0.6628750610351563 0.014375 0.0147479248046875
2 0.5958120727539062 0.6682498168945312 0.014375 0.0147479248046875
2 0.6116876220703125 0.6806251525878906 0.014375 0.0147479248046875
2 0.5918878173828125 0.711810302734375 0.012974853515625 0.01424468994140625
2 0.5673876953125 0.7316854858398437 0.012974853515625 0.01424468994140625
2 0.46638763427734375 0.7663105773925781 0.012974853515625 0.014244384765625
2 0.42050048828125 0.798062744140625 0.0067608642578125 0.01462493896484375
2 0.43925048828125 0.7990626525878907 0.0067608642578125 0.01462493896484375
2 0.4588751220703125 0.7989375305175781 0.0067608642578125 0.01462493896484375
2 0.35024993896484374 0.7955625915527343 0.0067608642578125 0.01462493896484375
2 0.25412506103515625 0.7911875915527343 0.0067608642578125 0.01462493896484375
2 0.2476251220703125 0.789937744140625 0.0067608642578125 0.01462493896484375
2 0.509959716796875 0.49739425659179687 0.013934326171875 0.01321136474609375
