5 0.9023031616210937 0.49145416259765623 0.013394775390625 0.02114776611328125
5 0.9115255737304687 0.4881854248046875 0.012623291015625 0.02038238525390625
5 0.920634765625 0.4867425537109375 0.0150201416015625 0.0239898681640625
5 0.9394192504882812 0.48225830078125 0.015020751953125 0.0239898681640625
5 0.9304257202148437 0.4848086547851562 0.015020751953125 0.0239898681640625
2 0.9592926025390625 0.7160568237304688 0.0115673828125 0.01764892578125
5 0.7736959838867188 0.9845608520507813 0.017149658203125 0.038804931640625
5 0.799132080078125 0.9915460205078125 0.016497802734375 0.0380438232421875
5 0.9767169189453125 0.93791259765625 0.0173382568359375 0.0381658935546875
2 0.6047607421875 0.19096221923828124 0.0148321533203125 0.0182464599609375
3 0.6428536987304687 0.15591873168945314 0.0222869873046875 0.03780792236328125
3 0.5982992553710937 0.3805059814453125 0.029603271484375 0.05629852294921875
3 0.5378118896484375 0.3068276977539062 0.02271240234375 0.04392303466796875
3 0.654637451171875 0.15314590454101562 0.02228759765625 0.03780792236328125
2 0.7416677856445313 0.056104278564453124 0.0128607177734375 0.01563018798828125
2 0.7160052490234375 0.06576202392578125 0.0128594970703125 0.01563018798828125
2 0.7008554077148438 0.1289764404296875 0.0180072021484375 0.01195953369140625
2 0.08747161865234375 0.8144377136230468 0.00633056640625 0.012916259765625
