0 0.9862986755371094 0.383154296875 0.023398284912109376 0.018450469970703126
0 0.8741943359375 0.37868560791015626 0.0278741455078125 0.01794525146484375
0 0.8510501098632812 0.38340675354003906 0.02889068603515625 0.018120269775390625
0 0.8037702941894531 0.3852887725830078 0.024305419921875 0.017091217041015624
0 0.8052689361572266 0.45296951293945314 0.024159088134765624 0.01729583740234375
0 0.6498855590820313 0.37933135986328126 0.023111572265625 0.020110626220703125
0 0.6952854919433594 0.37856834411621093 0.022491455078125 0.017517242431640625
0 0.6704850769042969 0.4529413604736328 0.02460540771484375 0.01904327392578125
2 0.3236607360839844 0.8207064819335937 0.01545013427734375 0.0080096435546875
2 0.32510497093200685 0.7932640075683594 0.015450458526611328 0.0080096435546875
2 0.2865020942687988 0.8126968383789063 0.015450210571289062 0.0080096435546875
2 0.2874212646484375 0.8404017639160156 0.015450439453125 0.0080096435546875
2 0.3223476791381836 0.8394828796386719 0.015450210571289062 0.0080096435546875
2 0.36350193023681643 0.9138113403320313 0.012503814697265626 0.00662750244140625
2 0.3781250762939453 0.9059376525878906 0.00625152587890625 0.01537506103515625
2 0.3636268997192383 0.9068113708496094 0.012503738403320313 0.00662750244140625
2 0.3641269302368164 0.9274363708496094 0.012503814697265626 0.00662750244140625
2 0.3301269149780273 0.9560610961914062 0.012503738403320313 0.00662750244140625
2 0.3293768310546875 0.9619363403320312 0.012503738403320313 0.00662750244140625
2 0.33012699127197265 0.9696861267089844 0.01250396728515625 0.0066278076171875
2 0.31237689971923827 0.9950613403320312 0.012503852844238281 0.00662750244140625
2 0.3123769760131836 0.9809364318847656 0.012504043579101563 0.0066278076171875
2 0.3112519454956055 0.9071864318847657 0.012504043579101563 0.0066278076171875
2 0.405 0.9064375305175781 0.00625152587890625 0.01537506103515625
2 0.44500007629394533 0.9058128356933594 0.00625152587890625 0.01537506103515625
2 0.4576250076293945 0.9070626831054688 0.00625152587890625 0.01537506103515625
2 0.46650001525878904 0.9053126525878906 0.00625152587890625 0.01537506103515625
2 0.5057500457763672 0.9070628356933593 0.00625152587890625 0.01537506103515625
2 0.5142500305175781 0.9070628356933593 0.00625152587890625 0.01537506103515625
2 0.5255000305175781 0.9095626831054687 0.00625152587890625 0.01537506103515625
2 0.5316250228881836 0.908687744140625 0.006251373291015625 0.01537506103515625
2 0.539625129699707 0.9090626525878907 0.00625152587890625 0.01537506103515625
2 0.5466250991821289 0.9103125 0.00625152587890625 0.01537506103515625
2 0.530000114440918 0.8745626831054687 0.00625152587890625 0.01537506103515625
2 0.5162500381469727 0.8746875 0.00625152587890625 0.01537506103515625
2 0.5028750228881836 0.8754377746582032 0.00625152587890625 0.01537506103515625
2 0.4967501449584961 0.874312744140625 0.006251373291015625 0.01537506103515625
2 0.4842500686645508 0.8738125610351563 0.006251373291015625 0.01537506103515625
2 0.685799560546875 0.9809036254882812 0.01359893798828125 0.01244232177734375
2 0.696424560546875 0.9967787170410156 0.013599090576171875 0.01244232177734375
2 0.8106331634521484 0.9760983276367188 0.0122698974609375 0.0071966552734375
2 0.8097582244873047 0.9644731140136719 0.0122698974609375 0.0071966552734375
