0 0.06905016422271729 0.797664794921875 0.0415200138092041 0.02990325927734375
0 0.30901901245117186 0.2882704162597656 0.0236029052734375 0.01533203125
0 0.2773048782348633 0.28760299682617185 0.028256340026855467 0.01647735595703125
0 0.2092440414428711 0.29286285400390627 0.031729698181152344 0.0276263427734375
0 0.3332060241699219 0.35481719970703124 0.022264938354492187 0.01760711669921875
0 0.31260377883911133 0.3708940124511719 0.023460273742675782 0.01813079833984375
0 0.2752448272705078 0.3724540710449219 0.024567604064941406 0.01671783447265625
0 0.20384040832519532 0.41639175415039065 0.05313949584960938 0.056986083984375
0 0.18906906127929687 0.45515640258789064 0.016203079223632812 0.03212860107421875
0 0.23251819610595703 0.4830694580078125 0.027555694580078127 0.03642730712890625
0 0.1890655517578125 0.5692012023925781 0.01590137481689453 0.0280908203125
0 0.190889892578125 0.6105413818359375 0.015865631103515625 0.02793670654296875
0 0.1909189224243164 0.6431610107421875 0.017010841369628906 0.02794830322265625
0 0.19321681976318358 0.6930438232421875 0.03406520843505859 0.04178192138671875
0 0.18629711151123046 0.7707060241699218 0.022147254943847658 0.03169189453125
0 0.24331912994384766 0.6074473571777343 0.027856292724609374 0.01815765380859375
0 0.5302238082885742 0.5795445251464844 0.017118148803710938 0.029818115234375
0 0.5300582885742188 0.6642323303222656 0.015274200439453125 0.02899688720703125
0 0.6182663345336914 0.5667314147949218 0.019544754028320312 0.03013092041015625
0 0.6215543365478515 0.6101840209960937 0.01590301513671875 0.026060791015625
0 0.7484242248535157 0.559676513671875 0.04811309814453125 0.0480078125
0 0.7485972595214844 0.64947021484375 0.01963836669921875 0.0408355712890625
0 0.48944984436035155 0.7493768310546876 0.02464385986328125 0.03484375
0 0.9208455657958985 0.5653450012207031 0.040263824462890625 0.0333062744140625
0 0.9117205047607422 0.60856201171875 0.034252166748046875 0.03311859130859375
0 0.9829916381835937 0.9177052307128907 0.0353143310546875 0.04283721923828125
2 0.3236607360839844 0.00820648193359375 0.01545013427734375 0.0080096435546875
2 0.2874212646484375 0.027901763916015624 0.015450439453125 0.0080096435546875
2 0.3223476791381836 0.026982879638671874 0.015450210571289062 0.0080096435546875
2 0.36350193023681643 0.10131134033203125 0.012503814697265626 0.00662750244140625
2 0.3781250762939453 0.09343765258789062 0.00625152587890625 0.01537506103515625
2 0.3636268997192383 0.09431137084960937 0.012503738403320313 0.00662750244140625
2 0.3641269302368164 0.11493637084960938 0.012503814697265626 0.00662750244140625
2 0.3301269149780273 0.14356109619140625 0.012503738403320313 0.00662750244140625
2 0.3293768310546875 0.14943634033203124 0.012503738403320313 0.00662750244140625
2 0.33012699127197265 0.15718612670898438 0.01250396728515625 0.0066278076171875
2 0.31237689971923827 0.18256134033203125 0.012503852844238281 0.00662750244140625
2 0.3123769760131836 0.16843643188476562 0.012504043579101563 0.0066278076171875
2 0.3112519454956055 0.09468643188476562 0.012504043579101563 0.0066278076171875
2 0.405 0.09393753051757812 0.00625152587890625 0.01537506103515625
2 0.44500007629394533 0.09331283569335938 0.00625152587890625 0.01537506103515625
2 0.4576250076293945 0.09456268310546875 0.00625152587890625 0.01537506103515625
2 0.46650001525878904 0.09281265258789062 0.00625152587890625 0.01537506103515625
2 0.5057500457763672 0.09456283569335938 0.00625152587890625 0.01537506103515625
2 0.5142500305175781 0.09456283569335938 0.00625152587890625 0.01537506103515625
2 0.5255000305175781 0.09706268310546876 0.00625152587890625 0.01537506103515625
2 0.5316250228881836 0.096187744140625 0.006251373291015625 0.01537506103515625
2 0.539625129699707 0.09656265258789062 0.00625152587890625 0.01537506103515625
2 0.5466250991821289 0.0978125 0.00625152587890625 0.01537506103515625
2 0.530000114440918 0.06206268310546875 0.00625152587890625 0.01537506103515625
2 0.5162500381469727 0.0621875 0.00625152587890625 0.01537506103515625
2 0.5028750228881836 0.06293777465820312 0.00625152587890625 0.01537506103515625
2 0.4967501449584961 0.061812744140625 0.006251373291015625 0.01537506103515625
2 0.4842500686645508 0.06131256103515625 0.006251373291015625 0.01537506103515625
2 0.5405621337890625 0.36378677368164064 0.005125732421875 0.012176513671875
2 0.5393121719360352 0.3494117736816406 0.005125732421875 0.012176513671875
2 0.4945621871948242 0.3032868957519531 0.005125732421875 0.012176513671875
2 0.5431871795654297 0.3157872009277344 0.005125732421875 0.012176513671875
2 0.5614372253417969 0.349661865234375 0.005125732421875 0.012176513671875
2 0.568562126159668 0.34766220092773437 0.005125732421875 0.012176513671875
2 0.5799371337890625 0.348411865234375 0.005125732421875 0.012176513671875
2 0.5921871948242188 0.36041152954101563 0.005125732421875 0.012176513671875
2 0.5731871795654296 0.39266189575195315 0.005125732421875 0.012176513671875
2 0.5910622024536133 0.392786865234375 0.005125732421875 0.012176513671875
2 0.5970621109008789 0.39241180419921873 0.005125732421875 0.012176513671875
2 0.6101871490478515 0.3931620788574219 0.005125732421875 0.012176513671875
2 0.6228120803833008 0.3917864990234375 0.005125732421875 0.012176513671875
2 0.6509371185302735 0.3924114990234375 0.005125732421875 0.012176513671875
2 0.6053121948242187 0.3465367126464844 0.005125732421875 0.012176513671875
2 0.6313121795654297 0.3480369567871094 0.005125732421875 0.012176513671875
2 0.6439369964599609 0.34666168212890625 0.005125885009765625 0.012176513671875
2 0.6503121185302735 0.3626620483398437 0.005125732421875 0.012176513671875
2 0.6154371643066406 0.3022871398925781 0.005125732421875 0.012176513671875
2 0.626437110900879 0.30316192626953126 0.005125732421875 0.012176513671875
2 0.6330622100830078 0.31428680419921873 0.005125732421875 0.012176513671875
2 0.6405621337890625 0.31553680419921876 0.005125732421875 0.01217681884765625
2 0.6468121337890625 0.30316162109375 0.005125732421875 0.01217681884765625
2 0.6544371032714844 0.30091171264648436 0.005125732421875 0.012176513671875
2 0.6525621795654297 0.3182870483398437 0.005125732421875 0.012176513671875
2 0.6679370880126954 0.2694114685058594 0.005125885009765625 0.012176513671875
2 0.6791250610351562 0.35000030517578123 0.01306610107421875 0.00625
2 0.679749984741211 0.33837539672851563 0.01306610107421875 0.00625
2 0.6798751068115234 0.3316255187988281 0.01306610107421875 0.00625
2 0.7595964050292969 0.38201400756835935 0.01306610107421875 0.00625
2 0.7734207916259765 0.38259613037109375 0.01306610107421875 0.00625
2 0.7892821502685546 0.38317840576171874 0.01306610107421875 0.00625
2 0.848653564453125 0.38405136108398436 0.01306610107421875 0.00625
2 0.8653880310058594 0.38245071411132814 0.01306610107421875 0.00625
2 0.8792123413085937 0.38317825317382814 0.01306610107421875 0.00625
2 0.7575000762939453 0.3585623168945313 0.0110736083984375 0.01337493896484375
2 0.7637501525878906 0.35756256103515627 0.01107391357421875 0.013375244140625
2 0.7705001068115235 0.3608125305175781 0.011073760986328125 0.01337493896484375
2 0.7798748779296875 0.3576873779296875 0.011073760986328125 0.01337493896484375
2 0.7865001678466796 0.35918746948242186 0.011073760986328125 0.01337493896484375
2 0.7921251678466796 0.3609375 0.011073760986328125 0.01337493896484375
2 0.7984999084472656 0.35981246948242185 0.011073760986328125 0.01337493896484375
2 0.8062500762939453 0.357437744140625 0.01107391357421875 0.013375244140625
2 0.81375 0.35793731689453123 0.0110736083984375 0.01337493896484375
2 0.8222500610351563 0.35743743896484376 0.01107391357421875 0.01337493896484375
2 0.8303752136230469 0.35868789672851564 0.01107391357421875 0.01337493896484375
2 0.8673750305175781 0.35868743896484373 0.01107391357421875 0.01337493896484375
2 0.8753749847412109 0.3573124694824219 0.011073760986328125 0.01337493896484375
2 0.8827497863769531 0.3573124694824219 0.011073760986328125 0.01337493896484375
2 0.88875 0.35743759155273436 0.01107391357421875 0.013375244140625
2 0.8954999542236328 0.3585624694824219 0.011073760986328125 0.01337493896484375
2 0.8613749694824219 0.35668746948242186 0.011073760986328125 0.01337493896484375
2 0.902874984741211 0.35893753051757815 0.011073760986328125 0.01337493896484375
2 0.909375 0.359312744140625 0.01107391357421875 0.013375244140625
2 0.9181248474121094 0.359312744140625 0.01107391357421875 0.013375244140625
2 0.9252500915527344 0.35981246948242185 0.011073760986328125 0.01337493896484375
2 0.9317501068115235 0.3608125305175781 0.011073760986328125 0.01337493896484375
2 0.9398751068115234 0.3590626525878906 0.011073760986328125 0.01337493896484375
2 0.9480001831054687 0.3576873779296875 0.011073760986328125 0.01337493896484375
2 0.9411248779296875 0.28918731689453125 0.0133453369140625 0.01387481689453125
2 0.9344998931884766 0.28568740844726564 0.0133453369140625 0.01387481689453125
2 0.925250244140625 0.28631256103515623 0.013345184326171875 0.0138751220703125
2 0.9172499847412109 0.2854371643066406 0.0133453369140625 0.01387481689453125
2 0.9074999237060547 0.2879376220703125 0.0133453369140625 0.01387481689453125
2 0.8989998626708985 0.2870623779296875 0.013345184326171875 0.01387481689453125
2 0.8888748931884766 0.28731216430664064 0.0133453369140625 0.01387481689453125
2 0.8817501068115234 0.2861871337890625 0.0133453369140625 0.01387481689453125
2 0.8643748474121093 0.285062255859375 0.0133453369140625 0.01387481689453125
2 0.9898750305175781 0.260374755859375 0.01308990478515625 0.01274993896484375
2 0.9841251373291016 0.2619999694824219 0.01308990478515625 0.01274993896484375
2 0.9741252136230468 0.25187530517578127 0.01308990478515625 0.01274993896484375
2 0.9683748626708985 0.2623748779296875 0.013089752197265625 0.01274993896484375
2 0.9582501220703125 0.2629998779296875 0.013089752197265625 0.01274993896484375
2 0.9479997253417969 0.2623748779296875 0.013089752197265625 0.01274993896484375
2 0.94875 0.2525 0.01308990478515625 0.01274993896484375
2 0.9140000915527344 0.255374755859375 0.01308990478515625 0.01274993896484375
2 0.8820000457763671 0.255625 0.013089752197265625 0.01274993896484375
2 0.8780001831054688 0.26237518310546876 0.013089752197265625 0.01274993896484375
2 0.8166251373291016 0.2542500305175781 0.013089752197265625 0.01274993896484375
2 0.956937484741211 0.22706253051757813 0.005645599365234375 0.013125
2 0.7513124084472657 0.23043716430664063 0.005645599365234375 0.013125
2 0.7588125610351563 0.23056243896484374 0.005645599365234375 0.013125
2 0.8177630615234375 0.2256243896484375 0.005645599365234375 0.013125
2 0.8301087951660157 0.22701309204101563 0.005645599365234375 0.013125
2 0.8415284729003907 0.2279389953613281 0.005645599365234375 0.013125
2 0.855108642578125 0.22763031005859374 0.005645599365234375 0.013125
2 0.8680716705322266 0.224080810546875 0.005645599365234375 0.013125
2 0.8935347747802734 0.22824783325195314 0.005645751953125 0.013125
2 0.685799560546875 0.16840362548828125 0.01359893798828125 0.01244232177734375
2 0.696424560546875 0.18427871704101562 0.013599090576171875 0.01244232177734375
2 0.7144246673583985 0.20315399169921874 0.013599090576171875 0.012442626953125
2 0.8106331634521484 0.16359832763671875 0.0122698974609375 0.0071966552734375
2 0.8097582244873047 0.15197311401367186 0.0122698974609375 0.0071966552734375
