6 0.060377922058105465 0.31517417907714845 0.031989822387695314 0.031934814453125
6 0.16916271209716796 0.6860022735595703 0.02915245056152344 0.029986724853515626
6 0.2010211181640625 0.6950730895996093 0.025170135498046874 0.02688934326171875
6 0.22911849975585938 0.7021527099609375 0.025170135498046874 0.02688934326171875
6 0.24703880310058593 0.6678606414794922 0.025170135498046874 0.026889190673828126
6 0.44726005554199216 0.7528163909912109 0.025170135498046874 0.026889190673828126
6 0.42192821502685546 0.7423075866699219 0.021851577758789063 0.0240130615234375
6 0.39825565338134766 0.7365554046630859 0.021851577758789063 0.024013214111328125
6 0.37414058685302737 0.7283695220947266 0.021851577758789063 0.024013214111328125
6 0.11916271209716797 0.6467324066162109 0.016320571899414063 0.018260955810546875
6 0.11916271209716797 0.6467324066162109 0.016320571899414063 0.018260955810546875
6 0.22248130798339844 0.663989028930664 0.01632049560546875 0.018260955810546875
5 0.3715000915527344 0.6351875305175781 0.032750091552734374 0.0169610595703125
5 0.40724998474121094 0.6459373474121094 0.032750091552734374 0.0169610595703125
5 0.4413749694824219 0.6555624389648438 0.03274993896484375 0.01696075439453125
5 0.47112503051757815 0.6641876220703125 0.03274993896484375 0.01696075439453125
5 0.5013749694824219 0.6724374389648438 0.03274993896484375 0.01696075439453125
5 0.5328749084472656 0.6818124389648438 0.03274993896484375 0.01696075439453125
5 0.5632499694824219 0.6919375610351562 0.03274993896484375 0.0169610595703125
5 0.5897500610351563 0.6999374389648437 0.03274993896484375 0.01696075439453125
5 0.6197500610351563 0.7088125610351562 0.03274993896484375 0.0169610595703125
5 0.4892498779296875 0.6864375305175782 0.03274993896484375 0.0169610595703125
5 0.5197499084472657 0.6959375 0.03274993896484375 0.0169610595703125
5 0.43762519836425784 0.7020625305175782 0.032750091552734374 0.0169610595703125
5 0.4734376525878906 0.7131875610351562 0.03587493896484375 0.01762603759765625
5 0.5125624084472656 0.7246873474121094 0.03587493896484375 0.01762603759765625
5 0.5501878356933594 0.7354374694824218 0.03587493896484375 0.01762603759765625
5 0.5868124389648437 0.7456874084472657 0.03587493896484375 0.01762603759765625
5 0.6148445129394531 0.7548219299316407 0.0166888427734375 0.01168212890625
5 0.6611875915527343 0.7671873474121094 0.03587493896484375 0.01762603759765625
5 0.7010626220703124 0.7794375610351563 0.03587493896484375 0.01762603759765625
5 0.7478126525878906 0.7466876220703125 0.03587493896484375 0.01762603759765625
5 0.7849375915527343 0.7566876220703125 0.03587493896484375 0.01762603759765625
5 0.8204377746582031 0.7666876220703125 0.03587493896484375 0.01762603759765625
5 0.8498130798339844 0.7756846618652343 0.02937591552734375 0.01563140869140625
5 0.8779377746582031 0.7843093872070312 0.02937591552734375 0.01563079833984375
5 0.6496876525878906 0.7178091430664062 0.0293756103515625 0.015631103515625
5 0.6786880493164062 0.7254344177246094 0.0293756103515625 0.01563140869140625
5 0.7006840515136719 0.7323526000976562 0.0188677978515625 0.012294921875
5 0.7215591430664062 0.7386026000976562 0.0188677978515625 0.012294921875
5 0.634969482421875 0.7606971740722657 0.0166888427734375 0.0116815185546875
5 0.38456268310546876 0.8290000915527344 0.0298284912109375 0.01
5 0.4409375 0.8252500915527343 0.029828643798828124 0.01
5 0.47156265258789065 0.8233750915527344 0.0298284912109375 0.01
5 0.5038125610351563 0.8214999389648437 0.0298284912109375 0.01
5 0.5336874389648437 0.8198750305175782 0.0298284912109375 0.01
5 0.5656875610351563 0.8166250610351562 0.0298284912109375 0.01
5 0.5928125 0.8146249389648438 0.0298284912109375 0.01
5 0.6215625 0.8126251220703125 0.0298284912109375 0.01
5 0.6513125610351562 0.81125 0.0298284912109375 0.01
5 0.4360626220703125 0.8388751220703125 0.0298284912109375 0.01
5 0.4661876678466797 0.8376251220703125 0.029828643798828124 0.01
5 0.49556243896484375 0.8360000610351562 0.0298284912109375 0.01
5 0.5298934936523437 0.8329753112792969 0.035963134765625 0.01054931640625
5 0.5686434936523438 0.8298503112792969 0.035963134765625 0.01054931640625
5 0.5686434936523438 0.8298503112792969 0.035963134765625 0.01054931640625
5 0.6086251831054688 0.8266874694824219 0.0361846923828125 0.010625
5 0.6468751525878906 0.8244377136230469 0.0361846923828125 0.010625
5 0.6861250305175781 0.8226875305175781 0.0361846923828125 0.010625
5 0.71375 0.8211875915527344 0.0167498779296875 0.00862884521484375
5 0.7358750915527343 0.8189373779296875 0.01675018310546875 0.00862884521484375
5 0.4065258026123047 0.8287528991699219 0.012448577880859376 0.00902618408203125
5 0.42215072631835937 0.8273779296875 0.012448577880859376 0.00902618408203125
5 0.6315829467773437 0.3055412292480469 0.046416015625 0.0201678466796875
5 0.673211669921875 0.3181415557861328 0.040423583984375 0.0189666748046875
5 0.7110867309570312 0.3287666320800781 0.040423583984375 0.0189666748046875
5 0.7509616088867187 0.34089157104492185 0.040423583984375 0.0189666748046875
5 0.7890867614746093 0.3518916320800781 0.040423583984375 0.0189666748046875
5 0.8265869140625 0.36414169311523437 0.040423583984375 0.018966827392578125
5 0.8650868225097657 0.37551666259765626 0.040423583984375 0.0189666748046875
5 0.9055870056152344 0.3866416931152344 0.040423583984375 0.0189666748046875
5 0.9433366394042969 0.39776657104492186 0.040423583984375 0.0189666748046875
5 0.9820867919921875 0.4098915863037109 0.040423583984375 0.0189666748046875
5 0.9904022216796875 0.42279075622558593 0.03005401611328125 0.015168609619140625
5 0.9632771301269532 0.41466560363769533 0.0300543212890625 0.015168609619140625
5 0.9351521301269531 0.40629074096679685 0.0300543212890625 0.01516845703125
5 0.9062771606445312 0.3971657562255859 0.0300543212890625 0.015168609619140625
5 0.8781521606445313 0.3894157409667969 0.0300543212890625 0.01516845703125
5 0.849652099609375 0.3817906951904297 0.0300543212890625 0.015168609619140625
2 0.7255545043945313 0.8645127868652344 0.01310882568359375 0.01597442626953125
2 0.7718045043945313 0.8791375732421876 0.01310882568359375 0.01597442626953125
2 0.7718045043945313 0.8791375732421876 0.01310882568359375 0.01597442626953125
2 0.7718045043945313 0.8791375732421876 0.01310882568359375 0.01597442626953125
2 0.7536793518066406 0.8721377563476562 0.01310882568359375 0.01597442626953125
2 0.7026795959472656 0.8822627258300781 0.01310882568359375 0.01597442626953125
2 0.6766795349121094 0.8747627258300781 0.01310882568359375 0.01597442626953125
2 0.6680545043945313 0.8741377258300781 0.01310882568359375 0.01597442626953125
2 0.6866795349121094 0.9003877258300781 0.01310882568359375 0.01597442626953125
2 0.7164295959472656 0.9347627258300781 0.01310882568359375 0.01597442626953125
2 0.6994294738769531 0.9306376647949218 0.01310882568359375 0.0159747314453125
2 0.6894296264648437 0.9290126037597656 0.01310882568359375 0.0159747314453125
2 0.6703045654296875 0.9217626953125 0.013109130859375 0.0159747314453125
2 0.6793045043945313 0.9240127563476562 0.01310882568359375 0.01597442626953125
2 0.6594294738769532 0.8916377258300782 0.01310882568359375 0.0159747314453125
2 0.6514295959472656 0.8930128479003906 0.01310882568359375 0.0159747314453125
2 0.6415545654296875 0.8896377563476563 0.01310882568359375 0.01597442626953125
2 0.6306794738769531 0.8846377563476563 0.01310882568359375 0.0159747314453125
2 0.6533045959472656 0.9165129089355468 0.01310882568359375 0.01597442626953125
2 0.6643045043945313 0.9207627868652344 0.01310882568359375 0.01597442626953125
2 0.6445545959472656 0.9152629089355468 0.01310882568359375 0.01597442626953125
2 0.6348043823242188 0.9122625732421875 0.01310882568359375 0.01597442626953125
2 0.6243045043945312 0.8826376342773438 0.01310882568359375 0.01597442626953125
2 0.615804443359375 0.8810125732421875 0.01310882568359375 0.01597442626953125
2 0.5976795959472656 0.8760127258300782 0.01310882568359375 0.01597442626953125
2 0.6059295654296875 0.8785125732421875 0.01310882568359375 0.01597442626953125
2 0.5883045959472656 0.8738877868652344 0.01310882568359375 0.01597442626953125
2 0.6176795959472656 0.9048880004882812 0.01310882568359375 0.0159747314453125
2 0.6086795043945312 0.9021376037597656 0.01310882568359375 0.01597442626953125
2 0.6000544738769531 0.9003877258300781 0.01310882568359375 0.0159747314453125
2 0.5903044128417969 0.8975128173828125 0.01310882568359375 0.01597442626953125
2 0.5814295959472656 0.8948880004882812 0.01310882568359375 0.0159747314453125
2 0.5733045959472656 0.8957627868652344 0.01310882568359375 0.01597442626953125
2 0.6568193054199218 0.8678135681152344 0.01236114501953125 0.01712738037109375
2 0.6760626220703125 0.898375244140625 0.01374114990234375 0.01925018310546875
