2 0.13337493896484376 0.2652962875366211 0.0094268798828125 0.013981246948242187
2 0.277132568359375 0.39001930236816407 0.016611328125 0.011255340576171875
2 0.30474853515625 0.1234773063659668 0.012984619140625 0.006367664337158203
2 0.2642022705078125 0.08357914924621582 0.01229248046875 0.00892160415649414
0 0.566287841796875 0.1490403938293457 0.0735693359375 0.0720755386352539
0 0.5781622314453125 0.21412452697753906 0.074517822265625 0.07480480194091797
2 0.491627197265625 0.3738925170898437 0.007623291015625 0.016888198852539064
2 0.5076837158203125 0.3774225997924805 0.009027099609375 0.023948287963867186
2 0.5218963623046875 0.37773609161376953 0.008807373046875 0.023190765380859374
2 0.5534259033203125 0.37296840667724607 0.00610595703125 0.01808509826660156
5 0.42846923828125 0.2130524444580078 0.04680908203125 0.008895187377929688
2 0.2529522705078125 0.046453909873962404 0.01229248046875 0.008921613693237304
2 0.24645263671875 0.03395421028137207 0.012293701171875 0.008921608924865723
2 0.24045249938964844 0.023454246520996095 0.01229339599609375 0.008921737670898438
2 0.236953125 0.01582878589630127 0.0122930908203125 0.008921666145324707
2 0.2354522705078125 0.008829426765441895 0.0122930908203125 0.008921670913696288
2 0.1720489501953125 0.022229084968566893 0.013848876953125 0.010010528564453124
2 0.2681744384765625 0.010229101181030273 0.013848876953125 0.010010509490966797
2 0.2732025146484375 0.09645441055297851 0.01229248046875 0.008921394348144531
2 0.262327880859375 0.10795400619506836 0.01229248046875 0.008921623229980469
0 0.5372406005859375 0.9159857940673828 0.019007568359375 0.024773101806640625
0 0.5590582275390625 0.9353789520263672 0.021085205078125 0.027510528564453126
0 0.5378814697265625 0.9549800872802734 0.01732177734375 0.0178472900390625
0 0.562127685546875 0.9737359619140625 0.0214990234375 0.028107147216796875
0 0.540631103515625 0.9946214294433594 0.0204248046875 0.026264495849609375
2 0.42032958984375 0.25498525619506834 0.020863037109375 0.008931350708007813
