6 0.05525360107421875 0.9806764221191406 0.03019317626953125 0.02536224365234375
6 0.19685989379882812 0.9791667175292968 0.02475860595703125 0.02838165283203125
6 0.13526565551757813 0.9858091735839843 0.02475860595703125 0.02838165283203125
6 0.16123184204101562 0.9332729339599609 0.02475860595703125 0.028381500244140625
6 0.09933570861816406 0.9432367706298828 0.03140090942382812 0.030193328857421875
6 0.1289250946044922 0.8870773315429688 0.03140090942382812 0.03019317626953125
6 0.09692024230957032 0.8381642150878906 0.03140090942382812 0.03019317626953125
6 0.06431159973144532 0.8997584533691406 0.03140090942382812 0.03019317626953125
6 0.03713768005371094 0.858091812133789 0.03140090942382812 0.030193328857421875
6 0.02110603332519531 0.634489517211914 0.04221206665039062 0.04123031616210938
6 0.04482986450195312 0.6858638763427735 0.0340313720703125 0.03534042358398438
6 0.04482986450195312 0.6858638763427735 0.0340313720703125 0.03534042358398438
6 0.8898304748535156 0.11917373657226563 0.02754241943359375 0.0286016845703125
6 0.9189617919921875 0.09957626342773437 0.0286016845703125 0.02966094970703125
6 0.9210804748535156 0.13241523742675781 0.02648284912109375 0.027542266845703125
