5 0.33545440673828125 0.68708251953125 0.005843505859375 0.0196160888671875
5 0.2811978149414063 0.6849957275390625 0.0071002197265625 0.0363104248046875
5 0.29466522216796875 0.6855650329589844 0.0071002197265625 0.0363104248046875
5 0.3269110107421875 0.6848063659667969 0.0071002197265625 0.0363104248046875
5 0.34379302978515625 0.6863236999511719 0.0071002197265625 0.0363104248046875
5 0.351949462890625 0.6870823669433593 0.0071002197265625 0.0363104248046875
5 0.35972625732421876 0.6874620056152344 0.0071002197265625 0.0363104248046875
5 0.37679779052734375 0.688599853515625 0.0071002197265625 0.0363104248046875
5 0.39519683837890623 0.6891688537597657 0.0071002197265625 0.0363104248046875
5 0.4154022216796875 0.6852238464355469 0.0066387939453125 0.0326251220703125
5 0.1599658203125 0.8062281799316406 0.0071002197265625 0.0363104248046875
5 0.1411273193359375 0.8046768188476563 0.0070989990234375 0.0363104248046875
5 0.6067745971679688 0.8988699340820312 0.0071002197265625 0.0363104248046875
5 0.5971240234375 0.8979653930664062 0.007099609375 0.0363104248046875
5 0.5856643676757812 0.8961557006835937 0.0070989990234375 0.0363104248046875
5 0.5075393676757812 0.8492913818359376 0.0402587890625 0.0148907470703125
5 0.5104043579101563 0.858262939453125 0.0393548583984375 0.013428955078125
5 0.5119876098632813 0.8678376770019531 0.040711669921875 0.01151885986328125
5 0.51259033203125 0.8749246215820312 0.0382989501953125 0.00695404052734375
5 0.5157113647460938 0.882235107421875 0.0397149658203125 0.0088909912109375
5 0.377562255859375 0.9098220825195312 0.0378643798828125 0.00951690673828125
5 0.374698486328125 0.90214111328125 0.02970458984375 0.0089288330078125
5 0.37294342041015627 0.8927143859863281 0.0412713623046875 0.00964447021484375
5 0.3715859985351562 0.8856275939941406 0.0412713623046875 0.00964447021484375
5 0.368515625 0.8770353698730469 0.0297564697265625 0.00904693603515625
5 0.37053009033203127 0.8703984069824219 0.0412713623046875 0.00964447021484375
5 0.37007843017578124 0.8612004089355468 0.0412713623046875 0.00964447021484375
5 0.37037841796875 0.8526055908203125 0.041270751953125 0.0096441650390625
5 0.5131472778320313 0.8905282592773438 0.03971435546875 0.008890380859375
5 0.5137509155273438 0.8998765563964843 0.0397149658203125 0.00889068603515625
5 0.51329833984375 0.9072648620605469 0.0397149658203125 0.00889068603515625
5 0.5136001586914063 0.9149549865722656 0.0397149658203125 0.00889068603515625
5 0.567562255859375 0.8550624084472657 0.0198748779296875 0.0063751220703125
5 0.8562716674804688 0.7995205688476562 0.0081524658203125 0.03228179931640625
5 0.8320962524414063 0.799794921875 0.0081524658203125 0.03228179931640625
5 0.82385498046875 0.799794921875 0.0081524658203125 0.03228179931640625
5 0.8156121826171875 0.7993832397460937 0.0081524658203125 0.03228179931640625
5 0.8066836547851562 0.8000697326660157 0.0081524658203125 0.03228179931640625
5 0.7972064208984375 0.8017181396484375 0.008153076171875 0.0322821044921875
3 0.99046142578125 0.747879638671875 0.0361419677734375 0.03638427734375
5 0.9847531127929687 0.7563191223144531 0.03080322265625 0.029395751953125
5 0.9880496215820312 0.7699177551269532 0.03080322265625 0.029395751953125
5 0.986676025390625 0.8059066772460938 0.03080322265625 0.029395751953125
5 0.9850277709960937 0.8188186645507812 0.0308026123046875 0.029395751953125
3 0.98771484375 0.7834567260742188 0.0361419677734375 0.03638427734375
3 0.9866152954101562 0.7943080139160156 0.0361419677734375 0.03638397216796875
3 0.990048828125 0.8362034606933594 0.0361419677734375 0.03638397216796875
2 0.45338897705078124 0.7854476928710937 0.005721435546875 0.01392120361328125
2 0.410858154296875 0.8208100891113281 0.00578369140625 0.01394622802734375
2 0.47148345947265624 0.8189347839355469 0.00578369140625 0.01394622802734375
2 0.47923370361328127 0.8196849060058594 0.00578369140625 0.013946533203125
2 0.48573333740234376 0.82031005859375 0.00578369140625 0.013946533203125
2 0.46673370361328126 0.77218505859375 0.00578369140625 0.013946533203125
2 0.45988922119140624 0.7720726013183594 0.005721435546875 0.0139215087890625
2 0.4107330322265625 0.7396852111816407 0.00578369140625 0.013946533203125
2 0.5181396484375 0.6906979370117188 0.005721435546875 0.01392120361328125
2 0.7101461791992187 0.9031314086914063 0.0055377197265625 0.01416290283203125
2 0.7255206298828125 0.9036314392089844 0.005538330078125 0.014163818359375
2 0.7127706909179687 0.8693812561035156 0.005538330078125 0.014163818359375
2 0.7207705688476562 0.8540065002441406 0.0055377197265625 0.01416290283203125
2 0.7291458129882813 0.854881591796875 0.0055377197265625 0.01416290283203125
2 0.7358963012695312 0.8541314697265625 0.005538330078125 0.01416351318359375
2 0.7433956909179688 0.8551313781738281 0.005538330078125 0.014163818359375
2 0.7730209350585937 0.85213134765625 0.005538330078125 0.01416351318359375
