5 0.1204742431640625 0.39545604705810544 0.01183837890625 0.032791213989257814
5 0.1556414794921875 0.3894498062133789 0.0108154296875 0.032729873657226564
5 0.137099609375 0.6210829162597656 0.0423046875 0.013119277954101562
5 0.18332275390625 0.5801705932617187 0.0129541015625 0.04230499267578125
5 0.202994384765625 0.5766886520385742 0.010850830078125 0.030118408203125
5 0.247823486328125 0.5750348663330078 0.01375244140625 0.038337783813476564
5 0.2708282470703125 0.5703744888305664 0.013450927734375 0.041702499389648436
5 0.3156341552734375 0.5658946990966797 0.015093994140625 0.038823089599609374
5 0.3397454833984375 0.5626741409301758 0.01472412109375 0.03934555053710938
5 0.3579388427734375 0.5623258972167968 0.01183837890625 0.038294830322265626
5 0.138753662109375 0.6446727752685547 0.0369677734375 0.013579559326171876
5 0.142420654296875 0.670437240600586 0.03653564453125 0.014278717041015625
5 0.042880859375 0.7591110229492187 0.0136865234375 0.03714019775390625
5 0.05434722900390625 0.8555766296386719 0.01398681640625 0.04441726684570312
5 0.06075164794921875 0.902636489868164 0.0121710205078125 0.02933685302734375
5 0.120560302734375 0.8897111511230469 0.036734619140625 0.015986480712890626
5 0.11532073974609375 0.8661709594726562 0.0405316162109375 0.015072174072265625
5 0.1124603271484375 0.8438858032226563 0.0371142578125 0.0148748779296875
5 0.1074285888671875 0.7946540832519531 0.040760498046875 0.014456939697265626
5 0.10211395263671875 0.771761245727539 0.0353277587890625 0.01427734375
5 0.10169517517089843 0.7496150970458985 0.04252532958984375 0.016090240478515625
5 0.1586871337890625 0.7615868377685547 0.038822021484375 0.015126953125
5 0.156934814453125 0.7877876281738281 0.039544677734375 0.015302276611328125
5 0.1608868408203125 0.8121489715576172 0.042432861328125 0.014629669189453125
5 0.2474932861328125 0.6440508842468262 0.0151123046875 0.03845035552978516
5 0.2697705078125 0.6414960670471191 0.015167236328125 0.03873546600341797
5 0.2925640869140625 0.639587287902832 0.013411865234375 0.03962024688720703
5 0.3209576416015625 0.6373497772216797 0.016221923828125 0.0411083984375
5 0.2091748046875 0.6975104522705078 0.01619140625 0.04455535888671875
5 0.2312847900390625 0.6965528869628906 0.01416015625 0.035863494873046874
5 0.2553955078125 0.6922006225585937 0.015321044921875 0.0398870849609375
5 0.2814495849609375 0.6893161010742187 0.01767333984375 0.04128463745117188
5 0.2741998291015625 0.7568767547607422 0.0135791015625 0.038448486328125
5 0.303817138671875 0.7537413024902344 0.01457763671875 0.03813018798828125
5 0.3314752197265625 0.7529595184326172 0.016016845703125 0.04323745727539063
5 0.228935546875 0.8067549133300781 0.014730224609375 0.044916534423828126
5 0.1921356201171875 0.8861776733398438 0.014404296875 0.04394317626953125
5 0.214049072265625 0.8808319854736328 0.014891357421875 0.037082672119140625
5 0.236246337890625 0.8781337738037109 0.0125341796875 0.037404022216796874
5 0.25967041015625 0.8777053070068359 0.01443115234375 0.03709564208984375
5 0.305213623046875 0.8740019226074218 0.014920654296875 0.04361663818359375
5 0.3519207763671875 0.8693286895751953 0.01377685546875 0.04193038940429687
5 0.3791790771484375 0.6538996887207031 0.01550537109375 0.03934539794921875
5 0.378314208984375 0.5999775314331055 0.048240966796875 0.0171234130859375
5 0.3793829345703125 0.6227938461303711 0.0358154296875 0.0140142822265625
5 0.390048828125 0.6926548767089844 0.04294921875 0.014553070068359375
5 0.393604736328125 0.7178497314453125 0.039951171875 0.013946685791015625
5 0.397633056640625 0.7398834991455078 0.04183837890625 0.01585174560546875
5 0.4057745361328125 0.8138082122802734 0.0392724609375 0.01435943603515625
5 0.6566766357421875 0.540727653503418 0.01417236328125 0.030894393920898437
5 0.6816943359375 0.5394469451904297 0.014686279296875 0.032477951049804686
5 0.7015472412109375 0.5305702209472656 0.014091796875 0.02595001220703125
5 0.7262640380859375 0.5336405181884766 0.012978515625 0.0323974609375
