6 0.801854362487793 0.04504119873046875 0.030906600952148436 0.0322802734375
6 0.778809814453125 0.24438926696777344 0.022355194091796874 0.023614654541015623
6 0.7495830917358398 0.24604049682617188 0.02183616638183594 0.02187957763671875
6 0.7263153457641601 0.24495315551757812 0.015602951049804687 0.01466705322265625
6 0.7275747680664062 0.25880706787109375 0.015602874755859374 0.014666748046875
6 0.7067939376831055 0.26038131713867185 0.015602951049804687 0.01466705322265625
6 0.7045898818969727 0.24274917602539062 0.015602951049804687 0.01466705322265625
6 0.6885319519042968 0.24432334899902344 0.015602874755859374 0.014666900634765626
6 0.6844387435913086 0.2616407775878906 0.015602951049804687 0.01466705322265625
6 0.6649173355102539 0.26415969848632814 0.015602951049804687 0.01466705322265625
6 0.671529426574707 0.24432334899902344 0.015602951049804687 0.014666900634765626
6 0.6573606491088867 0.2462126159667969 0.015602951049804687 0.01466705322265625
6 0.6460256576538086 0.2663636779785156 0.015602951049804687 0.01466705322265625
6 0.6428770256042481 0.24778701782226562 0.015602912902832031 0.01466705322265625
6 0.8015671920776367 0.24023025512695312 0.015602951049804687 0.01466705322265625
