6 0.6754807662963868 0.6658654022216797 0.03502754211425781 0.030906524658203125
6 0.7386675643920898 0.6627747344970704 0.029533004760742186 0.03571426391601563
6 0.8478709030151367 0.6675823974609375 0.025412063598632812 0.02335174560546875
6 0.801854362487793 0.7400411987304687 0.030906600952148436 0.0322802734375
6 0.744505500793457 0.5243818664550781 0.031593399047851564 0.0322802734375
6 0.7537774658203125 0.4800823974609375 0.028159332275390626 0.03159332275390625
6 0.778809814453125 0.9393892669677735 0.022355194091796874 0.023614654541015623
6 0.7495830917358398 0.9410404968261719 0.02183616638183594 0.02187957763671875
6 0.7263153457641601 0.9399531555175781 0.015602951049804687 0.01466705322265625
6 0.7275747680664062 0.9538070678710937 0.015602874755859374 0.014666748046875
6 0.7067939376831055 0.9553813171386719 0.015602951049804687 0.01466705322265625
6 0.7045898818969727 0.9377491760253907 0.015602951049804687 0.01466705322265625
6 0.6885319519042968 0.9393233489990235 0.015602874755859374 0.014666900634765626
6 0.6844387435913086 0.9566407775878907 0.015602951049804687 0.01466705322265625
6 0.6649173355102539 0.9591596984863281 0.015602951049804687 0.01466705322265625
6 0.671529426574707 0.9393233489990235 0.015602951049804687 0.014666900634765626
6 0.6573606491088867 0.9412126159667968 0.015602951049804687 0.01466705322265625
6 0.6460256576538086 0.9613636779785156 0.015602951049804687 0.01466705322265625
6 0.6428770256042481 0.9427870178222656 0.015602912902832031 0.01466705322265625
6 0.8015671920776367 0.9352302551269531 0.015602951049804687 0.01466705322265625
