0 0.5372406005859375 0.10348579406738281 0.019007568359375 0.024773101806640625
0 0.5590582275390625 0.12287895202636719 0.021085205078125 0.027510528564453126
0 0.5378814697265625 0.14248008728027345 0.01732177734375 0.0178472900390625
0 0.562127685546875 0.1612359619140625 0.0214990234375 0.028107147216796875
0 0.540631103515625 0.18212142944335938 0.0204248046875 0.026264495849609375
0 0.56521240234375 0.20064895629882812 0.01835693359375 0.025473480224609376
0 0.5775396728515625 0.3808116912841797 0.04721923828125 0.05784149169921875
0 0.573887939453125 0.44616107940673827 0.05291748046875 0.05577598571777344
0 0.579508056640625 0.5109396362304688 0.055673828125 0.056231689453125
0 0.600177001953125 0.8543466186523437 0.020477294921875 0.02644012451171875
0 0.60399658203125 0.9692010498046875 0.022431640625 0.02473846435546875
0 0.679830322265625 0.9787551879882812 0.01861083984375 0.0235308837890625
2 0.5834735107421875 0.9777134704589844 0.0091357421875 0.01702667236328125
