2 0.43756439208984377 0.02042510986328125 0.009022216796875 0.0145318603515625
2 0.41216552734375 0.0216461181640625 0.00591552734375 0.012088623046875
2 0.13394989013671876 0.05760528564453125 0.006405029296875 0.01446014404296875
2 0.0733251953125 0.05910476684570312 0.006405029296875 0.01446014404296875
2 0.061199951171875 0.05847976684570313 0.0064056396484375 0.01446014404296875
2 0.0476995849609375 0.058979644775390624 0.006405029296875 0.01446014404296875
2 0.06132415771484375 0.07410507202148438 0.006405029296875 0.01446014404296875
2 0.08957489013671875 0.0121051025390625 0.006405029296875 0.01446014404296875
2 0.09870025634765625 0.011355133056640624 0.0064056396484375 0.01446014404296875
2 0.1334503173828125 0.01347991943359375 0.0064056396484375 0.01446014404296875
2 0.146199951171875 0.012104949951171874 0.0064056396484375 0.01446014404296875
2 0.1529498291015625 0.0127301025390625 0.006405029296875 0.01446014404296875
2 0.171700439453125 0.011729888916015625 0.006405029296875 0.01446014404296875
2 0.1788250732421875 0.011105194091796874 0.006405029296875 0.01446014404296875
2 0.15370025634765624 0.027104949951171874 0.0064056396484375 0.01446014404296875
2 0.146949462890625 0.026979827880859376 0.006405029296875 0.01446014404296875
