2 0.42206298828125 0.0045315933227539065 0.0144873046875 0.011000518798828124
2 0.3811871337890625 0.0065937042236328125 0.014486083984375 0.01375
2 0.3903131103515625 0.0169378662109375 0.0144873046875 0.01487548828125
2 0.39481201171875 0.02268768310546875 0.014486083984375 0.01487518310546875
2 0.40043701171875 0.0278125 0.014486083984375 0.0148748779296875
2 0.3903131103515625 0.039937744140625 0.0144873046875 0.01487518310546875
2 0.38356201171875 0.03393753051757813 0.014486083984375 0.01487518310546875
2 0.3800628662109375 0.027562408447265624 0.0144873046875 0.0148748779296875
2 0.37518798828125 0.021812591552734375 0.0144873046875 0.01487518310546875
2 0.370062255859375 0.01718719482421875 0.0144873046875 0.0148748779296875
2 0.36393798828125 0.009937896728515624 0.0144873046875 0.01487518310546875
2 0.3576873779296875 0.005656509399414062 0.0144873046875 0.01250030517578125
2 0.29231201171875 0.0038274383544921876 0.014486083984375 0.009625091552734374
2 0.327313232421875 0.014187469482421874 0.0144873046875 0.01487548828125
2 0.33331298828125 0.02056304931640625 0.0144873046875 0.01487518310546875
2 0.3411859130859375 0.046312255859375 0.014486083984375 0.01487518310546875
2 0.34581298828125 0.0516876220703125 0.0144873046875 0.01487518310546875
2 0.3518115234375 0.055812835693359375 0.014486083984375 0.01487518310546875
2 0.3551873779296875 0.06081207275390625 0.0144873046875 0.0148748779296875
2 0.360562744140625 0.06606231689453125 0.0144873046875 0.01487548828125
2 0.3358123779296875 0.0884375 0.0144873046875 0.0148748779296875
2 0.316187744140625 0.08856246948242187 0.0144873046875 0.01487548828125
2 0.3100634765625 0.08306289672851562 0.0144873046875 0.01487518310546875
2 0.31643798828125 0.06906295776367187 0.0144873046875 0.0148748779296875
2 0.3100634765625 0.0641876220703125 0.0144873046875 0.01487518310546875
2 0.27918701171875 0.05018722534179688 0.014486083984375 0.01487518310546875
2 0.27418701171875 0.0451873779296875 0.014486083984375 0.01487518310546875
2 0.2699365234375 0.040187225341796876 0.014486083984375 0.01487518310546875
2 0.262813720703125 0.0140625 0.0144873046875 0.01487548828125
2 0.23793701171875 0.007562713623046875 0.014486083984375 0.01487518310546875
2 0.18456298828125 0.004139785766601563 0.0144873046875 0.01024993896484375
2 0.194561767578125 0.0133123779296875 0.0144873046875 0.0148748779296875
2 0.2118115234375 0.0326873779296875 0.014486083984375 0.01487518310546875
2 0.2245623779296875 0.04256240844726562 0.0144873046875 0.0148748779296875
2 0.23706298828125 0.07093765258789063 0.0144873046875 0.0148748779296875
2 0.25831298828125 0.07106307983398437 0.0144873046875 0.01487518310546875
2 0.2665625 0.081187744140625 0.0144873046875 0.01487518310546875
2 0.2974365234375 0.11081222534179687 0.014486083984375 0.01487518310546875
2 0.28706298828125 0.12118743896484375 0.0144873046875 0.01487518310546875
2 0.3028131103515625 0.11556289672851562 0.0144873046875 0.01487518310546875
2 0.283187255859375 0.11706253051757813 0.0144873046875 0.0148748779296875
2 0.2779376220703125 0.11043731689453125 0.0144873046875 0.01487548828125
2 0.27206298828125 0.10606277465820313 0.0144873046875 0.01487518310546875
2 0.2680615234375 0.1019378662109375 0.014486083984375 0.01487518310546875
2 0.2624365234375 0.09693740844726563 0.014486083984375 0.01487518310546875
2 0.2571875 0.09318756103515625 0.0144873046875 0.01487548828125
2 0.2480615234375 0.08143722534179687 0.014486083984375 0.01487518310546875
2 0.15106201171875 0.03906265258789063 0.014486083984375 0.0148748779296875
2 0.160687255859375 0.04743743896484375 0.0144873046875 0.01487518310546875
2 0.188438720703125 0.062437744140625 0.0144873046875 0.01487518310546875
2 0.22268798828125 0.0941876220703125 0.0144873046875 0.01487518310546875
2 0.20731201171875 0.080687255859375 0.014486083984375 0.01487518310546875
2 0.2325628662109375 0.10568710327148438 0.0144873046875 0.0148748779296875
2 0.2284381103515625 0.1001873779296875 0.0144873046875 0.01487548828125
2 0.2370623779296875 0.11081253051757813 0.0144873046875 0.0148748779296875
2 0.2430633544921875 0.11543701171875 0.0144873046875 0.01487548828125
2 0.212562255859375 0.0845623779296875 0.0144873046875 0.0148748779296875
2 0.204813232421875 0.096187744140625 0.0144873046875 0.01487548828125
2 0.209813232421875 0.102437744140625 0.0144873046875 0.01487548828125
2 0.2140631103515625 0.1069378662109375 0.0144873046875 0.01487548828125
2 0.21856201171875 0.1103125 0.014486083984375 0.0148748779296875
2 0.222938232421875 0.11493759155273438 0.0144873046875 0.01487548828125
2 0.22643798828125 0.12031280517578125 0.0144873046875 0.0148748779296875
2 0.2334375 0.1248126220703125 0.0144873046875 0.01487518310546875
2 0.24268798828125 0.1341877746582031 0.0144873046875 0.01487518310546875
2 0.2439373779296875 0.14256240844726562 0.0144873046875 0.0148748779296875
2 0.2555633544921875 0.13243743896484375 0.0144873046875 0.01487548828125
2 0.2521875 0.1441876220703125 0.0144873046875 0.01487518310546875
2 0.254437255859375 0.15081222534179686 0.0144873046875 0.0148748779296875
2 0.2641864013671875 0.14193756103515626 0.014486083984375 0.01487518310546875
2 0.2690631103515625 0.1475628662109375 0.0144873046875 0.01487548828125
2 0.204437255859375 0.16256256103515626 0.0144873046875 0.0148748779296875
2 0.1986865234375 0.15756210327148437 0.014486083984375 0.01487518310546875
2 0.1893133544921875 0.12531219482421874 0.014486083984375 0.0148748779296875
2 0.1850628662109375 0.12068756103515625 0.0144873046875 0.0148748779296875
2 0.17918701171875 0.115062255859375 0.014486083984375 0.01487518310546875
2 0.1630621337890625 0.1226873779296875 0.014486083984375 0.01487518310546875
2 0.155562744140625 0.11243728637695312 0.0144873046875 0.01487548828125
2 0.1511865234375 0.1064373779296875 0.014486083984375 0.01487518310546875
2 0.14518798828125 0.099937744140625 0.0144873046875 0.01487518310546875
2 0.1418133544921875 0.09493728637695313 0.0144873046875 0.01487548828125
2 0.1636883544921875 0.09993743896484375 0.0144873046875 0.01487548828125
2 0.11531303405761718 0.12668792724609376 0.01448638916015625 0.01487518310546875
2 0.1278125 0.1368122863769531 0.0144873046875 0.01487518310546875
2 0.133187255859375 0.1424375915527344 0.0144873046875 0.01487518310546875
2 0.1371875 0.14868820190429688 0.0144873046875 0.01487518310546875
2 0.1430621337890625 0.15193740844726564 0.014486083984375 0.01487518310546875
2 0.154312744140625 0.16343765258789061 0.014486083984375 0.0148748779296875
2 0.1601873779296875 0.17068756103515625 0.0144873046875 0.0148748779296875
2 0.1661883544921875 0.1754376220703125 0.0144873046875 0.01487548828125
2 0.17768798828125 0.1823126220703125 0.0144873046875 0.01487518310546875
2 0.184437255859375 0.186937255859375 0.0144873046875 0.0148748779296875
2 0.1915631103515625 0.1984375 0.0144873046875 0.01487548828125
2 0.195438232421875 0.20356231689453125 0.0144873046875 0.01487548828125
2 0.2009375 0.20881256103515625 0.0144873046875 0.01487548828125
2 0.08943817138671875 0.14881256103515625 0.0144866943359375 0.01487518310546875
2 0.08431304931640625 0.1424371337890625 0.0144866943359375 0.01487518310546875
2 0.07643798828125 0.13418746948242188 0.0144873046875 0.0148748779296875
2 0.07031280517578126 0.12818771362304687 0.0144866943359375 0.01487518310546875
2 0.06568756103515624 0.123062744140625 0.0144866943359375 0.01487518310546875
2 0.06106292724609375 0.1181878662109375 0.0144866943359375 0.0148748779296875
2 0.0551873779296875 0.1121875 0.0144866943359375 0.0148748779296875
2 0.0565618896484375 0.17843734741210937 0.0144866943359375 0.0148748779296875
2 0.06718780517578125 0.18831268310546875 0.0144866943359375 0.01487518310546875
2 0.07156280517578124 0.1941876220703125 0.0144866943359375 0.01487518310546875
2 0.07993804931640625 0.20568817138671874 0.0144866943359375 0.01487518310546875
2 0.08706268310546875 0.210562744140625 0.0144873046875 0.0148748779296875
2 0.09231292724609375 0.21631271362304688 0.0144866943359375 0.0148748779296875
2 0.11943756103515625 0.22231231689453124 0.0144866943359375 0.01487518310546875
2 0.11943817138671875 0.2413128662109375 0.0144866943359375 0.01487518310546875
2 0.129437255859375 0.2533123779296875 0.0144873046875 0.0148748779296875
2 0.1355609130859375 0.25956222534179685 0.014486083984375 0.01487518310546875
2 0.1446875 0.24993759155273437 0.0144873046875 0.01487518310546875
2 0.1415625 0.26493789672851564 0.0144873046875 0.01487518310546875
2 0.14731201171875 0.27068756103515623 0.014486083984375 0.01487518310546875
2 0.06856292724609375 0.3601873779296875 0.0144866943359375 0.0148748779296875
2 0.05943756103515625 0.3721876525878906 0.0144866943359375 0.0148748779296875
2 0.04968780517578125 0.3620628356933594 0.0144866943359375 0.01487518310546875
2 0.04568817138671875 0.3566880798339844 0.0144866943359375 0.01487518310546875
2 0.0381878662109375 0.347437744140625 0.0144866943359375 0.01487518310546875
2 0.03481292724609375 0.3408123779296875 0.0144866943359375 0.0148748779296875
2 0.03631256103515625 0.3260624694824219 0.0144866943359375 0.01487518310546875
2 0.01893798828125 0.3288128662109375 0.0144873046875 0.01487518310546875
2 0.01718841552734375 0.3113130187988281 0.0144866943359375 0.01487518310546875
2 0.01193817138671875 0.3064375305175781 0.0144866943359375 0.01487518310546875
2 0.00893768310546875 0.29906295776367187 0.0144866943359375 0.0148748779296875
2 0.01031280517578125 0.3683125305175781 0.0144866943359375 0.01487518310546875
2 0.0174371337890625 0.39093765258789065 0.0144866943359375 0.0148748779296875
2 0.02218719482421875 0.3971876525878906 0.0144866943359375 0.0148748779296875
2 0.0321875 0.3871878051757813 0.0144866943359375 0.0148748779296875
2 0.0344378662109375 0.40681259155273436 0.0144866943359375 0.01487518310546875
2 0.0428131103515625 0.39643768310546873 0.0144866943359375 0.01487518310546875
2 0.02918792724609375 0.40143768310546873 0.0144866943359375 0.0148748779296875
2 0.4371258544921875 0.04037460327148437 0.015 0.01499969482421875
2 0.4278753662109375 0.05112548828125 0.015 0.01500030517578125
2 0.4216253662109375 0.05625030517578125 0.015 0.015
2 0.40737548828125 0.06812530517578125 0.015 0.015
2 0.3938751220703125 0.078125 0.015 0.015
2 0.388499755859375 0.08350006103515625 0.015 0.01500030517578125
2 0.37425048828125 0.09387496948242187 0.015 0.01500030517578125
2 0.34675048828125 0.11674972534179688 0.015 0.01500030517578125
2 0.336500244140625 0.1257501220703125 0.015 0.015
2 0.3301251220703125 0.13099960327148438 0.015 0.01499969482421875
2 0.3251251220703125 0.13812515258789063 0.015 0.015
2 0.31425048828125 0.14512496948242187 0.015 0.01500030517578125
2 0.3090008544921875 0.15162521362304687 0.015 0.01499969482421875
2 0.302125244140625 0.1579998779296875 0.015 0.01499969482421875
2 0.2937506103515625 0.16337509155273439 0.015 0.01499969482421875
2 0.288375244140625 0.16999984741210938 0.015 0.015
2 0.2706256103515625 0.18725021362304686 0.015 0.01499969482421875
2 0.237874755859375 0.21962539672851564 0.015 0.01500030517578125
2 0.233125 0.226624755859375 0.015 0.01499969482421875
2 0.215999755859375 0.242125244140625 0.015 0.01500030517578125
2 0.2076251220703125 0.2522503662109375 0.015 0.01499969482421875
2 0.1918756103515625 0.26912506103515627 0.015 0.01499969482421875
2 0.0935009765625 0.04487533569335937 0.015 0.015
2 0.08699951171875 0.0511248779296875 0.015 0.01499969482421875
2 0.0758746337890625 0.06250015258789063 0.015 0.015
2 0.0270001220703125 0.11224990844726562 0.015 0.01499969482421875
2 0.02199981689453125 0.11837478637695313 0.015 0.01499969482421875
2 0.17550048828125 0.2888752746582031 0.015 0.01500030517578125
2 0.1566253662109375 0.3068751525878906 0.015 0.015
2 0.1100006103515625 0.3580003356933594 0.015 0.015
2 0.1002508544921875 0.3702503967285156 0.015 0.015
