5 0.04377166748046875 0.7995205688476562 0.0081524658203125 0.03228179931640625
5 0.01959625244140625 0.799794921875 0.0081524658203125 0.03228179931640625
5 0.01135498046875 0.799794921875 0.0081524658203125 0.03228179931640625
5 0.0034454345703125 0.7993832397460937 0.00718841552734375 0.03228179931640625
3 0.17796142578125 0.747879638671875 0.0361419677734375 0.03638427734375
5 0.17225311279296876 0.7563191223144531 0.03080322265625 0.029395751953125
5 0.3180630493164063 0.8277473449707031 0.0064617919921875 0.03406585693359375
3 0.269364013671875 0.8326924133300782 0.008250732421875 0.04232940673828125
5 0.17554962158203125 0.7699177551269532 0.03080322265625 0.029395751953125
5 0.174176025390625 0.8059066772460938 0.03080322265625 0.029395751953125
5 0.17252777099609376 0.8188186645507812 0.0308026123046875 0.029395751953125
3 0.17521484375 0.7834567260742188 0.0361419677734375 0.03638427734375
3 0.17411529541015625 0.7943080139160156 0.0361419677734375 0.03638397216796875
3 0.177548828125 0.8362034606933594 0.0361419677734375 0.03638397216796875
3 0.32664398193359373 0.8304945373535156 0.0082501220703125 0.04232879638671875
3 0.3403802490234375 0.8322804260253907 0.0082501220703125 0.04232879638671875
3 0.351094970703125 0.8313188171386718 0.0082501220703125 0.0423291015625
3 0.3748583984375 0.8306320190429688 0.0082501220703125 0.0423291015625
3 0.38983062744140623 0.8300825500488281 0.008250732421875 0.04232940673828125
3 0.42101226806640624 0.8304946899414063 0.0082501220703125 0.04232879638671875
3 0.436534423828125 0.8313188171386718 0.0082501220703125 0.0423291015625
5 0.36517852783203125 0.827060546875 0.0064617919921875 0.03406585693359375
3 0.49408935546875 0.8296705627441406 0.0082501220703125 0.04232879638671875
3 0.5050192260742188 0.8217523193359375 0.0081146240234375 0.0273748779296875
2 0.7001046752929687 0.9095979309082032 0.0055145263671875 0.01623809814453125
2 0.6930145263671875 0.9095979309082032 0.0055145263671875 0.01623809814453125
2 0.6743695068359375 0.9090730285644532 0.0055145263671875 0.01623809814453125
2 0.648240966796875 0.9098606872558593 0.0055145263671875 0.01623809814453125
2 0.6148895263671875 0.9099919128417969 0.0055145263671875 0.01623809814453125
2 0.5770742797851562 0.9095980834960937 0.0055145263671875 0.01623809814453125
2 0.5627630615234375 0.8767726135253906 0.0055145263671875 0.01623809814453125
2 0.5716912841796875 0.8775601196289062 0.0055145263671875 0.01623809814453125
2 0.564600830078125 0.8606224060058594 0.0055145263671875 0.01623809814453125
2 0.6108193969726563 0.8793988037109375 0.0055145263671875 0.01623809814453125
2 0.6142343139648437 0.86062255859375 0.00551513671875 0.01623870849609375
2 0.6299896240234375 0.8615415954589843 0.0055145263671875 0.01623809814453125
2 0.6548062133789062 0.8746722412109375 0.00551513671875 0.01623870849609375
2 0.666754150390625 0.8625917053222656 0.0055145263671875 0.01623809814453125
2 0.7110226440429688 0.7988125610351563 0.0165447998046875 0.00612548828125
2 0.720147705078125 0.7798126220703125 0.01654541015625 0.00612548828125
2 0.7272491455078125 0.7402157592773437 0.016002197265625 0.0075775146484375
3 0.36381317138671876 0.9098753356933593 0.008125 0.02827117919921875
3 0.354462890625 0.9096879577636718 0.00742919921875 0.0236260986328125
3 0.345999755859375 0.9113920593261718 0.01025146484375 0.02746612548828125
5 0.3291278076171875 0.9119992065429687 0.0084979248046875 0.023502197265625
5 0.31112823486328123 0.9108740234375 0.0084979248046875 0.023502197265625
5 0.29300262451171877 0.9119992065429687 0.0084979248046875 0.023502197265625
5 0.2845025634765625 0.9113740539550781 0.0084979248046875 0.023502197265625
5 0.2756283569335938 0.9112490844726563 0.0084979248046875 0.023502197265625
5 0.26675262451171877 0.9113739013671875 0.0084979248046875 0.023502197265625
5 0.25762847900390623 0.9108740234375 0.0084979248046875 0.023502197265625
