1 0.43138919830322264 0.95093017578125 0.03261734008789063 0.027982177734375
1 0.9558503723144531 0.7434307861328125 0.03182083129882812 0.031156005859375
1 0.9557183837890625 0.8205891418457031 0.03453765869140625 0.03087493896484375
1 0.9783119201660156 0.9038987731933594 0.03289520263671875 0.02411102294921875
1 0.9925506591796875 0.9663818359375 0.028712005615234376 0.0233624267578125
5 0.8167808532714844 0.6767506408691406 0.0251983642578125 0.00570770263671875
5 0.8505510711669921 0.6908784484863282 0.00589630126953125 0.0227337646484375
5 0.46968669891357423 0.873455810546875 0.021153030395507814 0.00604095458984375
5 0.4874462890625 0.8734559631347656 0.013560714721679688 0.0065789794921875
5 0.5174737167358399 0.89051025390625 0.019295501708984374 0.00496307373046875
5 0.23186105728149414 0.703125 0.02677776336669922 0.0054998779296875
5 0.2770609474182129 0.7027464294433594 0.019134712219238282 0.00549346923828125
5 0.28818750381469727 0.6996249389648438 0.004375 0.0120001220703125
5 0.2929375076293945 0.7002499389648438 0.004375 0.0120001220703125
5 0.2990625 0.6996249389648438 0.004375 0.0120001220703125
5 0.30431249618530276 0.7003750610351562 0.004375 0.0120001220703125
5 0.31043750762939454 0.7004998779296875 0.004375 0.0120001220703125
5 0.31506250381469725 0.700625 0.004375 0.0120001220703125
5 0.3378125 0.700625 0.004375 0.0120001220703125
5 0.3434375 0.7014999389648438 0.004375 0.0120001220703125
5 0.3479375076293945 0.70125 0.004375 0.0120001220703125
5 0.3531874847412109 0.7016250610351562 0.004375 0.0120001220703125
