5 0.05434722900390625 0.04307662963867188 0.01398681640625 0.04441726684570312
5 0.06075164794921875 0.09013648986816407 0.0121710205078125 0.02933685302734375
5 0.120560302734375 0.07721115112304687 0.036734619140625 0.015986480712890626
5 0.11532073974609375 0.05367095947265625 0.0405316162109375 0.015072174072265625
5 0.1124603271484375 0.03138580322265625 0.0371142578125 0.0148748779296875
5 0.1921356201171875 0.07367767333984375 0.014404296875 0.04394317626953125
5 0.214049072265625 0.06833198547363281 0.014891357421875 0.037082672119140625
5 0.236246337890625 0.06563377380371094 0.0125341796875 0.037404022216796874
5 0.25967041015625 0.06520530700683594 0.01443115234375 0.03709564208984375
5 0.305213623046875 0.06150192260742188 0.014920654296875 0.04361663818359375
5 0.3519207763671875 0.05682868957519531 0.01377685546875 0.04193038940429687
