2 0.54706298828125 0.0045315933227539065 0.0144873046875 0.011000518798828124
2 0.5061871337890625 0.0065937042236328125 0.014486083984375 0.01375
2 0.5153131103515625 0.0169378662109375 0.0144873046875 0.01487548828125
2 0.51981201171875 0.02268768310546875 0.014486083984375 0.01487518310546875
2 0.52543701171875 0.0278125 0.014486083984375 0.0148748779296875
2 0.5153131103515625 0.039937744140625 0.0144873046875 0.01487518310546875
2 0.50856201171875 0.03393753051757813 0.014486083984375 0.01487518310546875
2 0.5050628662109375 0.027562408447265624 0.0144873046875 0.0148748779296875
2 0.50018798828125 0.021812591552734375 0.0144873046875 0.01487518310546875
2 0.495062255859375 0.01718719482421875 0.0144873046875 0.0148748779296875
2 0.48893798828125 0.009937896728515624 0.0144873046875 0.01487518310546875
2 0.4826873779296875 0.005656509399414062 0.0144873046875 0.01250030517578125
2 0.41731201171875 0.0038274383544921876 0.014486083984375 0.009625091552734374
2 0.452313232421875 0.014187469482421874 0.0144873046875 0.01487548828125
2 0.45831298828125 0.02056304931640625 0.0144873046875 0.01487518310546875
2 0.4661859130859375 0.046312255859375 0.014486083984375 0.01487518310546875
2 0.47081298828125 0.0516876220703125 0.0144873046875 0.01487518310546875
2 0.4768115234375 0.055812835693359375 0.014486083984375 0.01487518310546875
2 0.4801873779296875 0.06081207275390625 0.0144873046875 0.0148748779296875
2 0.485562744140625 0.06606231689453125 0.0144873046875 0.01487548828125
2 0.4608123779296875 0.0884375 0.0144873046875 0.0148748779296875
2 0.441187744140625 0.08856246948242187 0.0144873046875 0.01487548828125
2 0.4350634765625 0.08306289672851562 0.0144873046875 0.01487518310546875
2 0.44143798828125 0.06906295776367187 0.0144873046875 0.0148748779296875
2 0.4350634765625 0.0641876220703125 0.0144873046875 0.01487518310546875
2 0.40418701171875 0.05018722534179688 0.014486083984375 0.01487518310546875
2 0.39918701171875 0.0451873779296875 0.014486083984375 0.01487518310546875
2 0.3949365234375 0.040187225341796876 0.014486083984375 0.01487518310546875
2 0.387813720703125 0.0140625 0.0144873046875 0.01487548828125
2 0.36293701171875 0.007562713623046875 0.014486083984375 0.01487518310546875
2 0.30956298828125 0.004139785766601563 0.0144873046875 0.01024993896484375
2 0.319561767578125 0.0133123779296875 0.0144873046875 0.0148748779296875
2 0.3368115234375 0.0326873779296875 0.014486083984375 0.01487518310546875
2 0.3495623779296875 0.04256240844726562 0.0144873046875 0.0148748779296875
2 0.36206298828125 0.07093765258789063 0.0144873046875 0.0148748779296875
2 0.38331298828125 0.07106307983398437 0.0144873046875 0.01487518310546875
2 0.3915625 0.081187744140625 0.0144873046875 0.01487518310546875
2 0.4224365234375 0.11081222534179687 0.014486083984375 0.01487518310546875
2 0.41206298828125 0.12118743896484375 0.0144873046875 0.01487518310546875
2 0.4278131103515625 0.11556289672851562 0.0144873046875 0.01487518310546875
2 0.408187255859375 0.11706253051757813 0.0144873046875 0.0148748779296875
2 0.4029376220703125 0.11043731689453125 0.0144873046875 0.01487548828125
2 0.39706298828125 0.10606277465820313 0.0144873046875 0.01487518310546875
2 0.3930615234375 0.1019378662109375 0.014486083984375 0.01487518310546875
2 0.3874365234375 0.09693740844726563 0.014486083984375 0.01487518310546875
2 0.3821875 0.09318756103515625 0.0144873046875 0.01487548828125
2 0.3730615234375 0.08143722534179687 0.014486083984375 0.01487518310546875
2 0.27606201171875 0.03906265258789063 0.014486083984375 0.0148748779296875
2 0.285687255859375 0.04743743896484375 0.0144873046875 0.01487518310546875
2 0.313438720703125 0.062437744140625 0.0144873046875 0.01487518310546875
2 0.34768798828125 0.0941876220703125 0.0144873046875 0.01487518310546875
2 0.33231201171875 0.080687255859375 0.014486083984375 0.01487518310546875
2 0.3575628662109375 0.10568710327148438 0.0144873046875 0.0148748779296875
2 0.3534381103515625 0.1001873779296875 0.0144873046875 0.01487548828125
2 0.3620623779296875 0.11081253051757813 0.0144873046875 0.0148748779296875
2 0.3680633544921875 0.11543701171875 0.0144873046875 0.01487548828125
2 0.337562255859375 0.0845623779296875 0.0144873046875 0.0148748779296875
2 0.329813232421875 0.096187744140625 0.0144873046875 0.01487548828125
2 0.334813232421875 0.102437744140625 0.0144873046875 0.01487548828125
2 0.3390631103515625 0.1069378662109375 0.0144873046875 0.01487548828125
2 0.34356201171875 0.1103125 0.014486083984375 0.0148748779296875
2 0.347938232421875 0.11493759155273438 0.0144873046875 0.01487548828125
2 0.35143798828125 0.12031280517578125 0.0144873046875 0.0148748779296875
2 0.3584375 0.1248126220703125 0.0144873046875 0.01487518310546875
2 0.36768798828125 0.1341877746582031 0.0144873046875 0.01487518310546875
2 0.3689373779296875 0.14256240844726562 0.0144873046875 0.0148748779296875
2 0.3805633544921875 0.13243743896484375 0.0144873046875 0.01487548828125
2 0.3771875 0.1441876220703125 0.0144873046875 0.01487518310546875
2 0.379437255859375 0.15081222534179686 0.0144873046875 0.0148748779296875
2 0.3891864013671875 0.14193756103515626 0.014486083984375 0.01487518310546875
2 0.3940631103515625 0.1475628662109375 0.0144873046875 0.01487548828125
2 0.329437255859375 0.16256256103515626 0.0144873046875 0.0148748779296875
2 0.3236865234375 0.15756210327148437 0.014486083984375 0.01487518310546875
2 0.3143133544921875 0.12531219482421874 0.014486083984375 0.0148748779296875
2 0.3100628662109375 0.12068756103515625 0.0144873046875 0.0148748779296875
2 0.30418701171875 0.115062255859375 0.014486083984375 0.01487518310546875
2 0.2880621337890625 0.1226873779296875 0.014486083984375 0.01487518310546875
2 0.280562744140625 0.11243728637695312 0.0144873046875 0.01487548828125
2 0.2761865234375 0.1064373779296875 0.014486083984375 0.01487518310546875
2 0.27018798828125 0.099937744140625 0.0144873046875 0.01487518310546875
2 0.2668133544921875 0.09493728637695313 0.0144873046875 0.01487548828125
2 0.2886883544921875 0.09993743896484375 0.0144873046875 0.01487548828125
2 0.2403130340576172 0.12668792724609376 0.01448638916015625 0.01487518310546875
2 0.2528125 0.1368122863769531 0.0144873046875 0.01487518310546875
2 0.258187255859375 0.1424375915527344 0.0144873046875 0.01487518310546875
2 0.2621875 0.14868820190429688 0.0144873046875 0.01487518310546875
2 0.2680621337890625 0.15193740844726564 0.014486083984375 0.01487518310546875
2 0.279312744140625 0.16343765258789061 0.014486083984375 0.0148748779296875
2 0.2851873779296875 0.17068756103515625 0.0144873046875 0.0148748779296875
2 0.2911883544921875 0.1754376220703125 0.0144873046875 0.01487548828125
2 0.30268798828125 0.1823126220703125 0.0144873046875 0.01487518310546875
2 0.309437255859375 0.186937255859375 0.0144873046875 0.0148748779296875
2 0.3165631103515625 0.1984375 0.0144873046875 0.01487548828125
2 0.320438232421875 0.20356231689453125 0.0144873046875 0.01487548828125
2 0.3259375 0.20881256103515625 0.0144873046875 0.01487548828125
2 0.21443817138671875 0.14881256103515625 0.0144866943359375 0.01487518310546875
2 0.20931304931640626 0.1424371337890625 0.0144866943359375 0.01487518310546875
2 0.20143798828125 0.13418746948242188 0.0144873046875 0.0148748779296875
2 0.19531280517578126 0.12818771362304687 0.0144866943359375 0.01487518310546875
2 0.19068756103515624 0.123062744140625 0.0144866943359375 0.01487518310546875
2 0.18606292724609375 0.1181878662109375 0.0144866943359375 0.0148748779296875
2 0.1801873779296875 0.1121875 0.0144866943359375 0.0148748779296875
2 0.1815618896484375 0.17843734741210937 0.0144866943359375 0.0148748779296875
2 0.19218780517578124 0.18831268310546875 0.0144866943359375 0.01487518310546875
2 0.19656280517578126 0.1941876220703125 0.0144866943359375 0.01487518310546875
2 0.20493804931640625 0.20568817138671874 0.0144866943359375 0.01487518310546875
2 0.21206268310546875 0.210562744140625 0.0144873046875 0.0148748779296875
2 0.21731292724609375 0.21631271362304688 0.0144866943359375 0.0148748779296875
2 0.24443756103515624 0.22231231689453124 0.0144866943359375 0.01487518310546875
2 0.24443817138671875 0.2413128662109375 0.0144866943359375 0.01487518310546875
2 0.254437255859375 0.2533123779296875 0.0144873046875 0.0148748779296875
2 0.2605609130859375 0.25956222534179685 0.014486083984375 0.01487518310546875
2 0.2696875 0.24993759155273437 0.0144873046875 0.01487518310546875
2 0.2665625 0.26493789672851564 0.0144873046875 0.01487518310546875
2 0.27231201171875 0.27068756103515623 0.014486083984375 0.01487518310546875
2 0.19356292724609375 0.3601873779296875 0.0144866943359375 0.0148748779296875
2 0.18443756103515624 0.3721876525878906 0.0144866943359375 0.0148748779296875
2 0.17468780517578125 0.3620628356933594 0.0144866943359375 0.01487518310546875
2 0.17068817138671874 0.3566880798339844 0.0144866943359375 0.01487518310546875
2 0.1631878662109375 0.347437744140625 0.0144866943359375 0.01487518310546875
2 0.15981292724609375 0.3408123779296875 0.0144866943359375 0.0148748779296875
2 0.16131256103515626 0.3260624694824219 0.0144866943359375 0.01487518310546875
2 0.14393798828125 0.3288128662109375 0.0144873046875 0.01487518310546875
2 0.14218841552734374 0.3113130187988281 0.0144866943359375 0.01487518310546875
2 0.13693817138671874 0.3064375305175781 0.0144866943359375 0.01487518310546875
2 0.13393768310546875 0.29906295776367187 0.0144866943359375 0.0148748779296875
2 0.12631256103515626 0.29356277465820313 0.0144866943359375 0.01487518310546875
2 0.12093780517578125 0.288687744140625 0.0144866943359375 0.01487518310546875
2 0.12468780517578125 0.3113130187988281 0.0144866943359375 0.01487518310546875
2 0.12018798828125 0.30668792724609373 0.0144873046875 0.0148748779296875
2 0.11581207275390625 0.3020623779296875 0.0144873046875 0.01487518310546875
2 0.09643798828125 0.28381240844726563 0.0144873046875 0.01487518310546875
2 0.10743804931640626 0.2729376220703125 0.0144866943359375 0.01487518310546875
2 0.09243804931640626 0.2786871337890625 0.0144866943359375 0.01487518310546875
2 0.08868804931640625 0.2725628662109375 0.0144866943359375 0.01487518310546875
2 0.03518798828125 0.2885629272460937 0.0144873046875 0.0148748779296875
2 0.03893798828125 0.29331283569335936 0.0144873046875 0.01487518310546875
2 0.04356292724609375 0.2981878662109375 0.0144866943359375 0.0148748779296875
2 0.05981292724609375 0.2930625915527344 0.0144866943359375 0.0148748779296875
2 0.05418792724609375 0.30743743896484377 0.0144866943359375 0.0148748779296875
2 0.05818817138671875 0.31131271362304686 0.0144866943359375 0.01487518310546875
2 0.06218780517578125 0.31618759155273435 0.0144866943359375 0.01487518310546875
2 0.06656280517578125 0.3223121643066406 0.0144866943359375 0.01487518310546875
2 0.07956298828125 0.31556243896484376 0.0144873046875 0.0148748779296875
2 0.07843719482421875 0.3321875 0.0144866943359375 0.0148748779296875
2 0.08318817138671875 0.3350628662109375 0.0144866943359375 0.01487518310546875
2 0.09618804931640625 0.32831253051757814 0.0144866943359375 0.01487518310546875
2 0.09368804931640624 0.34318740844726564 0.0144866943359375 0.01487518310546875
2 0.09818878173828124 0.3488128662109375 0.0144866943359375 0.01487518310546875
2 0.1011883544921875 0.3550628662109375 0.0144866943359375 0.01487518310546875
2 0.10831268310546875 0.3569374084472656 0.0144873046875 0.01487518310546875
2 0.11143768310546875 0.36206253051757814 0.0144873046875 0.01487518310546875
2 0.11081298828125 0.3438124084472656 0.0144873046875 0.01487518310546875
2 0.126063232421875 0.35793777465820314 0.0144866943359375 0.0148748779296875
2 0.13531280517578126 0.3683125305175781 0.0144866943359375 0.01487518310546875
2 0.12668792724609376 0.3788128662109375 0.0144866943359375 0.0148748779296875
2 0.1424371337890625 0.39093765258789065 0.0144866943359375 0.0148748779296875
2 0.14718719482421874 0.3971876525878906 0.0144866943359375 0.0148748779296875
2 0.1571875 0.3871878051757813 0.0144866943359375 0.0148748779296875
2 0.1594378662109375 0.40681259155273436 0.0144866943359375 0.01487518310546875
2 0.1678131103515625 0.39643768310546873 0.0144866943359375 0.01487518310546875
2 0.15418792724609376 0.40143768310546873 0.0144866943359375 0.0148748779296875
2 0.01743804931640625 0.38881271362304687 0.0144866943359375 0.01487518310546875
2 0.02268798828125 0.39668777465820315 0.0144873046875 0.0148748779296875
2 0.03618743896484375 0.4134375 0.0144866943359375 0.0148748779296875
2 0.04156280517578125 0.41706268310546873 0.0144866943359375 0.01487518310546875
2 0.04781280517578125 0.42306243896484375 0.0144866943359375 0.01487518310546875
2 0.0604376220703125 0.42131256103515624 0.0144866943359375 0.0148748779296875
2 0.0703125 0.4296873474121094 0.0144866943359375 0.0148748779296875
2 0.078563232421875 0.43931228637695313 0.0144866943359375 0.0148748779296875
2 0.08931243896484375 0.4484381103515625 0.0144866943359375 0.0148748779296875
2 0.08056243896484375 0.4579376220703125 0.0144866943359375 0.01487518310546875
2 0.1128131103515625 0.47131256103515623 0.0144866943359375 0.01487518310546875
2 0.10431304931640625 0.4813128662109375 0.0144866943359375 0.01487518310546875
2 0.07906280517578125 0.5184378051757812 0.0144866943359375 0.0148748779296875
2 0.07318756103515625 0.5141874694824219 0.0144866943359375 0.01487518310546875
2 0.06893798828125 0.5105624389648438 0.0144873046875 0.0148748779296875
2 0.06368804931640625 0.5050628662109375 0.0144866943359375 0.01487518310546875
2 0.05906219482421875 0.5003126525878906 0.0144866943359375 0.0148748779296875
2 0.05318817138671875 0.49631271362304685 0.0144866943359375 0.01487518310546875
2 0.049188232421875 0.4904374694824219 0.0144866943359375 0.0148748779296875
2 0.06056304931640625 0.48256271362304687 0.0144866943359375 0.01487518310546875
2 0.042437744140625 0.48493759155273436 0.0144866943359375 0.01487518310546875
2 0.0515625 0.47343734741210936 0.0144866943359375 0.0148748779296875
2 0.04518798828125 0.4688127136230469 0.0144873046875 0.01487518310546875
2 0.041812744140625 0.46368759155273437 0.0144866943359375 0.01487518310546875
2 0.03581298828125 0.4779374694824219 0.0144873046875 0.0148748779296875
2 0.03168792724609375 0.4725630187988281 0.0144866943359375 0.0148748779296875
2 0.02631256103515625 0.4651875305175781 0.0144866943359375 0.01487518310546875
2 0.01668853759765625 0.4561878967285156 0.0144866943359375 0.0148748779296875
2 0.02656280517578125 0.448062744140625 0.0144866943359375 0.01487518310546875
2 0.02143798828125 0.4423126220703125 0.0144873046875 0.0148748779296875
2 0.01068756103515625 0.4515625 0.0144866943359375 0.0148748779296875
2 0.006452102661132813 0.44693771362304685 0.01343170166015625 0.01487518310546875
2 0.0164373779296875 0.436312255859375 0.0144873046875 0.01487518310546875
2 0.056688232421875 0.5418121337890625 0.0144866943359375 0.0148748779296875
2 0.04743804931640625 0.5325628662109375 0.0144866943359375 0.01487518310546875
2 0.04393768310546875 0.526187744140625 0.0144873046875 0.0148748779296875
2 0.03418792724609375 0.5365626525878906 0.0144866943359375 0.0148748779296875
2 0.02456207275390625 0.5265625 0.0144866943359375 0.0148748779296875
2 0.03781280517578125 0.5216876220703125 0.0144866943359375 0.01487518310546875
2 0.03481292724609375 0.5166876220703125 0.0144866943359375 0.0148748779296875
2 0.02718780517578125 0.5105625915527344 0.0144866943359375 0.01487518310546875
2 0.02056304931640625 0.5036874389648438 0.0144866943359375 0.01487518310546875
2 0.006920166015625 0.5106877136230469 0.0140557861328125 0.01487518310546875
2 0.0120623779296875 0.5143125915527343 0.0144873046875 0.0148748779296875
2 0.5621258544921875 0.04037460327148437 0.015 0.01499969482421875
2 0.5528753662109375 0.05112548828125 0.015 0.01500030517578125
2 0.5466253662109375 0.05625030517578125 0.015 0.015
2 0.53237548828125 0.06812530517578125 0.015 0.015
2 0.5188751220703125 0.078125 0.015 0.015
2 0.513499755859375 0.08350006103515625 0.015 0.01500030517578125
2 0.49925048828125 0.09387496948242187 0.015 0.01500030517578125
2 0.47175048828125 0.11674972534179688 0.015 0.01500030517578125
2 0.461500244140625 0.1257501220703125 0.015 0.015
2 0.4551251220703125 0.13099960327148438 0.015 0.01499969482421875
2 0.4501251220703125 0.13812515258789063 0.015 0.015
2 0.43925048828125 0.14512496948242187 0.015 0.01500030517578125
2 0.4340008544921875 0.15162521362304687 0.015 0.01499969482421875
2 0.427125244140625 0.1579998779296875 0.015 0.01499969482421875
2 0.4187506103515625 0.16337509155273439 0.015 0.01499969482421875
2 0.413375244140625 0.16999984741210938 0.015 0.015
2 0.3956256103515625 0.18725021362304686 0.015 0.01499969482421875
2 0.362874755859375 0.21962539672851564 0.015 0.01500030517578125
2 0.358125 0.226624755859375 0.015 0.01499969482421875
2 0.340999755859375 0.242125244140625 0.015 0.01500030517578125
2 0.3326251220703125 0.2522503662109375 0.015 0.01499969482421875
2 0.3168756103515625 0.26912506103515627 0.015 0.01499969482421875
2 0.2185009765625 0.04487533569335937 0.015 0.015
2 0.21199951171875 0.0511248779296875 0.015 0.01499969482421875
2 0.2008746337890625 0.06250015258789063 0.015 0.015
2 0.1520001220703125 0.11224990844726562 0.015 0.01499969482421875
2 0.14699981689453126 0.11837478637695313 0.015 0.01499969482421875
2 0.074375 0.19874984741210938 0.015 0.015
2 0.0640008544921875 0.20850006103515625 0.015 0.015
2 0.05512451171875 0.2179998779296875 0.015 0.01499969482421875
2 0.03012451171875 0.24724990844726563 0.015 0.01499969482421875
2 0.01962493896484375 0.25625015258789063 0.015 0.015
2 0.004437255859375 0.28012527465820314 0.0108746337890625 0.015
2 0.30050048828125 0.2888752746582031 0.015 0.01500030517578125
2 0.2816253662109375 0.3068751525878906 0.015 0.015
2 0.2350006103515625 0.3580003356933594 0.015 0.015
2 0.2252508544921875 0.3702503967285156 0.015 0.015
