2 0.667762451171875 0.46451148986816404 0.013790283203125 0.013790435791015625
2 0.672950439453125 0.471217041015625 0.01379150390625 0.01379119873046875
2 0.679403076171875 0.47539276123046875 0.013790283203125 0.01379058837890625
2 0.684464111328125 0.48007354736328123 0.01379150390625 0.0137908935546875
2 0.690157470703125 0.4876646423339844 0.01379150390625 0.0137908935546875
2 0.699520263671875 0.49462295532226563 0.013790283203125 0.013790283203125
2 0.7148284912109375 0.5115765380859375 0.01379150390625 0.01379119873046875
2 0.7195098876953125 0.516004638671875 0.013790283203125 0.01379058837890625
2 0.72532958984375 0.5205596923828125 0.01379150390625 0.01379119873046875
2 0.733172607421875 0.5299214172363281 0.013790283203125 0.01379058837890625
2 0.70837646484375 0.5047447204589843 0.013790283203125 0.01379058837890625
2 0.7432952880859375 0.5401698303222656 0.013790283203125 0.01379058837890625
2 0.74835693359375 0.5444712829589844 0.013790283203125 0.01379058837890625
2 0.7565789794921876 0.5500375366210938 0.01379150390625 0.01379119873046875
2 0.7612615966796875 0.55623779296875 0.013790283203125 0.01379058837890625
2 0.769610595703125 0.5655998229980469 0.013790283203125 0.01379058837890625
2 0.774798583984375 0.5705342102050781 0.013790283203125 0.013790283203125
2 0.778973388671875 0.5736968994140625 0.013790283203125 0.0137908935546875
2 0.78340087890625 0.5787576293945312 0.013790283203125 0.0137908935546875
2 0.74772216796875 0.5886260986328125 0.013790283203125 0.0137908935546875
2 0.7329205322265625 0.5742030334472656 0.013790283203125 0.01379058837890625
2 0.7225469970703124 0.5647145080566406 0.013790283203125 0.013790283203125
2 0.718623046875 0.5600323486328125 0.013790283203125 0.01379058837890625
2 0.7117913818359375 0.5583882141113281 0.013790283203125 0.01379058837890625
2 0.7029351806640625 0.5466221618652344 0.01379150390625 0.01379119873046875
2 0.6995196533203125 0.5421940612792969 0.013790283203125 0.01379058837890625
2 0.69534423828125 0.5361209106445313 0.013790283203125 0.0137908935546875
2 0.69129638671875 0.5325788879394531 0.013790283203125 0.01379058837890625
2 0.6847174072265625 0.5468751525878907 0.013790283203125 0.01379058837890625
2 0.6887646484375 0.5523152160644531 0.013790283203125 0.0137908935546875
2 0.6928143310546875 0.5564903259277344 0.01379150390625 0.01379119873046875
2 0.6969891357421875 0.5616775512695312 0.013790283203125 0.01379058837890625
2 0.707236328125 0.5710397338867188 0.013790283203125 0.0137908935546875
2 0.7125506591796875 0.5754682922363281 0.01379150390625 0.0137908935546875
2 0.7190032958984375 0.5783784484863281 0.013790283203125 0.01379058837890625
2 0.7222930908203125 0.5823001098632813 0.01379150390625 0.01379119873046875
2 0.728746337890625 0.5882463073730468 0.013790283203125 0.01379058837890625
2 0.7333001708984375 0.5930548095703125 0.01379150390625 0.01379119873046875
2 0.7373480224609374 0.5968495178222656 0.013790283203125 0.01379058837890625
2 0.6387908935546875 0.5301748657226563 0.013790283203125 0.01379058837890625
2 0.619813232421875 0.550037841796875 0.013790283203125 0.01379058837890625
2 0.6228497314453125 0.5600328063964843 0.013790283203125 0.01379058837890625
2 0.613359375 0.5685096740722656 0.013790283203125 0.01379058837890625
2 0.60450439453125 0.5774920654296875 0.013790283203125 0.01379058837890625
2 0.5955218505859375 0.5847039794921876 0.01379150390625 0.0137908935546875
2 0.5865399169921875 0.5526947021484375 0.013790283203125 0.013790283203125
2 0.5764178466796875 0.5634487915039063 0.013790283203125 0.01379058837890625
2 0.5655364990234375 0.5721788024902343 0.01379150390625 0.0137908935546875
2 0.5559210205078124 0.5817941284179687 0.01379150390625 0.01379119873046875
2 0.54643310546875 0.5915361022949219 0.013790283203125 0.01379058837890625
2 0.538336181640625 0.6000129699707031 0.01379150390625 0.01379119873046875
2 0.52922607421875 0.609122314453125 0.013790283203125 0.01379058837890625
2 0.577049560546875 0.6045674133300781 0.01379150390625 0.01379119873046875
2 0.56756103515625 0.61228515625 0.013790283203125 0.01379058837890625
2 0.5578192138671875 0.6235453796386718 0.013790283203125 0.01379058837890625
2 0.54757080078125 0.6327806091308594 0.01379150390625 0.01379119873046875
2 0.5388421630859375 0.6418902587890625 0.013790283203125 0.01379058837890625
2 0.5708502197265625 0.6503666687011719 0.01379150390625 0.01379119873046875
2 0.6107049560546876 0.6669410705566406 0.013790283203125 0.013790283203125
2 0.59349853515625 0.4764430236816406 0.012996826171875 0.01361480712890625
2 0.4573046875 0.6710545349121094 0.011859130859375 0.012142333984375
2 0.4290338134765625 0.6445057678222657 0.01143310546875 0.0120123291015625
2 0.794083251953125 0.6204718017578125 0.014666748046875 0.01405731201171875
2 0.7864581298828125 0.6309718322753907 0.014666748046875 0.01405731201171875
2 0.758553466796875 0.6665232849121093 0.014356689453125 0.0137030029296875
2 0.7630535888671875 0.661148681640625 0.014356689453125 0.01370330810546875
2 0.768553466796875 0.6551484680175781 0.014356689453125 0.01370269775390625
2 0.75392822265625 0.67202392578125 0.014356689453125 0.01370269775390625
2 0.7490533447265625 0.676773681640625 0.014356689453125 0.0137030029296875
2 0.743553466796875 0.683648681640625 0.014356689453125 0.0137030029296875
2 0.7394281005859376 0.6893988037109375 0.014356689453125 0.01370269775390625
2 0.724178466796875 0.7061483764648437 0.014356689453125 0.0137030029296875
2 0.7148126220703125 0.7160003662109375 0.014091796875 0.01375
2 0.704813232421875 0.7273747253417969 0.014091796875 0.01375
2 0.700687255859375 0.7325004577636719 0.014091796875 0.01375
2 0.695687255859375 0.73625 0.014091796875 0.01375
2 0.655687255859375 0.7720619201660156 0.0143701171875 0.01512481689453125
2 0.646207275390625 0.7824209594726562 0.0108349609375 0.01140838623046875
2 0.6400823974609375 0.7869210815429688 0.0108349609375 0.01140838623046875
2 0.636695556640625 0.7906974792480469 0.010858154296875 0.011396484375
2 0.631070556640625 0.7944476318359375 0.010858154296875 0.011396484375
2 0.6252081298828125 0.7995458984375 0.0108349609375 0.01140869140625
2 0.54706298828125 0.8160629272460938 0.0144873046875 0.01487518310546875
2 0.5374365234375 0.804437255859375 0.014486083984375 0.01487518310546875
2 0.53018798828125 0.7985621643066406 0.0144873046875 0.01487518310546875
2 0.525438232421875 0.7941876220703125 0.0144873046875 0.01487548828125
2 0.51481201171875 0.7813127136230469 0.014486083984375 0.01487518310546875
2 0.50481201171875 0.7750627136230469 0.014486083984375 0.01487518310546875
2 0.50081298828125 0.7686878967285157 0.0144873046875 0.01487518310546875
2 0.4896881103515625 0.7581875610351563 0.0144873046875 0.01487548828125
2 0.4834375 0.755562744140625 0.0144873046875 0.01487518310546875
2 0.47893798828125 0.7456875610351562 0.0144873046875 0.0148748779296875
2 0.465062255859375 0.7356875610351562 0.0144873046875 0.0148748779296875
2 0.405062255859375 0.7156875610351563 0.0144873046875 0.0148748779296875
2 0.409561767578125 0.7214375305175781 0.0144873046875 0.0148748779296875
2 0.441937255859375 0.7539376831054687 0.0144873046875 0.0148748779296875
2 0.44768798828125 0.7593122863769531 0.0144873046875 0.01487518310546875
2 0.4621875 0.7763127136230469 0.0144873046875 0.01487548828125
2 0.4791864013671875 0.7938125610351563 0.014486083984375 0.01487518310546875
2 0.486937255859375 0.8008126831054687 0.0144873046875 0.0148748779296875
2 0.4993115234375 0.8119371032714844 0.014486083984375 0.01487518310546875
2 0.5061871337890625 0.8188124084472657 0.014486083984375 0.01487518310546875
2 0.5153131103515625 0.8294378662109375 0.0144873046875 0.01487548828125
2 0.51981201171875 0.8351876831054688 0.014486083984375 0.01487518310546875
2 0.52543701171875 0.8403125 0.014486083984375 0.0148748779296875
2 0.5153131103515625 0.852437744140625 0.0144873046875 0.01487518310546875
2 0.50856201171875 0.8464375305175781 0.014486083984375 0.01487518310546875
2 0.5050628662109375 0.8400624084472657 0.0144873046875 0.0148748779296875
2 0.50018798828125 0.8343125915527344 0.0144873046875 0.01487518310546875
2 0.495062255859375 0.8296871948242187 0.0144873046875 0.0148748779296875
2 0.48893798828125 0.8224378967285156 0.0144873046875 0.01487518310546875
2 0.4826873779296875 0.8175628662109375 0.0144873046875 0.0148748779296875
2 0.471937255859375 0.8068125915527343 0.0144873046875 0.01487518310546875
2 0.46418701171875 0.7988127136230468 0.014486083984375 0.01487518310546875
2 0.46081298828125 0.7936882019042969 0.0144873046875 0.01487518310546875
2 0.4524383544921875 0.7879374694824218 0.0144873046875 0.01487548828125
2 0.4440625 0.7769374084472657 0.0144873046875 0.01487548828125
2 0.433187255859375 0.7656875610351562 0.0144873046875 0.0148748779296875
2 0.4276873779296875 0.7606875610351562 0.0144873046875 0.0148748779296875
2 0.4230633544921875 0.7535621643066406 0.0144873046875 0.01487548828125
2 0.40918701171875 0.7446878051757813 0.014486083984375 0.0148748779296875
2 0.40543701171875 0.7378126525878906 0.014486083984375 0.0148748779296875
2 0.399813232421875 0.7330624389648438 0.0144873046875 0.01487548828125
2 0.3950634765625 0.7274374389648437 0.0144873046875 0.01487518310546875
2 0.368687744140625 0.7671875 0.014486083984375 0.0148748779296875
2 0.41731201171875 0.8146876525878907 0.014486083984375 0.0148748779296875
2 0.452313232421875 0.8266874694824219 0.0144873046875 0.01487548828125
2 0.45831298828125 0.8330630493164063 0.0144873046875 0.01487518310546875
2 0.4661859130859375 0.858812255859375 0.014486083984375 0.01487518310546875
2 0.47081298828125 0.8641876220703125 0.0144873046875 0.01487518310546875
2 0.4768115234375 0.8683128356933594 0.014486083984375 0.01487518310546875
2 0.4801873779296875 0.8733120727539062 0.0144873046875 0.0148748779296875
2 0.485562744140625 0.8785623168945312 0.0144873046875 0.01487548828125
2 0.4608123779296875 0.9009375 0.0144873046875 0.0148748779296875
2 0.441187744140625 0.9010624694824219 0.0144873046875 0.01487548828125
2 0.4350634765625 0.8955628967285156 0.0144873046875 0.01487518310546875
2 0.44143798828125 0.8815629577636719 0.0144873046875 0.0148748779296875
2 0.4350634765625 0.8766876220703125 0.0144873046875 0.01487518310546875
2 0.40418701171875 0.8626872253417969 0.014486083984375 0.01487518310546875
2 0.39918701171875 0.8576873779296875 0.014486083984375 0.01487518310546875
2 0.3949365234375 0.8526872253417969 0.014486083984375 0.01487518310546875
2 0.387813720703125 0.8265625 0.0144873046875 0.01487548828125
2 0.36293701171875 0.8200627136230468 0.014486083984375 0.01487518310546875
2 0.352562255859375 0.8079377746582032 0.0144873046875 0.01487518310546875
2 0.3043133544921875 0.8116874694824219 0.0144873046875 0.01487548828125
2 0.30956298828125 0.8153125 0.0144873046875 0.0148748779296875
2 0.319561767578125 0.8258123779296875 0.0144873046875 0.0148748779296875
2 0.3368115234375 0.8451873779296875 0.014486083984375 0.01487518310546875
2 0.3495623779296875 0.8550624084472657 0.0144873046875 0.0148748779296875
2 0.36206298828125 0.8834376525878906 0.0144873046875 0.0148748779296875
2 0.38331298828125 0.8835630798339844 0.0144873046875 0.01487518310546875
2 0.3915625 0.893687744140625 0.0144873046875 0.01487518310546875
2 0.4224365234375 0.9233122253417969 0.014486083984375 0.01487518310546875
2 0.41206298828125 0.9336874389648437 0.0144873046875 0.01487518310546875
2 0.4278131103515625 0.9280628967285156 0.0144873046875 0.01487518310546875
2 0.408187255859375 0.9295625305175781 0.0144873046875 0.0148748779296875
2 0.4029376220703125 0.9229373168945313 0.0144873046875 0.01487548828125
2 0.39706298828125 0.9185627746582031 0.0144873046875 0.01487518310546875
2 0.3930615234375 0.9144378662109375 0.014486083984375 0.01487518310546875
2 0.3874365234375 0.9094374084472656 0.014486083984375 0.01487518310546875
2 0.3821875 0.9056875610351562 0.0144873046875 0.01487548828125
2 0.3730615234375 0.8939372253417969 0.014486083984375 0.01487518310546875
2 0.27606201171875 0.8515626525878907 0.014486083984375 0.0148748779296875
2 0.285687255859375 0.8599374389648438 0.0144873046875 0.01487518310546875
2 0.313438720703125 0.874937744140625 0.0144873046875 0.01487518310546875
2 0.34768798828125 0.9066876220703125 0.0144873046875 0.01487518310546875
2 0.33231201171875 0.893187255859375 0.014486083984375 0.01487518310546875
2 0.3575628662109375 0.9181871032714843 0.0144873046875 0.0148748779296875
2 0.3534381103515625 0.9126873779296875 0.0144873046875 0.01487548828125
2 0.3620623779296875 0.9233125305175781 0.0144873046875 0.0148748779296875
2 0.3680633544921875 0.92793701171875 0.0144873046875 0.01487548828125
2 0.337562255859375 0.8970623779296875 0.0144873046875 0.0148748779296875
2 0.329813232421875 0.908687744140625 0.0144873046875 0.01487548828125
2 0.334813232421875 0.914937744140625 0.0144873046875 0.01487548828125
2 0.3390631103515625 0.9194378662109375 0.0144873046875 0.01487548828125
2 0.34356201171875 0.9228125 0.014486083984375 0.0148748779296875
2 0.347938232421875 0.9274375915527344 0.0144873046875 0.01487548828125
2 0.35143798828125 0.9328128051757812 0.0144873046875 0.0148748779296875
2 0.3584375 0.9373126220703125 0.0144873046875 0.01487518310546875
2 0.36768798828125 0.9466877746582031 0.0144873046875 0.01487518310546875
2 0.3689373779296875 0.9550624084472656 0.0144873046875 0.0148748779296875
2 0.3805633544921875 0.9449374389648437 0.0144873046875 0.01487548828125
2 0.3771875 0.9566876220703125 0.0144873046875 0.01487518310546875
2 0.379437255859375 0.9633122253417968 0.0144873046875 0.0148748779296875
2 0.3891864013671875 0.9544375610351562 0.014486083984375 0.01487518310546875
2 0.3940631103515625 0.9600628662109375 0.0144873046875 0.01487548828125
2 0.329437255859375 0.9750625610351562 0.0144873046875 0.0148748779296875
2 0.3236865234375 0.9700621032714843 0.014486083984375 0.01487518310546875
2 0.3143133544921875 0.9378121948242187 0.014486083984375 0.0148748779296875
2 0.3100628662109375 0.9331875610351562 0.0144873046875 0.0148748779296875
2 0.30418701171875 0.927562255859375 0.014486083984375 0.01487518310546875
2 0.2880621337890625 0.9351873779296875 0.014486083984375 0.01487518310546875
2 0.280562744140625 0.9249372863769532 0.0144873046875 0.01487548828125
2 0.2761865234375 0.9189373779296875 0.014486083984375 0.01487518310546875
2 0.27018798828125 0.912437744140625 0.0144873046875 0.01487518310546875
2 0.2668133544921875 0.9074372863769531 0.0144873046875 0.01487548828125
2 0.2886883544921875 0.9124374389648438 0.0144873046875 0.01487548828125
2 0.2403130340576172 0.9391879272460938 0.01448638916015625 0.01487518310546875
2 0.2528125 0.9493122863769531 0.0144873046875 0.01487518310546875
2 0.258187255859375 0.9549375915527344 0.0144873046875 0.01487518310546875
2 0.2621875 0.9611882019042969 0.0144873046875 0.01487518310546875
2 0.2680621337890625 0.9644374084472657 0.014486083984375 0.01487518310546875
2 0.279312744140625 0.9759376525878907 0.014486083984375 0.0148748779296875
2 0.2851873779296875 0.9831875610351563 0.0144873046875 0.0148748779296875
2 0.2911883544921875 0.9879376220703125 0.0144873046875 0.01487548828125
2 0.30268798828125 0.9948126220703125 0.0144873046875 0.01487518310546875
2 0.21443817138671875 0.9613125610351563 0.0144866943359375 0.01487518310546875
2 0.20931304931640626 0.9549371337890625 0.0144866943359375 0.01487518310546875
2 0.20143798828125 0.9466874694824219 0.0144873046875 0.0148748779296875
2 0.19531280517578126 0.9406877136230469 0.0144866943359375 0.01487518310546875
2 0.19068756103515624 0.935562744140625 0.0144866943359375 0.01487518310546875
2 0.18606292724609375 0.9306878662109375 0.0144866943359375 0.0148748779296875
2 0.1801873779296875 0.9246875 0.0144866943359375 0.0148748779296875
2 0.1815618896484375 0.9909373474121094 0.0144866943359375 0.0148748779296875
2 0.5621258544921875 0.8528746032714843 0.015 0.01499969482421875
2 0.5528753662109375 0.86362548828125 0.015 0.01500030517578125
2 0.5466253662109375 0.8687503051757812 0.015 0.015
2 0.53237548828125 0.8806253051757813 0.015 0.015
2 0.5188751220703125 0.890625 0.015 0.015
2 0.513499755859375 0.8960000610351563 0.015 0.01500030517578125
2 0.49925048828125 0.9063749694824219 0.015 0.01500030517578125
2 0.303499755859375 0.7686248779296875 0.015 0.01500030517578125
2 0.47175048828125 0.9292497253417968 0.015 0.01500030517578125
2 0.461500244140625 0.9382501220703126 0.015 0.015
2 0.4551251220703125 0.9434996032714844 0.015 0.01499969482421875
2 0.4501251220703125 0.9506251525878906 0.015 0.015
2 0.43925048828125 0.9576249694824219 0.015 0.01500030517578125
2 0.4340008544921875 0.9641252136230469 0.015 0.01499969482421875
2 0.427125244140625 0.9704998779296875 0.015 0.01499969482421875
2 0.4187506103515625 0.9758750915527343 0.015 0.01499969482421875
2 0.413375244140625 0.9824998474121094 0.015 0.015
2 0.2185009765625 0.8573753356933593 0.015 0.015
2 0.21199951171875 0.8636248779296875 0.015 0.01499969482421875
2 0.2008746337890625 0.8750001525878907 0.015 0.015
2 0.1520001220703125 0.9247499084472657 0.015 0.01499969482421875
2 0.14699981689453126 0.9308747863769531 0.015 0.01499969482421875
