5 0.07265098571777344 0.37298675537109377 0.03875839233398438 0.0304522705078125
3 0.06992935180664063 0.35486846923828125 0.031682281494140624 0.01945770263671875
2 0.06739540100097656 0.4018994140625 0.016166534423828125 0.01118011474609375
2 0.06927787780761718 0.40922882080078127 0.01731689453125 0.01174407958984375
2 0.14511497497558593 0.33548019409179686 0.01300262451171875 0.018973388671875
2 0.07185821533203125 0.41562164306640625 0.01551239013671875 0.011444091796875
2 0.07525169372558593 0.42290283203125 0.015811920166015625 0.011912841796875
2 0.08297760009765626 0.4363290405273437 0.02082122802734375 0.013583984375
2 0.09247467041015625 0.4538873291015625 0.01958099365234375 0.014708251953125
3 0.04115509033203125 0.4650413513183594 0.02826019287109375 0.01790374755859375
3 0.0443792724609375 0.47281906127929685 0.02757659912109375 0.0181207275390625
3 0.08811965942382813 0.5259962463378907 0.018223419189453124 0.0281671142578125
3 0.09186233520507812 0.5130033874511719 0.01631103515625 0.02567108154296875
2 0.07734893798828125 0.5275167846679687 0.01451263427734375 0.01946319580078125
2 0.10763427734375 0.5143453979492187 0.009762115478515625 0.0139263916015625
2 0.11578704833984375 0.50875732421875 0.01093658447265625 0.01402923583984375
2 0.0601678466796875 0.4836578369140625 0.015811920166015625 0.011912841796875
2 0.06176177978515625 0.4910404968261719 0.01840606689453125 0.01295318603515625
2 0.06630859375 0.49692947387695313 0.01840606689453125 0.01295318603515625
