6 0.42059362411499024 0.18979499816894532 0.03396572113037109 0.03580169677734375
6 0.46771726608276365 0.20448287963867187 0.03396572113037109 0.03580169677734375
6 0.4662637710571289 0.1276009750366211 0.05064262390136719 0.051254653930664064
6 0.5236383247375488 0.14351287841796875 0.05064258575439453 0.05125457763671875
6 0.5478121185302735 0.30194309234619143 0.024632797241210938 0.025703811645507814
6 0.5810603713989257 0.28223308563232424 0.018379287719726564 0.018533859252929687
6 0.5751853561401368 0.3106706237792969 0.0131292724609375 0.0134088134765625
6 0.5854978561401367 0.26417057037353514 0.013254318237304687 0.013658828735351562
6 0.5767478561401367 0.25367061614990233 0.013254318237304687 0.013658828735351562
6 0.6419978713989258 0.27229557037353513 0.013254318237304687 0.013658828735351562
6 0.6321853637695313 0.2698580932617187 0.008379287719726562 0.008533782958984375
6 0.5778103637695312 0.2999831008911133 0.008379287719726562 0.008533859252929687
6 0.5497478485107422 0.18785808563232423 0.014004287719726562 0.014533767700195313
6 0.8728779220581054 0.31517417907714845 0.031989822387695314 0.031934814453125
6 0.9816627120971679 0.6860022735595703 0.02915245056152344 0.029986724853515626
6 0.931662712097168 0.6467324066162109 0.016320571899414063 0.018260955810546875
6 0.931662712097168 0.6467324066162109 0.016320571899414063 0.018260955810546875
