1 0.3824969482421875 0.9908226013183594 0.02972869873046875 0.018365478515625
1 0.4943717956542969 0.95701171875 0.02615478515625 0.0309466552734375
0 0.021463775634765626 0.23827384948730468 0.019217529296875 0.01465118408203125
0 0.0467120361328125 0.23957366943359376 0.01922088623046875 0.0147509765625
0 0.0710797119140625 0.24116294860839843 0.0192352294921875 0.01517974853515625
0 0.09683029174804687 0.24191307067871093 0.0192352294921875 0.015179595947265624
0 0.191400146484375 0.1982220458984375 0.023712158203125 0.02425506591796875
0 0.16384780883789063 0.1903863525390625 0.0220892333984375 0.0128778076171875
0 0.11243743896484375 0.188125 0.020875244140625 0.01399993896484375
0 0.022312469482421875 0.18387496948242188 0.02087493896484375 0.01399993896484375
0 0.21642166137695312 0.25660469055175783 0.02182830810546875 0.025565185546875
2 0.0846478271484375 0.9805369567871094 0.0098992919921875 0.00621185302734375
2 0.08515106201171875 0.9746644592285156 0.0098992919921875 0.0062115478515625
2 0.08302108764648437 0.9895953369140625 0.00946075439453125 0.00521331787109375
2 0.08402786254882813 0.9679512023925781 0.0094610595703125 0.00521331787109375
2 0.03689651489257813 0.056120681762695315 0.009713134765625 0.00586212158203125
2 0.04016204833984375 0.019731063842773438 0.01209014892578125 0.00657257080078125
2 0.04016189575195313 0.013524169921875 0.01209014892578125 0.00657257080078125
2 0.0402056884765625 0.0074188232421875 0.01213531494140625 0.006714019775390625
2 0.04106765747070312 0.0018534469604492188 0.01213531494140625 0.004568939208984375
2 0.03970291137695312 0.026309661865234375 0.01319854736328125 0.006518707275390625
2 0.0674615478515625 0.024930343627929688 0.01319854736328125 0.006518707275390625
2 0.06694412231445312 0.030447540283203126 0.01319854736328125 0.00651885986328125
2 0.067978515625 0.018206100463867187 0.0131988525390625 0.00651885986328125
2 0.067978515625 0.011999282836914062 0.0131988525390625 0.00651885986328125
2 0.06953033447265625 0.005964736938476562 0.0131988525390625 0.00651885986328125
2 0.1301019287109375 0.1559873962402344 0.010804443359375 0.005102081298828125
2 0.16731689453125 0.15493698120117189 0.010804443359375 0.005102081298828125
2 0.13070220947265626 0.14218185424804688 0.010804443359375 0.0051019287109375
2 0.1928271484375 0.14428268432617186 0.010804443359375 0.0051019287109375
