2 0.6884727478027344 0.6647172546386719 0.00605438232421875 0.00818450927734375
2 0.8274374389648438 0.26893722534179687 0.005625 0.0114959716796875
2 0.8307901000976563 0.2303375244140625 0.00717010498046875 0.01182586669921875
2 0.6752500915527344 0.2220001220703125 0.008499755859375 0.00576812744140625
2 0.7079374694824219 0.18524993896484376 0.00862518310546875 0.00554473876953125
2 0.6766874694824219 0.2116876220703125 0.0086248779296875 0.00518585205078125
2 0.7154376220703125 0.1990625 0.00862518310546875 0.00542388916015625
2 0.7180624389648438 0.1923126220703125 0.00862518310546875 0.00542388916015625
2 0.7169377136230469 0.18668746948242188 0.00862518310546875 0.00542388916015625
2 0.6465280151367188 0.3020286560058594 0.00862518310546875 0.00554473876953125
2 0.6247926330566407 0.2861215209960937 0.0113739013671875 0.00628082275390625
2 0.6216314697265625 0.3026908874511719 0.0122735595703125 0.00669830322265625
2 0.6239805603027344 0.2919528198242187 0.01227386474609375 0.0066986083984375
2 0.6159269714355469 0.3293690490722656 0.0122735595703125 0.006697998046875
2 0.6498196411132813 0.340946044921875 0.0122735595703125 0.0066986083984375
2 0.6771682739257813 0.3266842651367188 0.0122735595703125 0.00669830322265625
2 0.6931080627441406 0.31275787353515627 0.01227386474609375 0.0066986083984375
2 0.7073698425292969 0.35520736694335936 0.01227386474609375 0.0066986083984375
2 0.5810276794433594 0.32500640869140623 0.0122735595703125 0.0066986083984375
2 0.581866455078125 0.3328921508789062 0.01227386474609375 0.0066986083984375
2 0.6622355651855468 0.2874226379394531 0.0122735595703125 0.006697998046875
2 0.6592155456542969 0.2981610107421875 0.0122735595703125 0.00669830322265625
2 0.6456248474121093 0.3075569152832031 0.0122735595703125 0.0066986083984375
2 0.6410946655273437 0.3174559020996094 0.01227386474609375 0.0066986083984375
2 0.6405915832519531 0.323328857421875 0.0122735595703125 0.0066986083984375
2 0.6521685791015625 0.32567764282226563 0.0122735595703125 0.006697998046875
2 0.653175048828125 0.3194691467285156 0.01227386474609375 0.0066986083984375
2 0.6546852111816406 0.3135972595214844 0.0122735595703125 0.006697998046875
2 0.6516651916503906 0.3302081298828125 0.0122735595703125 0.00669830322265625
2 0.7041818237304688 0.25571136474609374 0.0122735595703125 0.00669830322265625
2 0.7031753540039063 0.2614158630371094 0.0122735595703125 0.0066986083984375
2 0.6905915832519531 0.25957015991210936 0.0122735595703125 0.0066986083984375
2 0.6927726745605469 0.24883193969726564 0.0122735595703125 0.0066986083984375
2 0.6986576843261719 0.22718124389648436 0.01126861572265625 0.00738250732421875
2 0.7124034118652344 0.22064376831054688 0.01227386474609375 0.0066986083984375
2 0.7130743408203125 0.21376495361328124 0.0122735595703125 0.00669830322265625
2 0.7132423400878907 0.20369781494140626 0.0122735595703125 0.00669830322265625
2 0.6818666076660156 0.30134872436523436 0.0122735595703125 0.0066986083984375
2 0.6825375366210937 0.29530868530273435 0.0122735595703125 0.006697998046875
2 0.6942826843261719 0.2969865417480469 0.0122735595703125 0.006697998046875
2 0.7100544738769531 0.345308837890625 0.0122735595703125 0.00669830322265625
2 0.7120677185058594 0.33910064697265624 0.0122735595703125 0.00669830322265625
2 0.7134100341796875 0.32248947143554685 0.0122735595703125 0.00669830322265625
2 0.7186114501953125 0.3065496826171875 0.01227386474609375 0.0066986083984375
2 0.7206248474121094 0.29497268676757815 0.01227386474609375 0.0066986083984375
2 0.6964639282226562 0.2912814331054687 0.0122735595703125 0.0066986083984375
2 0.6988128662109375 0.2857449340820313 0.0122735595703125 0.00669830322265625
2 0.6511619567871094 0.27970458984375 0.0122735595703125 0.00669830322265625
2 0.6624037170410156 0.27634857177734373 0.0122735595703125 0.0066986083984375
2 0.6674368286132812 0.25336212158203125 0.0122735595703125 0.00669830322265625
2 0.6676048278808594 0.24732208251953125 0.0122735595703125 0.00669830322265625
2 0.6728060913085937 0.23222122192382813 0.0122735595703125 0.0066986083984375
2 0.7080110168457031 0.24641647338867187 0.01434722900390625 0.00826873779296875
2 0.6813630676269531 0.18356353759765626 0.0122735595703125 0.00669830322265625
2 0.7066986083984375 0.17836212158203124 0.0122735595703125 0.00669830322265625
2 0.6793496704101563 0.19480499267578125 0.01227386474609375 0.0066986083984375
2 0.6780073547363281 0.20554336547851562 0.0122735595703125 0.00669830322265625
2 0.6843833923339844 0.17349624633789062 0.0122735595703125 0.0066986083984375
2 0.7191148376464844 0.18154998779296874 0.0122735595703125 0.00669830322265625
2 0.8971478271484375 0.16803695678710937 0.0098992919921875 0.00621185302734375
2 0.8976510620117187 0.16216445922851563 0.0098992919921875 0.0062115478515625
2 0.8948500061035156 0.1908538818359375 0.0094610595703125 0.00521331787109375
2 0.8961410522460938 0.19706375122070313 0.0098992919921875 0.006212158203125
2 0.8958055114746094 0.20880859375 0.0098992919921875 0.0062115478515625
2 0.8955210876464844 0.1770953369140625 0.00946075439453125 0.00521331787109375
2 0.8965278625488281 0.15545120239257812 0.0094610595703125 0.00521331787109375
2 0.9225346374511719 0.3247465515136719 0.0094610595703125 0.0052130126953125
2 0.6759184265136718 0.3324345397949219 0.0122735595703125 0.006697998046875
2 0.6170436096191406 0.3183094787597656 0.0122735595703125 0.0066986083984375
2 0.6890434265136719 0.33418426513671873 0.0122735595703125 0.00669830322265625
2 0.6874185180664063 0.33943450927734375 0.0122735595703125 0.00669830322265625
2 0.6861686706542969 0.344434814453125 0.0122735595703125 0.00669830322265625
2 0.6840434265136719 0.3499345397949219 0.0122735595703125 0.006697998046875
2 0.6809185791015625 0.3161846923828125 0.0122735595703125 0.00669830322265625
2 0.721875 0.2895979309082031 0.01227386474609375 0.0066986083984375
2 0.7095329284667968 0.22930633544921875 0.01126861572265625 0.00738250732421875
2 0.7116534423828125 0.22489425659179688 0.0122735595703125 0.006697998046875
2 0.7080284118652344 0.23501876831054688 0.01227386474609375 0.0066986083984375
2 0.595042724609375 0.25712127685546876 0.0113739013671875 0.006280517578125
2 0.5897271728515625 0.2778689575195312 0.0113739013671875 0.00628082275390625
