5 0.012375564575195312 0.7666876220703125 0.025875244140625 0.01762603759765625
5 0.037313079833984374 0.7756846618652343 0.02937591552734375 0.01563140869140625
5 0.06543777465820312 0.7843093872070312 0.02937591552734375 0.01563079833984375
5 0.01657470703125 0.36414169311523437 0.0342987060546875 0.018966827392578125
5 0.052586822509765624 0.37551666259765626 0.040423583984375 0.0189666748046875
5 0.09308700561523438 0.3866416931152344 0.040423583984375 0.0189666748046875
5 0.13083663940429688 0.39776657104492186 0.040423583984375 0.0189666748046875
5 0.1695867919921875 0.4098915863037109 0.040423583984375 0.0189666748046875
5 0.2052117919921875 0.4196415710449219 0.040423583984375 0.0189666748046875
5 0.24183670043945313 0.43114166259765624 0.040423583984375 0.018966522216796875
5 0.27933685302734373 0.4413916778564453 0.040423583984375 0.018966522216796875
5 0.27933685302734373 0.4413916778564453 0.040423583984375 0.018966522216796875
5 0.3138861083984375 0.45222122192382813 0.03852294921875 0.018807220458984374
5 0.34938629150390627 0.4617213439941406 0.03852294921875 0.018807373046875
5 0.3862611389160156 0.4729713249206543 0.03852294921875 0.018807144165039064
5 0.42313629150390625 0.48397125244140626 0.03852294921875 0.01880706787109375
5 0.46213623046875 0.4957212829589844 0.03852264404296875 0.01880706787109375
5 0.49901123046875 0.5062213134765625 0.03852264404296875 0.018807373046875
5 0.5382611083984375 0.5168464660644532 0.03852294921875 0.01880706787109375
5 0.5738861083984375 0.5267213439941406 0.03852294921875 0.01880706787109375
5 0.5204019165039062 0.5224156188964844 0.03005401611328125 0.01516845703125
5 0.4925270080566406 0.5141656494140625 0.0300543212890625 0.01516876220703125
5 0.4629020690917969 0.5059158325195312 0.03005401611328125 0.01516876220703125
5 0.43552703857421876 0.4975407409667969 0.0300543212890625 0.01516845703125
5 0.40727676391601564 0.48941558837890625 0.03005401611328125 0.01516845703125
5 0.37677703857421874 0.4810406494140625 0.0300543212890625 0.01516845703125
5 0.34977691650390624 0.47266571044921873 0.03005401611328125 0.01516845703125
5 0.32027694702148435 0.46479072570800783 0.0300543212890625 0.015168609619140625
5 0.2932771301269531 0.45629066467285156 0.0300543212890625 0.01516845703125
5 0.2637770080566406 0.44716567993164064 0.0300543212890625 0.015168609619140625
5 0.23665206909179687 0.4396656036376953 0.03005401611328125 0.015168609619140625
5 0.20865219116210937 0.4316658782958984 0.0300543212890625 0.015168609619140625
5 0.1779022216796875 0.42279075622558593 0.03005401611328125 0.015168609619140625
5 0.15077713012695312 0.41466560363769533 0.0300543212890625 0.015168609619140625
5 0.12265213012695313 0.40629074096679685 0.0300543212890625 0.01516845703125
5 0.09377716064453125 0.3971657562255859 0.0300543212890625 0.015168609619140625
5 0.06565216064453125 0.3894157409667969 0.0300543212890625 0.01516845703125
5 0.037152099609375 0.3817906951904297 0.0300543212890625 0.015168609619140625
