2 0.12907745361328124 0.5369094085693359 0.0105706787109375 0.013872299194335937
2 0.11057769775390625 0.5466593933105469 0.0105706787109375 0.013872299194335937
2 0.10320220947265625 0.5487844848632812 0.0105706787109375 0.013872299194335937
2 0.06582763671875 0.5645345306396484 0.010570068359375 0.013871917724609375
2 0.05982757568359375 0.5679093551635742 0.0105706787109375 0.013872222900390625
2 0.05407745361328125 0.5705345153808594 0.0105706787109375 0.013872299194335937
2 0.04757720947265625 0.574034423828125 0.0105706787109375 0.013872299194335937
2 0.04182769775390625 0.5764093780517578 0.0105706787109375 0.013872299194335937
2 0.03582763671875 0.5787842178344726 0.010570068359375 0.013871841430664063
2 0.02907745361328125 0.5812845611572266 0.0105706787109375 0.013872299194335937
2 0.01595245361328125 0.5876595306396485 0.0105706787109375 0.013872299194335937
2 0.07295257568359376 0.5225342178344726 0.010570068359375 0.013871841430664063
2 0.06657745361328125 0.5255344390869141 0.0105706787109375 0.013872299194335937
2 0.060577392578125 0.528034439086914 0.0105706787109375 0.013872299194335937
2 0.05420257568359375 0.5312843704223633 0.010570068359375 0.013871841430664063
2 0.04795196533203125 0.5331593704223633 0.010570068359375 0.013871841430664063
2 0.04032745361328125 0.5350344848632812 0.0105706787109375 0.013872299194335937
2 0.02232757568359375 0.5444093704223633 0.010570068359375 0.013871841430664063
2 0.01545257568359375 0.5471593856811523 0.0105706787109375 0.013872222900390625
2 0.010078125 0.549659194946289 0.0105706787109375 0.013872299194335937
2 0.10817718505859375 0.42577880859375 0.013690185546875 0.010442047119140626
2 0.13405181884765624 0.48315399169921874 0.013690185546875 0.010442047119140626
2 0.142677001953125 0.5105288314819336 0.013690185546875 0.010442276000976563
2 0.1315521240234375 0.47677886962890625 0.013690185546875 0.010442047119140626
2 0.125802001953125 0.46565391540527346 0.013690185546875 0.010442276000976563
2 0.1163018798828125 0.44440383911132814 0.013690185546875 0.010442047119140626
5 0.556812744140625 0.17406240463256836 0.021634521484375 0.013375015258789062
5 0.5780001831054687 0.17925003051757812 0.012413330078125 0.01
5 0.5687603759765625 0.20590023040771485 0.0155816650390625 0.010300865173339844
5 0.578062744140625 0.2090626335144043 0.0346795654296875 0.019375
5 0.6522137451171875 0.16767311096191406 0.016572265625 0.01190380096435547
5 0.63949951171875 0.13112518310546875 0.0140789794921875 0.02375
2 0.7024371337890625 0.1561876106262207 0.0140045166015625 0.010875015258789063
2 0.6985000610351563 0.14937497138977052 0.013077392578125 0.009750003814697266
2 0.67117919921875 0.08036949157714844 0.013892822265625 0.009261016845703124
2 0.6895626831054688 0.05456268787384033 0.0087835693359375 0.011875
5 0.5673126220703125 0.1993124580383301 0.021634521484375 0.013375015258789062
5 0.565562744140625 0.19306264877319335 0.021634521484375 0.013375015258789062
5 0.5626876831054688 0.18743749618530273 0.021634521484375 0.013375015258789062
5 0.5604373168945312 0.1799376106262207 0.021634521484375 0.013375015258789062
2 0.6951251220703125 0.14175000190734863 0.013077392578125 0.009750003814697266
2 0.692125244140625 0.133999605178833 0.013077392578125 0.009750003814697266
2 0.689375 0.12649991035461425 0.013077392578125 0.009750003814697266
2 0.6856246948242187 0.12100018501281738 0.013077392578125 0.009750003814697266
2 0.6835000610351563 0.11549969673156739 0.013077392578125 0.009750003814697266
2 0.682374267578125 0.10949994087219238 0.013077392578125 0.009750003814697266
2 0.6789996337890625 0.10225003242492675 0.013077392578125 0.009750003814697266
2 0.6763751220703125 0.09474987983703613 0.013077392578125 0.009750003814697266
2 0.6738754272460937 0.0874999713897705 0.013077392578125 0.009750003814697266
2 0.6687496948242188 0.075750093460083 0.013077392578125 0.009750003814697266
2 0.6668124389648438 0.06868764400482177 0.0150286865234375 0.011125001907348633
2 0.6623745727539062 0.06262524604797363 0.013077392578125 0.009750003814697266
2 0.826875 0.016875274181365967 0.013077392578125 0.009749999046325683
2 0.6503750610351563 0.03299984693527222 0.013077392578125 0.009749999046325683
2 0.6563125610351562 0.04743734359741211 0.0150286865234375 0.011125001907348633
2 0.6553125 0.03868750095367432 0.015028076171875 0.011125001907348633
2 0.6588116455078125 0.05468755722045898 0.0150286865234375 0.011125001907348633
2 0.668187255859375 0.015312652587890625 0.0087835693359375 0.011875
2 0.7676876831054688 0.0075625616312026975 0.0087835693359375 0.011875001192092895
2 0.7603125 0.009437460228800773 0.0087841796875 0.011875409185886383
2 0.747437744140625 0.014687397480010987 0.0087835693359375 0.011875100135803222
2 0.7415618896484375 0.019687399864196778 0.0087841796875 0.011875410079956055
2 0.7350628662109375 0.0219375616312027 0.0087835693359375 0.011874998807907105
2 0.7261874389648437 0.025062458217144014 0.0087835693359375 0.011875101327896119
2 0.7046875 0.04631246089935303 0.0087841796875 0.01187540054321289
2 0.6965625 0.050312552452087406 0.0087841796875 0.01187540054321289
2 0.710562744140625 0.08306248426437378 0.0087835693359375 0.011875100135803222
2 0.7033135986328125 0.08518753051757813 0.0087835693359375 0.011874980926513672
2 0.7783132934570313 0.06718750953674317 0.0087835693359375 0.011875
2 0.7528128051757812 0.06093739986419678 0.0087841796875 0.01187540054321289
2 0.7461874389648437 0.06518773555755615 0.0087835693359375 0.011875095367431641
2 0.7403131103515626 0.06881261348724366 0.0087841796875 0.01187540054321289
2 0.7583126831054687 0.07406250953674316 0.0087835693359375 0.011875
2 0.7521878051757812 0.07806218385696412 0.0087841796875 0.011875395774841308
2 0.7469384765625 0.08081223607063294 0.0087835693359375 0.011875
2 0.74143798828125 0.08506240963935852 0.0087835693359375 0.011874995231628417
2 0.7339382934570312 0.12381271362304687 0.0087835693359375 0.011875
2 0.7385626220703125 0.21656234741210936 0.0087835693359375 0.011875
2 0.6863125610351563 0.2989375305175781 0.0087835693359375 0.011875
2 0.67706298828125 0.3048126220703125 0.0087835693359375 0.011875
2 0.6700631713867188 0.30618728637695314 0.0087835693359375 0.011875
2 0.663812255859375 0.3075625610351562 0.0087835693359375 0.011875
2 0.7883126831054688 0.2595623779296875 0.0087835693359375 0.011875
2 0.7779373168945313 0.2640623474121094 0.0087835693359375 0.011875
2 0.8721875 0.22431234359741212 0.0087841796875 0.011875457763671875
2 0.8775625610351563 0.2190625 0.0087835693359375 0.011875
2 0.8223748779296876 0.009624908566474915 0.013077392578125 0.009750000238418578
2 0.9014996337890625 0.2059998893737793 0.013077392578125 0.009750022888183593
2 0.8979998779296875 0.19850004196166993 0.013077392578125 0.009750022888183593
2 0.8921249389648438 0.18387495040893553 0.013077392578125 0.009750022888183593
2 0.8892495727539063 0.17824979782104491 0.013077392578125 0.009750022888183593
2 0.8874993896484376 0.1709998893737793 0.013077392578125 0.009750022888183593
2 0.8832498168945313 0.158250093460083 0.013077392578125 0.009750003814697266
2 0.8804998779296875 0.15237500190734862 0.013077392578125 0.009750003814697266
2 0.8775 0.14649975776672364 0.013077392578125 0.009750003814697266
2 0.8749993896484375 0.14075009346008302 0.013077392578125 0.009750003814697266
2 0.8743746948242187 0.13437527656555176 0.013077392578125 0.009750003814697266
2 0.8685000610351562 0.1224999713897705 0.013077392578125 0.009750003814697266
2 0.8642498779296875 0.11312481880187988 0.013077392578125 0.009750003814697266
2 0.8618743896484375 0.105125093460083 0.013077392578125 0.009750003814697266
2 0.8581243896484375 0.09662503242492676 0.013077392578125 0.009750003814697266
2 0.8551251220703125 0.08962521553039551 0.013077392578125 0.009750003814697266
2 0.850625 0.08362500309944153 0.013077392578125 0.009749999046325683
2 0.8492498779296875 0.07712506294250489 0.013077392578125 0.009750003814697266
2 0.8382498168945313 0.050625123977661134 0.013077392578125 0.009750003814697266
2 0.836875 0.042125067710876464 0.013077392578125 0.009750003814697266
2 0.8325006103515625 0.03574993848800659 0.013077392578125 0.009749999046325683
2 0.8296246337890625 0.029374969005584717 0.013077392578125 0.009749999046325683
2 0.839249267578125 0.05737515449523926 0.013077392578125 0.009750003814697266
2 0.48330322265625 0.25536569595336917 0.015643310546875 0.01101856231689453
2 0.5900985717773437 0.14681914329528808 0.0129345703125 0.015815353393554686
2 0.79615966796875 0.1623891067504883 0.01412109375 0.019386978149414064
