2 0.01493743896484375 0.26893722534179687 0.005625 0.0114959716796875
2 0.01829010009765625 0.2303375244140625 0.00717010498046875 0.01182586669921875
1 0.3824969482421875 0.17832260131835936 0.02972869873046875 0.018365478515625
1 0.4943717956542969 0.14451171875 0.02615478515625 0.0309466552734375
0 0.8321336364746094 0.18380645751953126 0.03200103759765625 0.02744354248046875
2 0.0846478271484375 0.16803695678710937 0.0098992919921875 0.00621185302734375
2 0.08515106201171875 0.16216445922851563 0.0098992919921875 0.0062115478515625
2 0.08235000610351563 0.1908538818359375 0.0094610595703125 0.00521331787109375
2 0.08364105224609375 0.19706375122070313 0.0098992919921875 0.006212158203125
2 0.08330551147460938 0.20880859375 0.0098992919921875 0.0062115478515625
2 0.08302108764648437 0.1770953369140625 0.00946075439453125 0.00521331787109375
2 0.08402786254882813 0.15545120239257812 0.0094610595703125 0.00521331787109375
2 0.11003463745117187 0.3247465515136719 0.0094610595703125 0.0052130126953125
2 0.2892291259765625 0.1973974609375 0.00946075439453125 0.00521331787109375
2 0.22899429321289064 0.19404159545898436 0.0094610595703125 0.00521331787109375
2 0.3106475830078125 0.32509552001953124 0.011053466796875 0.005025634765625
2 0.30985260009765625 0.31857498168945314 0.011053466796875 0.005025634765625
2 0.30985260009765625 0.33034347534179687 0.011053466796875 0.005025634765625
2 0.96474853515625 0.3571086120605469 0.014190673828125 0.00744720458984375
2 0.9667208862304687 0.366434326171875 0.0141900634765625 0.00744720458984375
2 0.9609823608398438 0.4057098388671875 0.0141900634765625 0.00744720458984375
2 0.993602294921875 0.4962890625 0.0124359130859375 0.01459625244140625
