2 0.542762451171875 0.46451148986816404 0.013790283203125 0.013790435791015625
2 0.547950439453125 0.471217041015625 0.01379150390625 0.01379119873046875
2 0.554403076171875 0.47539276123046875 0.013790283203125 0.01379058837890625
2 0.559464111328125 0.48007354736328123 0.01379150390625 0.0137908935546875
2 0.565157470703125 0.4876646423339844 0.01379150390625 0.0137908935546875
2 0.574520263671875 0.49462295532226563 0.013790283203125 0.013790283203125
2 0.5898284912109375 0.5115765380859375 0.01379150390625 0.01379119873046875
2 0.5945098876953125 0.516004638671875 0.013790283203125 0.01379058837890625
2 0.60032958984375 0.5205596923828125 0.01379150390625 0.01379119873046875
2 0.608172607421875 0.5299214172363281 0.013790283203125 0.01379058837890625
2 0.58337646484375 0.5047447204589843 0.013790283203125 0.01379058837890625
2 0.6182952880859375 0.5401698303222656 0.013790283203125 0.01379058837890625
2 0.62335693359375 0.5444712829589844 0.013790283203125 0.01379058837890625
2 0.6315789794921876 0.5500375366210938 0.01379150390625 0.01379119873046875
2 0.6362615966796875 0.55623779296875 0.013790283203125 0.01379058837890625
2 0.644610595703125 0.5655998229980469 0.013790283203125 0.01379058837890625
2 0.649798583984375 0.5705342102050781 0.013790283203125 0.013790283203125
2 0.653973388671875 0.5736968994140625 0.013790283203125 0.0137908935546875
2 0.65840087890625 0.5787576293945312 0.013790283203125 0.0137908935546875
2 0.62272216796875 0.5886260986328125 0.013790283203125 0.0137908935546875
2 0.6079205322265625 0.5742030334472656 0.013790283203125 0.01379058837890625
2 0.5975469970703124 0.5647145080566406 0.013790283203125 0.013790283203125
2 0.593623046875 0.5600323486328125 0.013790283203125 0.01379058837890625
2 0.5867913818359375 0.5583882141113281 0.013790283203125 0.01379058837890625
2 0.5779351806640625 0.5466221618652344 0.01379150390625 0.01379119873046875
2 0.5745196533203125 0.5421940612792969 0.013790283203125 0.01379058837890625
2 0.57034423828125 0.5361209106445313 0.013790283203125 0.0137908935546875
2 0.56629638671875 0.5325788879394531 0.013790283203125 0.01379058837890625
2 0.5597174072265625 0.5468751525878907 0.013790283203125 0.01379058837890625
2 0.5637646484375 0.5523152160644531 0.013790283203125 0.0137908935546875
2 0.5678143310546875 0.5564903259277344 0.01379150390625 0.01379119873046875
2 0.5719891357421875 0.5616775512695312 0.013790283203125 0.01379058837890625
2 0.582236328125 0.5710397338867188 0.013790283203125 0.0137908935546875
2 0.5875506591796875 0.5754682922363281 0.01379150390625 0.0137908935546875
2 0.5940032958984375 0.5783784484863281 0.013790283203125 0.01379058837890625
2 0.5972930908203125 0.5823001098632813 0.01379150390625 0.01379119873046875
2 0.603746337890625 0.5882463073730468 0.013790283203125 0.01379058837890625
2 0.6083001708984375 0.5930548095703125 0.01379150390625 0.01379119873046875
2 0.6123480224609374 0.5968495178222656 0.013790283203125 0.01379058837890625
2 0.5137908935546875 0.5301748657226563 0.013790283203125 0.01379058837890625
2 0.494813232421875 0.550037841796875 0.013790283203125 0.01379058837890625
2 0.4978497314453125 0.5600328063964843 0.013790283203125 0.01379058837890625
2 0.488359375 0.5685096740722656 0.013790283203125 0.01379058837890625
2 0.47950439453125 0.5774920654296875 0.013790283203125 0.01379058837890625
2 0.4705218505859375 0.5847039794921876 0.01379150390625 0.0137908935546875
2 0.4615399169921875 0.5526947021484375 0.013790283203125 0.013790283203125
2 0.4514178466796875 0.5634487915039063 0.013790283203125 0.01379058837890625
2 0.4405364990234375 0.5721788024902343 0.01379150390625 0.0137908935546875
2 0.4309210205078125 0.5817941284179687 0.01379150390625 0.01379119873046875
2 0.42143310546875 0.5915361022949219 0.013790283203125 0.01379058837890625
2 0.413336181640625 0.6000129699707031 0.01379150390625 0.01379119873046875
2 0.40422607421875 0.609122314453125 0.013790283203125 0.01379058837890625
2 0.452049560546875 0.6045674133300781 0.01379150390625 0.01379119873046875
2 0.44256103515625 0.61228515625 0.013790283203125 0.01379058837890625
2 0.4328192138671875 0.6235453796386718 0.013790283203125 0.01379058837890625
2 0.42257080078125 0.6327806091308594 0.01379150390625 0.01379119873046875
2 0.4138421630859375 0.6418902587890625 0.013790283203125 0.01379058837890625
2 0.4458502197265625 0.6503666687011719 0.01379150390625 0.01379119873046875
2 0.4857049560546875 0.6669410705566406 0.013790283203125 0.013790283203125
2 0.46849853515625 0.4764430236816406 0.012996826171875 0.01361480712890625
2 0.3323046875 0.6710545349121094 0.011859130859375 0.012142333984375
2 0.3040338134765625 0.6445057678222657 0.01143310546875 0.0120123291015625
2 0.669083251953125 0.6204718017578125 0.014666748046875 0.01405731201171875
2 0.6614581298828125 0.6309718322753907 0.014666748046875 0.01405731201171875
2 0.633553466796875 0.6665232849121093 0.014356689453125 0.0137030029296875
2 0.6380535888671875 0.661148681640625 0.014356689453125 0.01370330810546875
2 0.643553466796875 0.6551484680175781 0.014356689453125 0.01370269775390625
2 0.62892822265625 0.67202392578125 0.014356689453125 0.01370269775390625
2 0.6240533447265625 0.676773681640625 0.014356689453125 0.0137030029296875
2 0.618553466796875 0.683648681640625 0.014356689453125 0.0137030029296875
2 0.6144281005859376 0.6893988037109375 0.014356689453125 0.01370269775390625
2 0.599178466796875 0.7061483764648437 0.014356689453125 0.0137030029296875
2 0.5898126220703125 0.7160003662109375 0.014091796875 0.01375
2 0.579813232421875 0.7273747253417969 0.014091796875 0.01375
2 0.575687255859375 0.7325004577636719 0.014091796875 0.01375
2 0.570687255859375 0.73625 0.014091796875 0.01375
2 0.530687255859375 0.7720619201660156 0.0143701171875 0.01512481689453125
2 0.521207275390625 0.7824209594726562 0.0108349609375 0.01140838623046875
2 0.5150823974609375 0.7869210815429688 0.0108349609375 0.01140838623046875
2 0.511695556640625 0.7906974792480469 0.010858154296875 0.011396484375
2 0.506070556640625 0.7944476318359375 0.010858154296875 0.011396484375
2 0.5002081298828125 0.7995458984375 0.0108349609375 0.01140869140625
2 0.42206298828125 0.8160629272460938 0.0144873046875 0.01487518310546875
2 0.4124365234375 0.804437255859375 0.014486083984375 0.01487518310546875
2 0.40518798828125 0.7985621643066406 0.0144873046875 0.01487518310546875
2 0.400438232421875 0.7941876220703125 0.0144873046875 0.01487548828125
2 0.38981201171875 0.7813127136230469 0.014486083984375 0.01487518310546875
2 0.37981201171875 0.7750627136230469 0.014486083984375 0.01487518310546875
2 0.37581298828125 0.7686878967285157 0.0144873046875 0.01487518310546875
2 0.3646881103515625 0.7581875610351563 0.0144873046875 0.01487548828125
2 0.3584375 0.755562744140625 0.0144873046875 0.01487518310546875
2 0.35393798828125 0.7456875610351562 0.0144873046875 0.0148748779296875
2 0.340062255859375 0.7356875610351562 0.0144873046875 0.0148748779296875
2 0.280062255859375 0.7156875610351563 0.0144873046875 0.0148748779296875
2 0.284561767578125 0.7214375305175781 0.0144873046875 0.0148748779296875
2 0.316937255859375 0.7539376831054687 0.0144873046875 0.0148748779296875
2 0.32268798828125 0.7593122863769531 0.0144873046875 0.01487518310546875
2 0.3371875 0.7763127136230469 0.0144873046875 0.01487548828125
2 0.3541864013671875 0.7938125610351563 0.014486083984375 0.01487518310546875
2 0.361937255859375 0.8008126831054687 0.0144873046875 0.0148748779296875
2 0.3743115234375 0.8119371032714844 0.014486083984375 0.01487518310546875
2 0.3811871337890625 0.8188124084472657 0.014486083984375 0.01487518310546875
2 0.3903131103515625 0.8294378662109375 0.0144873046875 0.01487548828125
2 0.39481201171875 0.8351876831054688 0.014486083984375 0.01487518310546875
2 0.40043701171875 0.8403125 0.014486083984375 0.0148748779296875
2 0.3903131103515625 0.852437744140625 0.0144873046875 0.01487518310546875
2 0.38356201171875 0.8464375305175781 0.014486083984375 0.01487518310546875
2 0.3800628662109375 0.8400624084472657 0.0144873046875 0.0148748779296875
2 0.37518798828125 0.8343125915527344 0.0144873046875 0.01487518310546875
2 0.370062255859375 0.8296871948242187 0.0144873046875 0.0148748779296875
2 0.36393798828125 0.8224378967285156 0.0144873046875 0.01487518310546875
2 0.3576873779296875 0.8175628662109375 0.0144873046875 0.0148748779296875
2 0.346937255859375 0.8068125915527343 0.0144873046875 0.01487518310546875
2 0.33918701171875 0.7988127136230468 0.014486083984375 0.01487518310546875
2 0.33581298828125 0.7936882019042969 0.0144873046875 0.01487518310546875
2 0.3274383544921875 0.7879374694824218 0.0144873046875 0.01487548828125
2 0.3190625 0.7769374084472657 0.0144873046875 0.01487548828125
2 0.308187255859375 0.7656875610351562 0.0144873046875 0.0148748779296875
2 0.3026873779296875 0.7606875610351562 0.0144873046875 0.0148748779296875
2 0.2980633544921875 0.7535621643066406 0.0144873046875 0.01487548828125
2 0.28418701171875 0.7446878051757813 0.014486083984375 0.0148748779296875
2 0.28043701171875 0.7378126525878906 0.014486083984375 0.0148748779296875
2 0.274813232421875 0.7330624389648438 0.0144873046875 0.01487548828125
2 0.2700634765625 0.7274374389648437 0.0144873046875 0.01487518310546875
2 0.243687744140625 0.7671875 0.014486083984375 0.0148748779296875
2 0.29231201171875 0.8146876525878907 0.014486083984375 0.0148748779296875
2 0.327313232421875 0.8266874694824219 0.0144873046875 0.01487548828125
2 0.33331298828125 0.8330630493164063 0.0144873046875 0.01487518310546875
2 0.3411859130859375 0.858812255859375 0.014486083984375 0.01487518310546875
2 0.34581298828125 0.8641876220703125 0.0144873046875 0.01487518310546875
2 0.3518115234375 0.8683128356933594 0.014486083984375 0.01487518310546875
2 0.3551873779296875 0.8733120727539062 0.0144873046875 0.0148748779296875
2 0.360562744140625 0.8785623168945312 0.0144873046875 0.01487548828125
2 0.3358123779296875 0.9009375 0.0144873046875 0.0148748779296875
2 0.316187744140625 0.9010624694824219 0.0144873046875 0.01487548828125
2 0.3100634765625 0.8955628967285156 0.0144873046875 0.01487518310546875
2 0.31643798828125 0.8815629577636719 0.0144873046875 0.0148748779296875
2 0.3100634765625 0.8766876220703125 0.0144873046875 0.01487518310546875
2 0.27918701171875 0.8626872253417969 0.014486083984375 0.01487518310546875
2 0.27418701171875 0.8576873779296875 0.014486083984375 0.01487518310546875
2 0.2699365234375 0.8526872253417969 0.014486083984375 0.01487518310546875
2 0.262813720703125 0.8265625 0.0144873046875 0.01487548828125
2 0.23793701171875 0.8200627136230468 0.014486083984375 0.01487518310546875
2 0.227562255859375 0.8079377746582032 0.0144873046875 0.01487518310546875
2 0.1793133544921875 0.8116874694824219 0.0144873046875 0.01487548828125
2 0.18456298828125 0.8153125 0.0144873046875 0.0148748779296875
2 0.194561767578125 0.8258123779296875 0.0144873046875 0.0148748779296875
2 0.2118115234375 0.8451873779296875 0.014486083984375 0.01487518310546875
2 0.2245623779296875 0.8550624084472657 0.0144873046875 0.0148748779296875
2 0.23706298828125 0.8834376525878906 0.0144873046875 0.0148748779296875
2 0.25831298828125 0.8835630798339844 0.0144873046875 0.01487518310546875
2 0.2665625 0.893687744140625 0.0144873046875 0.01487518310546875
2 0.2974365234375 0.9233122253417969 0.014486083984375 0.01487518310546875
2 0.28706298828125 0.9336874389648437 0.0144873046875 0.01487518310546875
2 0.3028131103515625 0.9280628967285156 0.0144873046875 0.01487518310546875
2 0.283187255859375 0.9295625305175781 0.0144873046875 0.0148748779296875
2 0.2779376220703125 0.9229373168945313 0.0144873046875 0.01487548828125
2 0.27206298828125 0.9185627746582031 0.0144873046875 0.01487518310546875
2 0.2680615234375 0.9144378662109375 0.014486083984375 0.01487518310546875
2 0.2624365234375 0.9094374084472656 0.014486083984375 0.01487518310546875
2 0.2571875 0.9056875610351562 0.0144873046875 0.01487548828125
2 0.2480615234375 0.8939372253417969 0.014486083984375 0.01487518310546875
2 0.15106201171875 0.8515626525878907 0.014486083984375 0.0148748779296875
2 0.160687255859375 0.8599374389648438 0.0144873046875 0.01487518310546875
2 0.188438720703125 0.874937744140625 0.0144873046875 0.01487518310546875
2 0.22268798828125 0.9066876220703125 0.0144873046875 0.01487518310546875
2 0.20731201171875 0.893187255859375 0.014486083984375 0.01487518310546875
2 0.2325628662109375 0.9181871032714843 0.0144873046875 0.0148748779296875
2 0.2284381103515625 0.9126873779296875 0.0144873046875 0.01487548828125
2 0.2370623779296875 0.9233125305175781 0.0144873046875 0.0148748779296875
2 0.2430633544921875 0.92793701171875 0.0144873046875 0.01487548828125
2 0.212562255859375 0.8970623779296875 0.0144873046875 0.0148748779296875
2 0.204813232421875 0.908687744140625 0.0144873046875 0.01487548828125
2 0.209813232421875 0.914937744140625 0.0144873046875 0.01487548828125
2 0.2140631103515625 0.9194378662109375 0.0144873046875 0.01487548828125
2 0.21856201171875 0.9228125 0.014486083984375 0.0148748779296875
2 0.222938232421875 0.9274375915527344 0.0144873046875 0.01487548828125
2 0.22643798828125 0.9328128051757812 0.0144873046875 0.0148748779296875
2 0.2334375 0.9373126220703125 0.0144873046875 0.01487518310546875
2 0.24268798828125 0.9466877746582031 0.0144873046875 0.01487518310546875
2 0.2439373779296875 0.9550624084472656 0.0144873046875 0.0148748779296875
2 0.2555633544921875 0.9449374389648437 0.0144873046875 0.01487548828125
2 0.2521875 0.9566876220703125 0.0144873046875 0.01487518310546875
2 0.254437255859375 0.9633122253417968 0.0144873046875 0.0148748779296875
2 0.2641864013671875 0.9544375610351562 0.014486083984375 0.01487518310546875
2 0.2690631103515625 0.9600628662109375 0.0144873046875 0.01487548828125
2 0.204437255859375 0.9750625610351562 0.0144873046875 0.0148748779296875
2 0.1986865234375 0.9700621032714843 0.014486083984375 0.01487518310546875
2 0.1893133544921875 0.9378121948242187 0.014486083984375 0.0148748779296875
2 0.1850628662109375 0.9331875610351562 0.0144873046875 0.0148748779296875
2 0.17918701171875 0.927562255859375 0.014486083984375 0.01487518310546875
2 0.1630621337890625 0.9351873779296875 0.014486083984375 0.01487518310546875
2 0.155562744140625 0.9249372863769532 0.0144873046875 0.01487548828125
2 0.1511865234375 0.9189373779296875 0.014486083984375 0.01487518310546875
2 0.14518798828125 0.912437744140625 0.0144873046875 0.01487518310546875
2 0.1418133544921875 0.9074372863769531 0.0144873046875 0.01487548828125
2 0.1636883544921875 0.9124374389648438 0.0144873046875 0.01487548828125
2 0.11531303405761718 0.9391879272460938 0.01448638916015625 0.01487518310546875
2 0.1278125 0.9493122863769531 0.0144873046875 0.01487518310546875
2 0.133187255859375 0.9549375915527344 0.0144873046875 0.01487518310546875
2 0.1371875 0.9611882019042969 0.0144873046875 0.01487518310546875
2 0.1430621337890625 0.9644374084472657 0.014486083984375 0.01487518310546875
2 0.154312744140625 0.9759376525878907 0.014486083984375 0.0148748779296875
2 0.1601873779296875 0.9831875610351563 0.0144873046875 0.0148748779296875
2 0.1661883544921875 0.9879376220703125 0.0144873046875 0.01487548828125
2 0.17768798828125 0.9948126220703125 0.0144873046875 0.01487518310546875
2 0.08943817138671875 0.9613125610351563 0.0144866943359375 0.01487518310546875
2 0.08431304931640625 0.9549371337890625 0.0144866943359375 0.01487518310546875
2 0.07643798828125 0.9466874694824219 0.0144873046875 0.0148748779296875
2 0.07031280517578126 0.9406877136230469 0.0144866943359375 0.01487518310546875
2 0.06568756103515624 0.935562744140625 0.0144866943359375 0.01487518310546875
2 0.06106292724609375 0.9306878662109375 0.0144866943359375 0.0148748779296875
2 0.0551873779296875 0.9246875 0.0144866943359375 0.0148748779296875
2 0.0565618896484375 0.9909373474121094 0.0144866943359375 0.0148748779296875
2 0.4371258544921875 0.8528746032714843 0.015 0.01499969482421875
2 0.4278753662109375 0.86362548828125 0.015 0.01500030517578125
2 0.4216253662109375 0.8687503051757812 0.015 0.015
2 0.40737548828125 0.8806253051757813 0.015 0.015
2 0.3938751220703125 0.890625 0.015 0.015
2 0.388499755859375 0.8960000610351563 0.015 0.01500030517578125
2 0.37425048828125 0.9063749694824219 0.015 0.01500030517578125
2 0.178499755859375 0.7686248779296875 0.015 0.01500030517578125
2 0.34675048828125 0.9292497253417968 0.015 0.01500030517578125
2 0.336500244140625 0.9382501220703126 0.015 0.015
2 0.3301251220703125 0.9434996032714844 0.015 0.01499969482421875
2 0.3251251220703125 0.9506251525878906 0.015 0.015
2 0.31425048828125 0.9576249694824219 0.015 0.01500030517578125
2 0.3090008544921875 0.9641252136230469 0.015 0.01499969482421875
2 0.302125244140625 0.9704998779296875 0.015 0.01499969482421875
2 0.2937506103515625 0.9758750915527343 0.015 0.01499969482421875
2 0.288375244140625 0.9824998474121094 0.015 0.015
2 0.0935009765625 0.8573753356933593 0.015 0.015
2 0.08699951171875 0.8636248779296875 0.015 0.01499969482421875
2 0.0758746337890625 0.8750001525878907 0.015 0.015
2 0.0270001220703125 0.9247499084472657 0.015 0.01499969482421875
2 0.02199981689453125 0.9308747863769531 0.015 0.01499969482421875
