0 0.2134735107421875 0.7524459838867188 0.0442926025390625 0.03569580078125
0 0.27163421630859375 0.7494869995117187 0.03792724609375 0.034188232421875
0 0.32958740234375 0.7475582885742188 0.0394305419921875 0.0374847412109375
0 0.2429949951171875 0.7871817016601562 0.0389520263671875 0.032801513671875
0 0.299307861328125 0.7878994750976562 0.040633544921875 0.0347344970703125
0 0.41658111572265627 0.6148110961914063 0.0417022705078125 0.035059814453125
0 0.47047271728515627 0.6154360961914063 0.045897216796875 0.0372705078125
1 0.19897613525390626 0.8777911376953125 0.031044921875 0.0522412109375
0 0.9173565673828125 0.7107879638671875 0.044814453125 0.03422607421875
2 0.419256591796875 0.8485470581054687 0.0371624755859375 0.013192138671875
2 0.4320391845703125 0.86951171875 0.041326904296875 0.0125372314453125
