5 0.7736959838867188 0.17956085205078126 0.017149658203125 0.038804931640625
5 0.799132080078125 0.1865460205078125 0.016497802734375 0.0380438232421875
5 0.9767169189453125 0.13291259765625 0.0173382568359375 0.0381658935546875
5 0.84280029296875 0.20028350830078126 0.0364080810546875 0.0290618896484375
5 0.2078485107421875 0.4961248779296875 0.0080963134765625 0.021612548828125
5 0.21802337646484374 0.50364501953125 0.0084686279296875 0.03737548828125
5 0.2904522705078125 0.5030819702148438 0.0082025146484375 0.028699951171875
5 0.323179931640625 0.506109619140625 0.0077099609375 0.03728515625
5 0.3327825927734375 0.5056231689453125 0.0077032470703125 0.036817626953125
5 0.44824310302734377 0.5090170288085938 0.007337646484375 0.037537841796875
5 0.5233193969726563 0.45233062744140623 0.02531005859375 0.0361474609375
5 0.5307757568359375 0.456185302734375 0.024444580078125 0.03677978515625
5 0.6077325439453125 0.5013592529296875 0.039403076171875 0.0167059326171875
5 0.5383413696289062 0.20264862060546876 0.007294921875 0.0309710693359375
5 0.010257110595703126 0.5878909301757812 0.01649078369140625 0.038355712890625
2 0.08747161865234375 0.009437713623046875 0.00633056640625 0.012916259765625
