0 0.022312469482421875 0.9963749694824219 0.02087493896484375 0.01399993896484375
2 0.3810554504394531 0.2775163459777832 0.01053436279296875 0.01743114471435547
2 0.4425074768066406 0.018457701504230498 0.0109197998046875 0.016343806982040406
1 0.6288807678222657 0.7449391174316407 0.03361358642578125 0.033323974609375
1 0.6812835693359375 0.757275619506836 0.03365997314453125 0.04033065795898438
1 0.7296952819824218 0.7481112670898438 0.035230712890625 0.04186431884765625
2 0.03689651489257813 0.8686206817626954 0.009713134765625 0.00586212158203125
2 0.02664031982421875 0.7761952209472657 0.00534027099609375 0.01170074462890625
2 0.04016204833984375 0.8322310638427735 0.01209014892578125 0.00657257080078125
2 0.04016189575195313 0.826024169921875 0.01209014892578125 0.00657257080078125
2 0.0402056884765625 0.8199188232421875 0.01213531494140625 0.006714019775390625
2 0.04106765747070312 0.8137119293212891 0.01213531494140625 0.006714019775390625
2 0.042230987548828126 0.8080931091308594 0.01208984375 0.00657257080078125
2 0.04227462768554688 0.8014706420898438 0.01213531494140625 0.006714019775390625
2 0.041196441650390624 0.7956793212890625 0.01208984375 0.00657257080078125
2 0.04313674926757813 0.7897464752197265 0.01213531494140625 0.00671417236328125
2 0.03970291137695312 0.8388096618652344 0.01319854736328125 0.006518707275390625
2 0.031123046875 0.7486090087890624 0.0053399658203125 0.01170074462890625
2 0.051640167236328124 0.7761951446533203 0.00534027099609375 0.01170074462890625
2 0.0571575927734375 0.7749882507324218 0.00534027099609375 0.01170074462890625
2 0.06319198608398438 0.7749882507324218 0.00534027099609375 0.01170074462890625
2 0.061640167236328126 0.7474021148681641 0.00534027099609375 0.011700897216796876
2 0.04215728759765625 0.7479193878173828 0.00534027099609375 0.011700897216796876
2 0.0674615478515625 0.8374303436279297 0.01319854736328125 0.006518707275390625
2 0.06694412231445312 0.8429475402832032 0.01319854736328125 0.00651885986328125
2 0.0193988037109375 0.7498159027099609 0.00534027099609375 0.011700897216796876
2 0.014053955078125 0.7494710540771484 0.00534027099609375 0.011700897216796876
2 0.067978515625 0.8307061004638672 0.0131988525390625 0.00651885986328125
2 0.067978515625 0.8244992828369141 0.0131988525390625 0.00651885986328125
2 0.06953033447265625 0.8184647369384765 0.0131988525390625 0.00651885986328125
2 0.07474136352539062 0.8090518188476562 0.00926361083984375 0.01017242431640625
2 0.0792242431640625 0.8064655303955078 0.0092633056640625 0.01017242431640625
2 0.08456893920898438 0.8016380310058594 0.00926361083984375 0.01017242431640625
2 0.09491378784179688 0.7945689392089844 0.00926361083984375 0.01017242431640625
2 0.10008636474609375 0.7907756805419922 0.00926361083984375 0.01017242431640625
2 0.4646455383300781 0.39494232177734373 0.01291229248046875 0.0062359619140625
2 0.4658894348144531 0.3677764129638672 0.01391082763671875 0.006695709228515625
2 0.51303955078125 0.4577507019042969 0.00668243408203125 0.012084884643554688
2 0.5399790954589844 0.45861278533935546 0.00668243408203125 0.012084884643554688
2 0.5182118225097656 0.4308110427856445 0.00668243408203125 0.012084884643554688
2 0.5182119750976563 0.41895763397216795 0.00668243408203125 0.012084884643554688
2 0.5018325805664062 0.41981967926025393 0.00668212890625 0.012084884643554688
2 0.5078672790527343 0.41981964111328124 0.00668212890625 0.012084884643554688
2 0.49709136962890627 0.39331104278564455 0.00668243408203125 0.012084884643554688
2 0.482220458984375 0.4562420654296875 0.00668243408203125 0.012084808349609375
2 0.4748927307128906 0.4571041488647461 0.00668243408203125 0.012084808349609375
2 0.49084136962890623 0.4566731262207031 0.00668212890625 0.012084884643554688
2 0.5240309143066406 0.4331817626953125 0.00668243408203125 0.012084884643554688
2 0.5289877319335937 0.4338283157348633 0.00668243408203125 0.012084884643554688
2 0.534591064453125 0.43318172454833986 0.00668243408203125 0.012084884643554688
2 0.5348065185546875 0.4202506637573242 0.00668243408203125 0.012084808349609375
2 0.5455827331542968 0.41981964111328124 0.00668212890625 0.012084884643554688
2 0.53653076171875 0.39525074005126953 0.00668243408203125 0.012084884643554688
2 0.53653076171875 0.3831817245483398 0.00668243408203125 0.012084884643554688
2 0.5257553100585938 0.38231964111328126 0.00668212890625 0.012084884643554688
2 0.5307119750976562 0.39331104278564455 0.00668243408203125 0.012084884643554688
2 0.5029100036621094 0.3943886184692383 0.00668243408203125 0.012084884643554688
2 0.5044186401367188 0.3558110427856445 0.00668243408203125 0.012084884643554688
2 0.5449360656738281 0.43188865661621095 0.00668243408203125 0.012084884643554688
2 0.5167031860351563 0.3568885803222656 0.00668243408203125 0.012084884643554688
2 0.5856687927246094 0.4340438079833984 0.00668243408203125 0.012084884643554688
2 0.5677809143066406 0.4336127853393555 0.00668212890625 0.012084884643554688
2 0.5682118225097657 0.4221903610229492 0.00668243408203125 0.012084884643554688
2 0.557220458984375 0.41981967926025393 0.00668243408203125 0.012084884643554688
2 0.5470913696289063 0.3941731262207031 0.00668212890625 0.012084884643554688
2 0.5742465209960937 0.35731967926025393 0.00668212890625 0.012084884643554688
2 0.6136862182617188 0.3586128234863281 0.00668212890625 0.012084884643554688
2 0.6248928833007813 0.3599058532714844 0.00668243408203125 0.012084808349609375
2 0.6470912170410156 0.3605524444580078 0.00668243408203125 0.012084884643554688
2 0.6580825805664062 0.3588282775878906 0.00668243408203125 0.012084884643554688
2 0.7029100036621094 0.3870610427856445 0.00668243408203125 0.012084884643554688
2 0.7031257629394532 0.39848350524902343 0.00668212890625 0.012084884643554688
2 0.6964447021484375 0.39913002014160154 0.00668212890625 0.012084884643554688
2 0.6748927307128906 0.3989144515991211 0.00668243408203125 0.012084808349609375
2 0.6811427307128907 0.3993455123901367 0.00668243408203125 0.012084808349609375
2 0.6703671264648438 0.38727657318115233 0.00668212890625 0.012084884643554688
2 0.6729533386230468 0.43835418701171874 0.00668243408203125 0.012084884643554688
2 0.6393327331542968 0.43425933837890623 0.00668212890625 0.012084884643554688
2 0.6401947021484375 0.42326793670654295 0.00668243408203125 0.012084884643554688
2 0.59666015625 0.4329662322998047 0.00668212890625 0.012084884643554688
2 0.5858839416503906 0.4224058532714844 0.00668243408203125 0.012084808349609375
2 0.5807122802734375 0.4217593383789062 0.00668212890625 0.012084884643554688
2 0.5796340942382813 0.43318168640136717 0.00668243408203125 0.012084808349609375
2 0.5421342468261718 0.38167312622070315 0.00668243408203125 0.012084884643554688
2 0.5276947021484375 0.3562420654296875 0.00668243408203125 0.012084884643554688
2 0.5335134887695312 0.35710418701171875 0.00668243408203125 0.012084884643554688
2 0.46076629638671873 0.41110614776611326 0.01291259765625 0.0062360382080078125
2 0.46055084228515625 0.41692508697509767 0.01291229248046875 0.0062359619140625
2 0.4601197814941406 0.42317508697509765 0.01291229248046875 0.0062359619140625
2 0.49084121704101563 0.3922334289550781 0.00668212890625 0.012084884643554688
2 0.4843757629394531 0.35451793670654297 0.00668243408203125 0.012084884643554688
2 0.4776947021484375 0.35451793670654297 0.00668243408203125 0.012084884643554688
2 0.5535565185546875 0.39309547424316404 0.00668243408203125 0.012084808349609375
2 0.5973065185546875 0.3965437698364258 0.00668243408203125 0.012084808349609375
2 0.6136862182617188 0.3978369140625 0.00668212890625 0.012084884643554688
2 0.61454833984375 0.3853369140625 0.00668212890625 0.012084884643554688
2 0.6199359130859375 0.38555240631103516 0.00668243408203125 0.012084884643554688
2 0.6251083374023437 0.38641448974609377 0.00668243408203125 0.012084884643554688
2 0.6020480346679687 0.4344748306274414 0.00668243408203125 0.012084884643554688
2 0.6074360656738281 0.4351213836669922 0.00668243408203125 0.012084884643554688
2 0.61303955078125 0.43555244445800784 0.00668243408203125 0.012084884643554688
2 0.6177810668945313 0.43490589141845704 0.00668243408203125 0.012084884643554688
2 0.6024789428710937 0.4226213455200195 0.00668243408203125 0.012084808349609375
2 0.6082981872558594 0.4221903610229492 0.00668243408203125 0.012084884643554688
2 0.6139015197753906 0.4219748306274414 0.00668243408203125 0.012084884643554688
2 0.6199360656738281 0.4226213836669922 0.00668243408203125 0.012084884643554688
2 0.6248928833007813 0.4228369140625 0.00668243408203125 0.012084884643554688
2 0.5973066711425781 0.3842593002319336 0.00668243408203125 0.012084884643554688
2 0.6035565185546875 0.38469036102294923 0.00668243408203125 0.012084808349609375
2 0.6087287902832031 0.3844748306274414 0.00668243408203125 0.012084808349609375
2 0.6309274291992187 0.3859834671020508 0.00668212890625 0.012084884643554688
2 0.6417031860351563 0.38770763397216795 0.00668243408203125 0.012084884643554688
2 0.6473065185546875 0.3881386184692383 0.00668243408203125 0.012084808349609375
2 0.6529100036621094 0.3993455123901367 0.00668243408203125 0.012084884643554688
2 0.6473066711425781 0.40020759582519533 0.00668243408203125 0.012084808349609375
2 0.6514015197753906 0.43576793670654296 0.00668243408203125 0.012084884643554688
2 0.6621774291992187 0.42456104278564455 0.00668243408203125 0.012084884643554688
2 0.69041015625 0.42477657318115236 0.00668212890625 0.012084884643554688
2 0.6365309143066407 0.3588282775878906 0.00668243408203125 0.012084884643554688
2 0.6919187927246093 0.36098346710205076 0.00668212890625 0.012084884643554688
2 0.7035565185546875 0.36206104278564455 0.00668243408203125 0.012084808349609375
2 0.6238154602050782 0.4351213836669922 0.00668243408203125 0.012084884643554688
2 0.6292031860351562 0.4351213836669922 0.00668243408203125 0.012084884643554688
2 0.51928955078125 0.3943886184692383 0.00668243408203125 0.012084884643554688
2 0.65916015625 0.3989144897460937 0.00668243408203125 0.012084884643554688
2 0.6645481872558594 0.3989144897460937 0.00668243408203125 0.012084884643554688
2 0.659591064453125 0.3870610427856445 0.00668243408203125 0.012084884643554688
2 0.5570050048828125 0.4577507019042969 0.00668243408203125 0.012084884643554688
2 0.5511860656738281 0.4575351715087891 0.00668243408203125 0.012084884643554688
2 0.5455824279785156 0.46012142181396487 0.00668243408203125 0.012084884643554688
2 0.6576515197753906 0.43576793670654296 0.00668243408203125 0.012084884643554688
2 0.6636860656738282 0.43641445159912107 0.00668243408203125 0.012084884643554688
2 0.6455825805664063 0.43555240631103515 0.00668243408203125 0.012084884643554688
2 0.6912724304199219 0.46313861846923826 0.00668243408203125 0.012084884643554688
2 0.6852378845214844 0.46313861846923826 0.00668243408203125 0.012084884643554688
2 0.6970912170410156 0.4640007400512695 0.00668243408203125 0.012084884643554688
2 0.6897636413574219 0.4370610427856445 0.00668243408203125 0.012084884643554688
2 0.7024789428710938 0.42520755767822266 0.00668243408203125 0.012084808349609375
2 0.7359820556640625 0.4309336471557617 0.01291229248046875 0.0062360382080078125
2 0.7364128112792969 0.398175048828125 0.01291229248046875 0.0062359619140625
2 0.7372750854492187 0.3865371322631836 0.01291259765625 0.0062360382080078125
2 0.7359822082519532 0.374683723449707 0.01291229248046875 0.0062360382080078125
2 0.7370597839355468 0.3921405792236328 0.01291229248046875 0.0062360382080078125
2 0.7364129638671875 0.4143389129638672 0.01291229248046875 0.0062359619140625
2 0.7355201721191407 0.40874557495117186 0.01457489013671875 0.006646728515625
2 0.604310302734375 0.3586206817626953 0.00732757568359375 0.014096221923828124
2 0.49148757934570314 0.4308110427856445 0.00668243408203125 0.012084884643554688
2 0.4910565185546875 0.42003517150878905 0.00668243408203125 0.012084808349609375
2 0.49666030883789064 0.4310265350341797 0.00668212890625 0.012084884643554688
2 0.5018324279785156 0.4308110427856445 0.00668243408203125 0.012084884643554688
2 0.5080825805664062 0.4308110427856445 0.00668243408203125 0.012084884643554688
2 0.9531256103515625 0.3696834945678711 0.00668212890625 0.012084884643554688
2 0.9591256713867188 0.36908344268798826 0.0066815185546875 0.012084884643554688
2 0.9717257690429687 0.369283447265625 0.00668212890625 0.012084808349609375
2 0.9783255004882813 0.3700834655761719 0.00668212890625 0.012084884643554688
2 0.9847259521484375 0.37088348388671877 0.00668212890625 0.012084808349609375
2 0.9905255126953125 0.37188350677490234 0.00668212890625 0.012084884643554688
2 0.9545257568359375 0.3440834426879883 0.00668212890625 0.012084808349609375
2 0.9661257934570312 0.34388347625732424 0.00668212890625 0.012084884643554688
2 0.9731259155273437 0.3438835144042969 0.0066815185546875 0.012084884643554688
2 0.9684130859375 0.31377511978149414 0.01291259765625 0.006236000061035156
2 0.9708132934570313 0.2911750602722168 0.0129119873046875 0.006236000061035156
2 0.97141357421875 0.2763751220703125 0.0129119873046875 0.006236000061035156
3 0.8905999755859375 0.2503000068664551 0.03600006103515625 0.009068374633789062
2 0.025182952880859377 0.7494945526123047 0.00534027099609375 0.011700897216796876
2 0.016196746826171875 0.7782839202880859 0.00534027099609375 0.01170074462890625
2 0.04029708862304687 0.7765164947509766 0.00534027099609375 0.01170074462890625
2 0.034512939453125 0.7768379211425781 0.00534027099609375 0.011700897216796876
2 0.04640228271484375 0.7768379974365235 0.00534027099609375 0.011700897216796876
2 0.1301019287109375 0.9684873962402344 0.010804443359375 0.005102081298828125
2 0.16731689453125 0.9674369812011718 0.010804443359375 0.005102081298828125
2 0.13070220947265626 0.9546818542480469 0.010804443359375 0.0051019287109375
2 0.1928271484375 0.9567826843261719 0.010804443359375 0.0051019287109375
2 0.07445388793945312 0.7454269409179688 0.00534027099609375 0.011700897216796876
2 0.0675787353515625 0.7458019256591797 0.00534027099609375 0.011700897216796876
