2 0.2114093017578125 0.02516510009765625 0.0129815673828125 0.01207977294921875
2 0.24384368896484376 0.01895263671875 0.0154376220703125 0.01284454345703125
2 0.208409423828125 0.019540252685546874 0.0129815673828125 0.012080078125
2 0.2052398681640625 0.01325469970703125 0.013729248046875 0.01235565185546875
2 0.1996148681640625 0.009004669189453125 0.013729248046875 0.01235565185546875
2 0.1948651123046875 0.00426666259765625 0.013729248046875 0.00980743408203125
2 0.42505462646484377 0.12869796752929688 0.012330322265625 0.01966094970703125
2 0.42640655517578124 0.18434356689453124 0.012862548828125 0.01118316650390625
5 0.08980316162109375 0.49145416259765623 0.013394775390625 0.02114776611328125
5 0.09902557373046875 0.4881854248046875 0.012623291015625 0.02038238525390625
5 0.108134765625 0.4867425537109375 0.0150201416015625 0.0239898681640625
5 0.337301025390625 0.6093980407714844 0.01941650390625 0.03589447021484375
5 0.3446978759765625 0.597857666015625 0.0126239013671875 0.018946533203125
5 0.3555108642578125 0.6028700256347657 0.0180194091796875 0.03307708740234375
5 0.12691925048828126 0.48225830078125 0.015020751953125 0.0239898681640625
5 0.11792572021484375 0.4848086547851562 0.015020751953125 0.0239898681640625
5 0.46610595703125 0.5682630920410157 0.0180194091796875 0.03307708740234375
5 0.45729248046875 0.571895751953125 0.0180194091796875 0.03307708740234375
5 0.4118634033203125 0.5872532653808594 0.0180194091796875 0.03307708740234375
5 0.4025091552734375 0.5905256652832032 0.0180194091796875 0.03307708740234375
2 0.1467926025390625 0.7160568237304688 0.0115673828125 0.01764892578125
5 0.1642169189453125 0.93791259765625 0.0173382568359375 0.0381658935546875
