2 0.285029296875 0.45164291381835936 0.012640380859375 0.009879302978515626
5 0.25219818115234377 0.5171701049804688 0.02554931640625 0.0172509765625
2 0.22946441650390625 0.558310546875 0.01304931640625 0.01010284423828125
2 0.2101654052734375 0.6420332336425781 0.0123626708984375 0.01293609619140625
2 0.2021295166015625 0.6636679077148437 0.0129241943359375 0.01387359619140625
2 0.29365570068359376 0.47565399169921874 0.012640380859375 0.00987945556640625
2 0.29211761474609377 0.46628599166870116 0.012640380859375 0.009879226684570313
2 0.28838104248046875 0.45897857666015623 0.012640380859375 0.009879150390625
2 0.2590948486328125 0.5961761474609375 0.012640380859375 0.00987945556640625
2 0.23763885498046874 0.5727970886230469 0.012640380859375 0.009879150390625
2 0.23335357666015624 0.56480224609375 0.012640380859375 0.009879150390625
2 0.2114093017578125 0.8376651000976563 0.0129815673828125 0.01207977294921875
2 0.17157012939453126 0.706666259765625 0.012109375 0.01237060546875
2 0.25967041015625 0.8087646484375 0.015340576171875 0.013067626953125
2 0.24384368896484376 0.83145263671875 0.0154376220703125 0.01284454345703125
2 0.208409423828125 0.8320402526855468 0.0129815673828125 0.012080078125
2 0.2052398681640625 0.8257546997070313 0.013729248046875 0.01235565185546875
2 0.1996148681640625 0.8215046691894531 0.013729248046875 0.01235565185546875
2 0.1948651123046875 0.8161296081542969 0.013729248046875 0.01235565185546875
2 0.1883648681640625 0.8036293029785156 0.013729248046875 0.01235565185546875
2 0.42505462646484377 0.9411979675292969 0.012330322265625 0.01966094970703125
2 0.42640655517578124 0.9968435668945312 0.012862548828125 0.01118316650390625
