6 0.04921501159667969 0.11538650512695313 0.03683578491210938 0.03502410888671875
6 0.11020530700683594 0.170338134765625 0.03683578491210938 0.03502410888671875
6 0.09873191833496094 0.2591062927246094 0.03683578491210938 0.03502410888671875
6 0.051026611328125 0.36236724853515623 0.053743896484375 0.0471014404296875
6 0.13617149353027344 0.3961834716796875 0.053744049072265626 0.0471014404296875
6 0.1826690673828125 0.3134539794921875 0.053743896484375 0.0471014404296875
6 0.22192031860351563 0.43362319946289063 0.04770538330078125 0.03985504150390625
6 0.2684178924560547 0.3533091735839844 0.04770523071289062 0.03985504150390625
6 0.33303138732910154 0.3370048522949219 0.04770523071289062 0.03985504150390625
6 0.40730674743652345 0.3158695983886719 0.04770523071289062 0.03985504150390625
6 0.39824882507324216 0.4239613342285156 0.04770523071289062 0.03985504150390625
6 0.49486717224121096 0.4073551940917969 0.03925125122070312 0.03804351806640625
6 0.5172101593017578 0.32341781616210935 0.03925125122070312 0.03804351806640625
6 0.5830313873291015 0.3608573913574219 0.03925125122070312 0.03804351806640625
6 0.5923912811279297 0.41913055419921874 0.03260879516601563 0.032608642578125
6 0.64613525390625 0.35934783935546877 0.032608642578125 0.032608642578125
6 0.6476449584960937 0.29865936279296873 0.03804351806640625 0.0368359375
6 0.6476449584960937 0.29865936279296873 0.03804351806640625 0.0368359375
6 0.3097825622558594 0.11780189514160157 0.0422705078125 0.04106277465820313
6 0.3097825622558594 0.11780189514160157 0.0422705078125 0.04106277465820313
6 0.3291062927246094 0.19449272155761718 0.0422705078125 0.04106277465820313
6 0.3768115997314453 0.11297096252441406 0.042270660400390625 0.04106277465820313
6 0.3526570129394531 0.050772933959960936 0.0422705078125 0.04106277465820313
6 0.45501205444335935 0.09515701293945313 0.03321258544921875 0.03321258544921875
6 0.4405193328857422 0.03718597412109375 0.03321243286132813 0.03321258544921875
6 0.49667877197265625 0.029637680053710938 0.02355072021484375 0.025362396240234376
6 0.5389492797851563 0.032657012939453126 0.02355072021484375 0.02536224365234375
6 0.5588768005371094 0.027826080322265623 0.02355072021484375 0.02536224365234375
6 0.8158212280273438 0.31043487548828125 0.032608642578125 0.032608642578125
6 0.926932373046875 0.3472705078125 0.032608642578125 0.032608642578125
6 0.8677536010742187 0.2856764221191406 0.03019317626953125 0.02536224365234375
6 0.8988526153564453 0.30228256225585937 0.029589385986328126 0.02475860595703125
6 0.9266304779052734 0.38078506469726564 0.029589385986328126 0.02717376708984375
6 0.8514492797851563 0.3605555725097656 0.032608642578125 0.03260894775390625
6 0.9628622436523437 0.3922584533691406 0.02475830078125 0.02838165283203125
6 0.9809782409667969 0.3288526916503906 0.02475860595703125 0.02838165283203125
6 0.9477656555175781 0.2908091735839844 0.02475860595703125 0.02838165283203125
6 0.9737318420410156 0.23827293395996094 0.02475860595703125 0.028381500244140625
6 0.9118357086181641 0.2482367706298828 0.03140090942382812 0.030193328857421875
6 0.9414250946044922 0.19207733154296874 0.03140090942382812 0.03019317626953125
6 0.9094202423095703 0.14316421508789062 0.03140090942382812 0.03019317626953125
6 0.8768115997314453 0.20475845336914061 0.03140090942382812 0.03019317626953125
6 0.849637680053711 0.16309181213378907 0.03140090942382812 0.030193328857421875
6 0.8158212280273438 0.2041545867919922 0.0422705078125 0.037439727783203126
6 0.7023305511474609 0.3574363708496094 0.025423736572265626 0.03283905029296875
6 0.7060381317138672 0.4114617919921875 0.030720367431640624 0.03072021484375
