0 0.019633636474609376 0.18380645751953126 0.03200103759765625 0.02744354248046875
6 0.904046630859375 0.3355368041992188 0.01482421875 0.017227783203125
2 0.15224853515625 0.3571086120605469 0.014190673828125 0.00744720458984375
2 0.21969482421875 0.3412635803222656 0.011650390625 0.01080169677734375
2 0.240328369140625 0.38484130859375 0.0130670166015625 0.0103570556640625
2 0.24014892578125 0.3737222290039062 0.0130670166015625 0.0103570556640625
2 0.2414044189453125 0.3608099365234375 0.01306640625 0.0103570556640625
2 0.2415838623046875 0.3545332336425781 0.01306640625 0.01035736083984375
2 0.22121612548828126 0.3790354919433594 0.014346923828125 0.01328887939453125
2 0.20651031494140626 0.41472396850585935 0.014346923828125 0.01328887939453125
2 0.240889892578125 0.3921992492675781 0.0156744384765625 0.01251800537109375
2 0.186513671875 0.3443330383300781 0.015010986328125 0.01219512939453125
2 0.1874102783203125 0.33016525268554686 0.015010986328125 0.01219512939453125
2 0.15422088623046876 0.366434326171875 0.0141900634765625 0.00744720458984375
2 0.14848236083984376 0.4057098388671875 0.0141900634765625 0.00744720458984375
2 0.2074066162109375 0.40216995239257813 0.0143475341796875 0.01328887939453125
2 0.181102294921875 0.4962890625 0.0124359130859375 0.01459625244140625
3 0.5120587158203125 0.26430587768554686 0.007850341796875 0.01947967529296875
2 0.4968603515625 0.30186920166015624 0.01121826171875 0.0101312255859375
2 0.5004278564453125 0.298016357421875 0.011217041015625 0.0101312255859375
3 0.560972900390625 0.20001937866210937 0.0063897705078125 0.0222613525390625
2 0.8975625610351563 0.20800003051757812 0.0098748779296875 0.00587615966796875
2 0.3829583740234375 0.33514495849609377 0.0050537109375 0.00905792236328125
2 0.4034030151367187 0.33805648803710936 0.0053338623046875 0.0128106689453125
2 0.2675234985351562 0.294901123046875 0.01517578125 0.006729736328125
2 0.40010406494140627 0.30133575439453125 0.006209716796875 0.01364501953125
2 0.42456146240234377 0.2788861083984375 0.0062091064453125 0.013258056640625
