5 0.6990505981445313 0.6622177886962891 0.0332135009765625 0.03234085083007812
5 0.9613336181640625 0.6328252792358399 0.0094232177734375 0.04188480377197266
5 0.9851705932617187 0.6200014877319336 0.0185955810546875 0.02591064453125
5 0.836114501953125 0.6043376159667969 0.03259765625 0.03259773254394531
5 0.7450946044921875 0.6256152725219727 0.0361090087890625 0.03829719543457031
5 0.6819808959960938 0.5853437423706055 0.0219378662109375 0.02233062744140625
5 0.883726806640625 0.5834189605712891 0.017166748046875 0.024640655517578124
5 0.863341064453125 0.5932478713989258 0.0156976318359375 0.0239764404296875
5 0.9580697631835937 0.7008884429931641 0.0335540771484375 0.030461578369140624
5 0.8465194702148438 0.5529135131835937 0.0215802001953125 0.03072357177734375
5 0.8633218383789063 0.5454314422607421 0.0218170166015625 0.0334130859375
5 0.9082070922851563 0.5504538345336915 0.0280426025390625 0.020242156982421874
5 0.897330322265625 0.5346509933471679 0.033367919921875 0.022003631591796875
5 0.8873208618164062 0.514373893737793 0.0343939208984375 0.023203201293945312
5 0.9715969848632813 0.5464091491699219 0.022545166015625 0.016931838989257812
5 0.962249755859375 0.5260977554321289 0.0221868896484375 0.015215911865234376
5 0.9519747924804688 0.5069208908081054 0.0232452392578125 0.015434494018554687
5 0.9394705200195312 0.4869744491577148 0.0230084228515625 0.016707382202148437
5 0.9883135986328125 0.46520309448242186 0.038646240234375 0.025167160034179688
5 0.9957791137695312 0.3292876148223877 0.020841064453125 0.03145727157592773
5 0.9870095825195313 0.2929456329345703 0.0366986083984375 0.025048675537109374
5 0.9529086303710937 0.36883670806884766 0.0316766357421875 0.02041603088378906
5 0.940760498046875 0.35283573150634767 0.042537841796875 0.026459732055664063
5 0.9280621337890625 0.3301233291625977 0.0390985107421875 0.02703468322753906
5 0.9202157592773438 0.31059701919555666 0.044007568359375 0.028267097473144532
5 0.8993063354492188 0.27174522399902346 0.0426812744140625 0.028158721923828126
5 0.8781732177734375 0.2298719596862793 0.0418035888671875 0.028310508728027345
5 0.948670654296875 0.21590917587280273 0.0437213134765625 0.03049694061279297
5 0.9370187377929687 0.1942410659790039 0.042373046875 0.028187904357910156
5 0.44675384521484374 0.3282898712158203 0.0139544677734375 0.022366180419921874
5 0.4708575439453125 0.30959840774536135 0.0263226318359375 0.03944042205810547
5 0.3500592041015625 0.030723686218261718 0.0280511474609375 0.026724777221679687
5 0.2024176025390625 0.04597503662109375 0.02649169921875 0.02984100341796875
5 0.25299224853515623 0.029656217098236085 0.031190185546875 0.03633269786834717
5 0.28555755615234374 0.10024449348449707 0.0443670654296875 0.021891422271728515
5 0.20576141357421876 0.10731732368469238 0.0362652587890625 0.033381290435791015
5 0.702337646484375 0.33610095977783205 0.0350555419921875 0.023472747802734374
5 0.6117782592773438 0.09178943634033203 0.0319317626953125 0.021217708587646485
5 0.7696017456054688 0.1420872116088867 0.0322015380859375 0.022674140930175782
5 0.7591879272460937 0.12281242370605469 0.025875244140625 0.019125213623046877
5 0.7328121948242188 0.06431257724761963 0.023375244140625 0.01631192207336426
5 0.7236257934570313 0.0443123859167099 0.01963134765625 0.013875000476837158
5 0.713875732421875 0.02587498426437378 0.02625 0.018256630897521973
5 0.8477496337890625 0.044437536597251893 0.03625 0.02585688829421997
5 0.9540280151367188 0.02631466418504715 0.0324884033203125 0.022115715742111207
