2 0.9464498901367188 0.05760528564453125 0.006405029296875 0.01446014404296875
2 0.8858251953125 0.05910476684570312 0.006405029296875 0.01446014404296875
2 0.873699951171875 0.05847976684570313 0.0064056396484375 0.01446014404296875
2 0.8601995849609375 0.058979644775390624 0.006405029296875 0.01446014404296875
2 0.8738241577148438 0.07410507202148438 0.006405029296875 0.01446014404296875
2 0.7979495239257812 0.01447998046875 0.006405029296875 0.01446014404296875
2 0.8084503173828125 0.014604949951171875 0.0064056396484375 0.01446014404296875
2 0.9020748901367187 0.0121051025390625 0.006405029296875 0.01446014404296875
2 0.9112002563476562 0.011355133056640624 0.0064056396484375 0.01446014404296875
2 0.9459503173828125 0.01347991943359375 0.0064056396484375 0.01446014404296875
2 0.958699951171875 0.012104949951171874 0.0064056396484375 0.01446014404296875
2 0.9654498291015625 0.0127301025390625 0.006405029296875 0.01446014404296875
2 0.984200439453125 0.011729888916015625 0.006405029296875 0.01446014404296875
2 0.9913250732421875 0.011105194091796874 0.006405029296875 0.01446014404296875
2 0.9662002563476563 0.027104949951171874 0.0064056396484375 0.01446014404296875
2 0.959449462890625 0.026979827880859376 0.006405029296875 0.01446014404296875
