5 0.8438674926757812 0.7730265045166016 0.03031005859375 0.010823974609375
5 0.9300991821289063 0.9163533782958985 0.0303106689453125 0.010823974609375
5 0.8424581909179687 0.7490602111816407 0.0303106689453125 0.010823974609375
5 0.83681884765625 0.7265040588378906 0.03031005859375 0.01082366943359375
5 0.8347042846679688 0.704652328491211 0.03031005859375 0.010823974609375
5 0.8974383544921875 0.696663589477539 0.03031005859375 0.010823974609375
5 0.902608642578125 0.7180451202392578 0.03031005859375 0.01082366943359375
5 0.23228973388671875 0.7905550384521485 0.0317034912109375 0.03234085083007812
5 0.1488336181640625 0.6328252792358399 0.0094232177734375 0.04188480377197266
5 0.17267059326171874 0.6200014877319336 0.0185955810546875 0.02591064453125
5 0.19122222900390626 0.6079311752319336 0.0254742431640625 0.01822380065917969
5 0.023614501953125 0.6043376159667969 0.03259765625 0.03259773254394531
5 0.071226806640625 0.5834189605712891 0.017166748046875 0.024640655517578124
5 0.050841064453125 0.5932478713989258 0.0156976318359375 0.0239764404296875
5 0.14556976318359374 0.7008884429931641 0.0335540771484375 0.030461578369140624
5 0.03401947021484375 0.5529135131835937 0.0215802001953125 0.03072357177734375
5 0.05082183837890625 0.5454314422607421 0.0218170166015625 0.0334130859375
5 0.09570709228515625 0.5504538345336915 0.0280426025390625 0.020242156982421874
5 0.084830322265625 0.5346509933471679 0.033367919921875 0.022003631591796875
5 0.07482086181640625 0.514373893737793 0.0343939208984375 0.023203201293945312
5 0.15909698486328125 0.5464091491699219 0.022545166015625 0.016931838989257812
5 0.149749755859375 0.5260977554321289 0.0221868896484375 0.015215911865234376
5 0.13947479248046876 0.5069208908081054 0.0232452392578125 0.015434494018554687
5 0.12697052001953124 0.4869744491577148 0.0230084228515625 0.016707382202148437
5 0.1758135986328125 0.46520309448242186 0.038646240234375 0.025167160034179688
5 0.1975408935546875 0.5015243148803711 0.030380859375 0.020834503173828126
5 0.18327911376953124 0.3292876148223877 0.020841064453125 0.03145727157592773
5 0.20261993408203124 0.31625574111938476 0.0207073974609375 0.030046520233154298
5 0.17450958251953125 0.2929456329345703 0.0366986083984375 0.025048675537109374
5 0.14040863037109375 0.36883670806884766 0.0316766357421875 0.02041603088378906
5 0.128260498046875 0.35283573150634767 0.042537841796875 0.026459732055664063
5 0.1155621337890625 0.3301233291625977 0.0390985107421875 0.02703468322753906
5 0.10771575927734375 0.31059701919555666 0.044007568359375 0.028267097473144532
5 0.08680633544921874 0.27174522399902346 0.0426812744140625 0.028158721923828126
5 0.0656732177734375 0.2298719596862793 0.0418035888671875 0.028310508728027345
5 0.136170654296875 0.21590917587280273 0.0437213134765625 0.03049694061279297
5 0.12451873779296875 0.1942410659790039 0.042373046875 0.028187904357910156
5 0.0352496337890625 0.044437536597251893 0.03625 0.02585688829421997
5 0.14152801513671875 0.02631466418504715 0.0324884033203125 0.022115715742111207
5 0.24093963623046874 0.05598811626434326 0.039495849609375 0.016003189086914064
5 0.331416015625 0.050384955406188967 0.038963623046875 0.013850269317626953
5 0.33465606689453126 0.06987185001373292 0.04005859375 0.015125951766967773
5 0.5106689453125 0.4145581817626953 0.0134063720703125 0.042496109008789064
5 0.980380859375 0.7591110229492187 0.0136865234375 0.03714019775390625
5 0.9918472290039062 0.8555766296386719 0.01398681640625 0.04441726684570312
