0 0.10834556579589844 0.5653450012207031 0.040263824462890625 0.0333062744140625
0 0.09922050476074219 0.60856201171875 0.034252166748046875 0.03311859130859375
0 0.206761474609375 0.5600772094726563 0.0180645751953125 0.03213714599609375
0 0.21125823974609376 0.612120361328125 0.0458648681640625 0.049912109375
0 0.4188424682617187 0.5891094970703125 0.029240264892578124 0.03907745361328125
0 0.4168768310546875 0.6585829162597656 0.01821990966796875 0.03086395263671875
0 0.4172345733642578 0.6967973327636718 0.013805084228515625 0.02942657470703125
0 0.5553253173828125 0.5544752502441406 0.02036865234375 0.02898406982421875
0 0.5534075927734375 0.6503965759277344 0.01642242431640625 0.02938934326171875
0 0.5552043151855469 0.6966105651855469 0.01616546630859375 0.02976531982421875
0 0.17049163818359375 0.9177052307128907 0.0353143310546875 0.04283721923828125
0 0.2225169372558594 0.924405403137207 0.04260330200195313 0.043255767822265624
0 0.27397300720214846 0.9150354766845703 0.05032958984375 0.04461044311523438
0 0.3383802032470703 0.9191081237792968 0.04270294189453125 0.03642852783203125
0 0.3973772430419922 0.9127296447753906 0.04249465942382812 0.0413958740234375
0 0.7342849731445312 0.7772755432128906 0.033822021484375 0.02126373291015625
0 0.7733572387695312 0.5768803405761719 0.0245587158203125 0.0192926025390625
0 0.9152328491210937 0.31832839965820314 0.03839935302734375 0.03628265380859375
2 0.40769874572753906 0.15920181274414064 0.005749969482421875 0.013125
2 0.42807373046875 0.16020187377929687 0.005749969482421875 0.013125
2 0.4478237915039063 0.15982681274414062 0.0057501220703125 0.013125
2 0.45407379150390625 0.16020187377929687 0.0057501220703125 0.013125
2 0.46019874572753905 0.16082687377929689 0.005749969482421875 0.013125
2 0.46657371520996094 0.16020187377929687 0.005749969482421875 0.013125
2 0.49407379150390623 0.19532684326171876 0.0057501220703125 0.013125
2 0.565 0.15149993896484376 0.01239044189453125 0.0070001220703125
2 0.5335000610351562 0.13625015258789064 0.01239044189453125 0.0070001220703125
2 0.5333750915527343 0.11862503051757813 0.01239013671875 0.0070001220703125
2 0.5327499389648438 0.098499755859375 0.01239013671875 0.0070001220703125
2 0.5326248168945312 0.0904998779296875 0.01239044189453125 0.0070001220703125
2 0.5316249084472656 0.07625 0.01239044189453125 0.0070001220703125
2 0.5267501831054687 0.05375 0.01239044189453125 0.0070001220703125
2 0.5671249389648437 0.08350006103515625 0.01239013671875 0.0070001220703125
2 0.036153564453125 0.38405136108398436 0.01306610107421875 0.00625
2 0.05288803100585938 0.38245071411132814 0.01306610107421875 0.00625
2 0.06671234130859376 0.38317825317382814 0.01306610107421875 0.00625
2 0.19316757202148438 0.3227880859375 0.01306610107421875 0.00625
2 0.43663604736328127 0.39841522216796876 0.005125885009765625 0.01217681884765625
2 0.00975006103515625 0.35743743896484376 0.01107391357421875 0.01337493896484375
2 0.017875213623046875 0.35868789672851564 0.01107391357421875 0.01337493896484375
2 0.054875030517578124 0.35868743896484373 0.01107391357421875 0.01337493896484375
2 0.06287498474121093 0.3573124694824219 0.011073760986328125 0.01337493896484375
2 0.07024978637695313 0.3573124694824219 0.011073760986328125 0.01337493896484375
2 0.07625 0.35743759155273436 0.01107391357421875 0.013375244140625
2 0.08299995422363281 0.3585624694824219 0.011073760986328125 0.01337493896484375
2 0.04887496948242188 0.35668746948242186 0.011073760986328125 0.01337493896484375
2 0.09037498474121093 0.35893753051757815 0.011073760986328125 0.01337493896484375
2 0.096875 0.359312744140625 0.01107391357421875 0.013375244140625
2 0.10562484741210937 0.359312744140625 0.01107391357421875 0.013375244140625
2 0.11275009155273437 0.35981246948242185 0.011073760986328125 0.01337493896484375
2 0.11925010681152344 0.3608125305175781 0.011073760986328125 0.01337493896484375
2 0.12737510681152345 0.3590626525878906 0.011073760986328125 0.01337493896484375
2 0.13550018310546874 0.3576873779296875 0.011073760986328125 0.01337493896484375
2 0.38375 0.37131240844726565 0.0133453369140625 0.01387481689453125
2 0.3637497711181641 0.37456253051757815 0.0133453369140625 0.01387481689453125
2 0.35000022888183596 0.3610626220703125 0.0133453369140625 0.01387481689453125
2 0.32850013732910155 0.371312255859375 0.0133453369140625 0.01387481689453125
2 0.30337516784667967 0.362437744140625 0.013345184326171875 0.0138751220703125
2 0.2940000915527344 0.36318771362304686 0.013345184326171875 0.0138751220703125
2 0.2677500915527344 0.36281265258789064 0.0133453369140625 0.0138751220703125
2 0.22062522888183594 0.28606246948242187 0.0133453369140625 0.01387481689453125
2 0.22912521362304689 0.28743743896484375 0.0133453369140625 0.01387481689453125
2 0.23774993896484375 0.28593734741210936 0.0133453369140625 0.0138751220703125
2 0.24675018310546876 0.2853126525878906 0.0133453369140625 0.0138751220703125
2 0.2655004119873047 0.28556228637695313 0.0133453369140625 0.01387481689453125
2 0.27462532043457033 0.28556243896484373 0.013345184326171875 0.01387481689453125
2 0.28412513732910155 0.2859376525878906 0.0133453369140625 0.0138751220703125
2 0.2925 0.285687255859375 0.0133453369140625 0.01387481689453125
2 0.30012519836425783 0.28731216430664064 0.0133453369140625 0.01387481689453125
2 0.1286248779296875 0.28918731689453125 0.0133453369140625 0.01387481689453125
2 0.12199989318847657 0.28568740844726564 0.0133453369140625 0.01387481689453125
2 0.112750244140625 0.28631256103515623 0.013345184326171875 0.0138751220703125
2 0.10474998474121094 0.2854371643066406 0.0133453369140625 0.01387481689453125
2 0.09499992370605469 0.2879376220703125 0.0133453369140625 0.01387481689453125
2 0.08649986267089843 0.2870623779296875 0.013345184326171875 0.01387481689453125
2 0.07637489318847657 0.28731216430664064 0.0133453369140625 0.01387481689453125
2 0.06925010681152344 0.2861871337890625 0.0133453369140625 0.01387481689453125
2 0.051874847412109376 0.285062255859375 0.0133453369140625 0.01387481689453125
2 0.25637504577636716 0.26112518310546873 0.013089752197265625 0.01274993896484375
2 0.23237503051757813 0.2619999694824219 0.013089752197265625 0.01274993896484375
2 0.18987495422363282 0.26574996948242186 0.013089752197265625 0.01274993896484375
2 0.17737503051757814 0.260374755859375 0.01308990478515625 0.01274993896484375
2 0.17162513732910156 0.2619999694824219 0.01308990478515625 0.01274993896484375
2 0.16162521362304688 0.25187530517578127 0.01308990478515625 0.01274993896484375
2 0.15587486267089845 0.2623748779296875 0.013089752197265625 0.01274993896484375
2 0.1457501220703125 0.2629998779296875 0.013089752197265625 0.01274993896484375
2 0.13549972534179688 0.2623748779296875 0.013089752197265625 0.01274993896484375
2 0.13625 0.2525 0.01308990478515625 0.01274993896484375
2 0.10150009155273437 0.255374755859375 0.01308990478515625 0.01274993896484375
2 0.06950004577636719 0.255625 0.013089752197265625 0.01274993896484375
2 0.06550018310546875 0.26237518310546876 0.013089752197265625 0.01274993896484375
2 0.004730072021484375 0.2542500305175781 0.010670013427734375 0.01274993896484375
2 0.14443748474121093 0.22706253051757813 0.005645599365234375 0.013125
2 0.0052630615234375 0.2256243896484375 0.005645599365234375 0.013125
2 0.017608795166015625 0.22701309204101563 0.005645599365234375 0.013125
2 0.029028472900390626 0.2279389953613281 0.005645599365234375 0.013125
2 0.042608642578125 0.22763031005859374 0.005645599365234375 0.013125
2 0.055571670532226565 0.224080810546875 0.005645599365234375 0.013125
2 0.08103477478027343 0.22824783325195314 0.005645751953125 0.013125
