2 0.4466255187988281 0.005934164524078369 0.0052508544921875 0.0074935781955719
2 0.43594268798828123 0.0513501787185669 0.005885162353515625 0.008347177505493164
0 0.8348124694824218 0.9963749694824219 0.02087493896484375 0.01399993896484375
0 0.7848124694824219 0.9953750610351563 0.02087493896484375 0.01399993896484375
2 0.8493965148925782 0.8686206817626954 0.009713134765625 0.00586212158203125
2 0.8391403198242188 0.7761952209472657 0.00534027099609375 0.01170074462890625
2 0.8526620483398437 0.8322310638427735 0.01209014892578125 0.00657257080078125
2 0.8526618957519532 0.826024169921875 0.01209014892578125 0.00657257080078125
2 0.8527056884765625 0.8199188232421875 0.01213531494140625 0.006714019775390625
2 0.8535676574707032 0.8137119293212891 0.01213531494140625 0.006714019775390625
2 0.8547309875488281 0.8080931091308594 0.01208984375 0.00657257080078125
2 0.8547746276855469 0.8014706420898438 0.01213531494140625 0.006714019775390625
2 0.8536964416503906 0.7956793212890625 0.01208984375 0.00657257080078125
2 0.8556367492675782 0.7897464752197265 0.01213531494140625 0.00671417236328125
2 0.8522029113769531 0.8388096618652344 0.01319854736328125 0.006518707275390625
2 0.843623046875 0.7486090087890624 0.0053399658203125 0.01170074462890625
2 0.8641401672363281 0.7761951446533203 0.00534027099609375 0.01170074462890625
2 0.8696575927734375 0.7749882507324218 0.00534027099609375 0.01170074462890625
2 0.8756919860839844 0.7749882507324218 0.00534027099609375 0.01170074462890625
2 0.8741401672363281 0.7474021148681641 0.00534027099609375 0.011700897216796876
2 0.8546572875976562 0.7479193878173828 0.00534027099609375 0.011700897216796876
2 0.8799615478515626 0.8374303436279297 0.01319854736328125 0.006518707275390625
2 0.8794441223144531 0.8429475402832032 0.01319854736328125 0.00651885986328125
2 0.8318988037109375 0.7498159027099609 0.00534027099609375 0.011700897216796876
2 0.826553955078125 0.7494710540771484 0.00534027099609375 0.011700897216796876
2 0.7708644104003907 0.7524021911621094 0.00534027099609375 0.011700897216796876
2 0.880478515625 0.8307061004638672 0.0131988525390625 0.00651885986328125
2 0.880478515625 0.8244992828369141 0.0131988525390625 0.00651885986328125
2 0.8820303344726562 0.8184647369384765 0.0131988525390625 0.00651885986328125
2 0.8872413635253906 0.8090518188476562 0.00926361083984375 0.01017242431640625
2 0.8917242431640625 0.8064655303955078 0.0092633056640625 0.01017242431640625
2 0.8970689392089843 0.8016380310058594 0.00926361083984375 0.01017242431640625
2 0.9074137878417968 0.7945689392089844 0.00926361083984375 0.01017242431640625
2 0.9125863647460938 0.7907756805419922 0.00926361083984375 0.01017242431640625
2 0.8376829528808594 0.7494945526123047 0.00534027099609375 0.011700897216796876
2 0.8286967468261719 0.7782839202880859 0.00534027099609375 0.01170074462890625
2 0.803953857421875 0.7778019714355469 0.00534027099609375 0.011700897216796876
2 0.8527970886230469 0.7765164947509766 0.00534027099609375 0.01170074462890625
2 0.847012939453125 0.7768379211425781 0.00534027099609375 0.011700897216796876
2 0.8589022827148437 0.7768379974365235 0.00534027099609375 0.011700897216796876
2 0.9426019287109375 0.9684873962402344 0.010804443359375 0.005102081298828125
2 0.97981689453125 0.9674369812011718 0.010804443359375 0.005102081298828125
2 0.9432022094726562 0.9546818542480469 0.010804443359375 0.0051019287109375
2 0.7738288879394531 0.7808019256591797 0.00534027099609375 0.011700897216796876
2 0.8869538879394532 0.7454269409179688 0.00534027099609375 0.011700897216796876
2 0.8800787353515624 0.7458019256591797 0.00534027099609375 0.011700897216796876
