7 0.1569268798828125 0.6240664482116699 0.06089599609375 0.03838291168212891
7 0.07561248779296875 0.6089515686035156 0.0577239990234375 0.03190299987792969
7 0.1622509765625 0.6765626525878906 0.049766845703125 0.025124969482421874
7 0.10820648193359375 0.2237071228027344 0.0548394775390625 0.027527122497558593
7 0.1988720703125 0.2183406448364258 0.0571380615234375 0.026564788818359376
7 0.3423785400390625 0.2638073348999023 0.062122802734375 0.03788753509521484
7 0.421124267578125 0.2687409019470215 0.05003662109375 0.026600341796875
7 0.5137567138671875 0.26705060958862303 0.055894775390625 0.04049861907958984
7 0.32987548828125 0.6296875 0.055999755859375 0.030877532958984374
7 0.4944000244140625 0.6373764038085937 0.06405029296875 0.053777008056640624
7 0.885106201171875 0.8323875427246094 0.036015625 0.048275146484375
2 0.3362646484375 0.058095302581787106 0.0264111328125 0.011914119720458985
2 0.2342230224609375 0.08788788795471192 0.012628173828125 0.026875
2 0.29703857421875 0.09503629684448242 0.011868896484375 0.026734447479248045
2 0.28501953125 0.0894876217842102 0.0126025390625 0.021985373497009277
2 0.3125 0.05750755786895752 0.024140625 0.011128854751586915
2 0.4578509521484375 0.03964233636856079 0.0264111328125 0.011914124488830566
2 0.8292730712890625 0.05729498863220215 0.0264111328125 0.011914148330688476
2 0.857421875 0.056579370498657224 0.0264111328125 0.011914148330688476
2 0.864578857421875 0.010062167644500733 0.0264111328125 0.011914136409759522
2 0.9215863037109375 0.0902695631980896 0.0109619140625 0.026725926399230958
2 0.925880126953125 0.5981417083740235 0.0109619140625 0.02672599792480469
2 0.9122821044921875 0.6005271530151367 0.0109619140625 0.02672576904296875
2 0.8898577880859375 0.5967102432250977 0.0109619140625 0.026725692749023436
2 0.8748309326171875 0.6036281967163086 0.0109619140625 0.026725692749023436
2 0.73532470703125 0.3964949035644531 0.025938720703125 0.011876754760742188
2 0.7356640625 0.4120908737182617 0.025810546875 0.012534561157226563
2 0.7589410400390625 0.6252639007568359 0.025938720703125 0.011876754760742188
2 0.967672119140625 0.6264567184448242 0.025714111328125 0.011876754760742188
2 0.57756591796875 0.3982364654541016 0.01104736328125 0.025569076538085937
2 0.49049560546875 0.494610595703125 0.011048583984375 0.025569076538085937
2 0.477852783203125 0.49604190826416017 0.01104736328125 0.025569076538085937
2 0.294637451171875 0.3604035568237305 0.011048583984375 0.025569076538085937
2 0.00917572021484375 0.5267747116088867 0.0110491943359375 0.025569076538085937
2 0.00975250244140625 0.7821846771240234 0.011048583984375 0.025569000244140626
2 0.06137847900390625 0.7999346160888672 0.011048583984375 0.025569000244140626
2 0.123253173828125 0.8156845855712891 0.011048583984375 0.025569000244140626
2 0.15331695556640626 0.8995321655273437 0.011048583984375 0.025569000244140626
2 0.22572509765625 0.9033432006835938 0.011048583984375 0.025569000244140626
2 0.13959808349609376 0.9044863891601562 0.0110491943359375 0.025569000244140626
2 0.08022125244140625 0.8345703887939453 0.0233953857421875 0.0111181640625
2 0.18502288818359375 0.836285400390625 0.0233953857421875 0.0111181640625
2 0.2215130615234375 0.835746841430664 0.029534912109375 0.01181396484375
2 0.27686767578125 0.875157470703125 0.02339599609375 0.011118316650390625
2 0.25986328125 0.8055415344238281 0.0113427734375 0.027636566162109376
2 0.4147784423828125 0.9031025695800782 0.0113427734375 0.02763641357421875
2 0.3966741943359375 0.9033123016357422 0.010955810546875 0.02729461669921875
2 0.4372357177734375 0.8054010009765625 0.0110498046875 0.025569000244140626
2 0.73539306640625 0.8100221252441406 0.025008544921875 0.0111724853515625
2 0.729439697265625 0.7978257751464843 0.02339599609375 0.011118316650390625
2 0.7333416748046875 0.7682231903076172 0.027042236328125 0.010643463134765625
2 0.732879638671875 0.9262918853759765 0.025008544921875 0.0111724853515625
2 0.736053466796875 0.9146517944335938 0.025008544921875 0.0111724853515625
2 0.0118450927734375 0.9397138214111328 0.011048583984375 0.025569000244140626
2 0.9947503662109375 0.8153366088867188 0.024837646484375 0.024437255859375
