2 0.8647584533691406 0.2292316436767578 0.0126275634765625 0.026875
2 0.7969580078125 0.2345966339111328 0.02724517822265625 0.01209075927734375
2 0.7955934143066407 0.28822662353515627 0.02724517822265625 0.01209075927734375
2 0.7975967407226563 0.17814041137695313 0.02141693115234375 0.012442169189453125
2 0.8650314331054687 0.37661155700683596 0.01262725830078125 0.026875
2 0.8642124938964844 0.40458648681640624 0.01262725830078125 0.026875
2 0.8644854736328125 0.551829833984375 0.01262786865234375 0.026875
2 0.8649452209472657 0.5269618225097656 0.0111029052734375 0.01898895263671875
2 0.6782133483886719 0.5770753479003906 0.01262786865234375 0.026875
2 0.5324713134765625 0.5729817199707031 0.0126275634765625 0.026875
2 0.5579899597167969 0.4582164764404297 0.01262725830078125 0.026875152587890624
2 0.6119198608398437 0.5052951049804687 0.02724456787109375 0.01209075927734375
2 0.584786376953125 0.39096305847167967 0.02724456787109375 0.012090606689453125
2 0.5878012084960937 0.43618576049804686 0.02724517822265625 0.01209075927734375
2 0.5901200866699219 0.4231986999511719 0.02724517822265625 0.01209075927734375
2 0.5584538269042969 0.2708322143554687 0.01262786865234375 0.026875
2 0.5572467041015625 0.33851898193359375 0.01253173828125 0.0258843994140625
2 0.5093338012695312 0.07492134094238281 0.0224395751953125 0.02663726806640625
2 0.5178910827636719 0.06367988586425781 0.02243927001953125 0.026636962890625
2 0.21160812377929689 0.13535369873046876 0.0309857177734375 0.0232940673828125
2 0.035247421264648436 0.16022598266601562 0.03699478149414062 0.022451629638671877
2 0.06770416259765626 0.8726228332519531 0.01284149169921875 0.02924560546875
2 0.21405479431152344 0.7760589599609375 0.011624908447265625 0.023843994140625
2 0.4123809814453125 0.8761318969726563 0.01162506103515625 0.023843994140625
2 0.4755177307128906 0.8775875854492188 0.01162506103515625 0.023843994140625
2 0.5339239501953125 0.8764959716796875 0.01162506103515625 0.023843994140625
2 0.6127084350585937 0.7815176391601563 0.01162506103515625 0.023843994140625
2 0.16512481689453126 0.8045001220703125 0.02004180908203125 0.01074981689453125
2 0.23505828857421876 0.8471873474121093 0.0246337890625 0.01112579345703125
2 0.29606277465820313 0.8080581665039063 0.021625518798828125 0.010567626953125
2 0.6696871948242188 0.8091246032714844 0.025625 0.01074981689453125
2 0.6787794494628906 0.7815760803222657 0.01123291015625 0.02484771728515625
2 0.8631979370117188 0.7589395141601563 0.0113958740234375 0.02533050537109375
2 0.9139118957519531 0.9566940307617188 0.01086700439453125 0.02276824951171875
2 0.5465728759765625 0.57507080078125 0.0126275634765625 0.026875
2 0.6036763000488281 0.5745484924316406 0.01262786865234375 0.026875
2 0.6188223266601562 0.57454833984375 0.0126275634765625 0.026875
2 0.4783277893066406 0.5757673645019531 0.01262725830078125 0.026875
2 0.40172607421875 0.5729818725585938 0.012627410888671874 0.026875
2 0.3744548034667969 0.5037284851074219 0.02724517822265625 0.01209075927734375
2 0.4695106506347656 0.5044247436523438 0.027244873046875 0.0120904541015625
2 0.3346531677246094 0.5705044555664063 0.0126275634765625 0.026875
2 0.27120040893554687 0.5825094604492187 0.0126275634765625 0.026875
2 0.2109375762939453 0.5892720031738281 0.026676788330078124 0.0272625732421875
2 0.3034978485107422 0.025634307861328125 0.027263336181640625 0.025648040771484373
