7 0.15875 0.3903125 0.0502130126953125 0.050875244140625
7 0.133902587890625 0.7569821166992188 0.05080322265625 0.0325372314453125
7 0.2277154541015625 0.7592343139648438 0.0246124267578125 0.024970703125
7 0.284375 0.685374755859375 0.02086669921875 0.0389996337890625
7 0.03736114501953125 0.041445770263671876 0.0532220458984375 0.019359130859375
7 0.0554595947265625 0.012186050415039062 0.0275823974609375 0.02487213134765625
7 0.5660235595703125 0.8274905395507812 0.051605224609375 0.02530029296875
7 0.57450927734375 0.38963623046875 0.0234869384765625 0.0260125732421875
7 0.5794918823242188 0.0946734619140625 0.04085693359375 0.0673675537109375
7 0.9849114990234376 0.3963711547851563 0.056177978515625 0.0449920654296875
7 0.9882443237304688 0.1726947021484375 0.0560101318359375 0.0522607421875
2 0.6997463989257813 0.04288345336914062 0.0275567626953125 0.0116778564453125
2 0.7296694946289063 0.0818560791015625 0.0302972412109375 0.013233642578125
2 0.7984402465820313 0.06799652099609375 0.01104736328125 0.0239410400390625
2 0.7289266967773438 0.1295904541015625 0.0302972412109375 0.0132330322265625
2 0.8231329345703124 0.13437347412109374 0.0272088623046875 0.0135638427734375
2 0.79812255859375 0.22553619384765625 0.011065673828125 0.0259417724609375
2 0.8262728881835938 0.23589996337890626 0.0272393798828125 0.0120367431640625
2 0.8247219848632813 0.34076904296875 0.0259234619140625 0.011649169921875
2 0.757684326171875 0.3576141357421875 0.01183837890625 0.0261285400390625
2 0.7299981689453126 0.4407763671875 0.027874755859375 0.014136962890625
2 0.7260494995117187 0.48050506591796877 0.026339111328125 0.0131475830078125
2 0.7289126586914062 0.5344134521484375 0.026339111328125 0.0131475830078125
2 0.7305328369140625 0.8608026123046875 0.026339111328125 0.0131475830078125
2 0.7259039306640624 0.82561767578125 0.026339111328125 0.01314697265625
2 0.8245147705078125 0.8355709838867188 0.026339111328125 0.01314697265625
2 0.8259030151367187 0.8184408569335937 0.026339111328125 0.0131475830078125
2 0.47682952880859375 0.737423095703125 0.026339111328125 0.0131475830078125
2 0.2606256103515625 0.5779318237304687 0.026339111328125 0.01314697265625
2 0.3638665771484375 0.8816156005859375 0.0278582763671875 0.0127679443359375
2 0.9762417602539063 0.9762924194335938 0.03351318359375 0.01315673828125
2 0.11291290283203125 0.5762725830078125 0.0278582763671875 0.0127679443359375
2 0.475323486328125 0.28674468994140623 0.026339111328125 0.0131475830078125
2 0.47276763916015624 0.30486785888671875 0.026339111328125 0.01314697265625
2 0.34474761962890627 0.24399383544921874 0.026339111328125 0.0131475830078125
2 0.30919921875 0.25839935302734374 0.026339111328125 0.013148193359375
2 0.24263275146484375 0.2570849609375 0.0290283203125 0.0133807373046875
2 0.1882135009765625 0.28326507568359377 0.0118377685546875 0.0261279296875
2 0.1638189697265625 0.2839620971679688 0.0118377685546875 0.0261279296875
2 0.14801910400390625 0.28489105224609373 0.01183837890625 0.0261285400390625
2 0.047879638671875 0.286053466796875 0.01183837890625 0.0261279296875
2 0.07413482666015625 0.5488320922851563 0.01183837890625 0.0261279296875
2 0.1556866455078125 0.5495291137695313 0.01183837890625 0.0261279296875
2 0.1868206787109375 0.5481353759765625 0.01183837890625 0.026129150390625
2 0.01488800048828125 0.6436273193359375 0.01183837890625 0.0261279296875
2 0.0102532958984375 0.18860137939453125 0.012021484375 0.0234295654296875
2 0.171463623046875 0.1892083740234375 0.0144146728515625 0.0322247314453125
2 0.4743768310546875 0.1462762451171875 0.026339111328125 0.01314697265625
2 0.32011077880859373 0.08179168701171875 0.026339111328125 0.0131475830078125
