7 0.9694268798828125 0.6240664482116699 0.06089599609375 0.03838291168212891
7 0.8881124877929687 0.6089515686035156 0.0577239990234375 0.03190299987792969
7 0.9747509765625 0.6765626525878906 0.049766845703125 0.025124969482421874
7 0.6403668212890625 0.6805035400390625 0.061436767578125 0.05274658203125
7 0.70267578125 0.6106658554077149 0.0702239990234375 0.06999549865722657
7 0.3576458740234375 0.2659193992614746 0.0562091064453125 0.037838706970214846
7 0.4516876220703125 0.22212497711181642 0.045875244140625 0.01924999237060547
7 0.6273123168945313 0.2826249313354492 0.0638751220703125 0.07329978942871093
7 0.8202316284179687 0.2186176872253418 0.0595343017578125 0.030757942199707032
7 0.9207064819335937 0.2237071228027344 0.0548394775390625 0.027527122497558593
2 0.3469415283203125 0.05614997386932373 0.030609130859375 0.011441431045532226
2 0.3690997314453125 0.08720940351486206 0.0126275634765625 0.026875252723693847
2 0.5056991577148438 0.09564428329467774 0.0133441162109375 0.030276660919189454
2 0.41745758056640625 0.09949813842773438 0.0217681884765625 0.03333009719848633
2 0.5637429809570312 0.08578081846237183 0.0126275634765625 0.026875252723693847
2 0.5766000366210937 0.08720942258834839 0.0126275634765625 0.026875252723693847
2 0.6153494262695313 0.09006654977798462 0.0126275634765625 0.026875262260437013
2 0.6280276489257812 0.08863798379898072 0.0126275634765625 0.026875262260437013
2 0.48945648193359376 0.0879236888885498 0.012628173828125 0.026875267028808592
2 0.46838531494140623 0.0864951229095459 0.012628173828125 0.026875
2 0.47937530517578125 0.08901784777641296 0.010535888671875 0.02242382526397705
2 0.7120269775390625 0.08652624368667602 0.0126275634765625 0.026875262260437013
2 0.8216757202148437 0.5267747116088867 0.0110491943359375 0.025569076538085937
2 0.8086746215820313 0.5309119033813476 0.011048583984375 0.025569076538085937
2 0.7363128662109375 0.3760615158081055 0.023818359375 0.026678466796875
2 0.7265066528320312 0.3863107299804687 0.0238555908203125 0.0268865966796875
2 0.8222525024414062 0.7821846771240234 0.011048583984375 0.025569000244140626
2 0.8080038452148437 0.7731845855712891 0.011048583984375 0.025569000244140626
2 0.8738784790039062 0.7999346160888672 0.011048583984375 0.025569000244140626
2 0.935753173828125 0.8156845855712891 0.011048583984375 0.025569000244140626
2 0.7352536010742188 0.8465595245361328 0.0110491943359375 0.025569000244140626
2 0.9658169555664062 0.8995321655273437 0.011048583984375 0.025569000244140626
2 0.9520980834960937 0.9044863891601562 0.0110491943359375 0.025569000244140626
2 0.8927212524414062 0.8345703887939453 0.0233953857421875 0.0111181640625
2 0.492410888671875 0.8585973358154297 0.02808349609375 0.0120294189453125
2 0.48900390625 0.8749029541015625 0.0296514892578125 0.01776947021484375
2 0.484576416015625 0.8902438354492187 0.026004638671875 0.01635833740234375
2 0.24488494873046876 0.8325864410400391 0.0219122314453125 0.011298980712890625
2 0.336708984375 0.7891893768310547 0.0139849853515625 0.0227349853515625
2 0.8243450927734375 0.9397138214111328 0.011048583984375 0.025569000244140626
2 0.8119671630859375 0.9392282104492188 0.0110491943359375 0.025569000244140626
