2 0.22529983520507812 0.3048720359802246 0.01509918212890625 0.027994041442871095
2 0.32899993896484375 0.3049028968811035 0.0125006103515625 0.02780570983886719
2 0.3411248779296875 0.3055278968811035 0.0125006103515625 0.02780570983886719
2 0.3628129577636719 0.3889999771118164 0.0263751220703125 0.012252578735351563
2 0.3601875305175781 0.46887496948242186 0.02637481689453125 0.012252578735351563
2 0.2976878356933594 0.43512496948242185 0.02637481689453125 0.012252578735351563
2 0.2984376525878906 0.42174999237060545 0.0263751220703125 0.01225250244140625
2 0.29881240844726564 0.4477499771118164 0.02637481689453125 0.012252578735351563
2 0.3018122863769531 0.46062496185302737 0.02637481689453125 0.01225250244140625
2 0.30356277465820314 0.4753750228881836 0.02637481689453125 0.012252578735351563
2 0.3029374694824219 0.4886250305175781 0.02637481689453125 0.01225250244140625
2 0.3009376525878906 0.5026250457763672 0.0263751220703125 0.012252578735351563
2 0.3613127136230469 0.4941250228881836 0.02637481689453125 0.012252578735351563
2 0.3629376220703125 0.5073749923706055 0.02637481689453125 0.01225250244140625
2 0.3629376220703125 0.5208750152587891 0.02637481689453125 0.012252578735351563
2 0.364580078125 0.6258011627197265 0.02996856689453125 0.012238311767578124
2 0.36127044677734377 0.6390518569946289 0.02942230224609375 0.012238082885742187
2 0.36583541870117187 0.7047174072265625 0.02942230224609375 0.012238006591796875
2 0.36244888305664064 0.717821044921875 0.02942230224609375 0.012238006591796875
2 0.3708409118652344 0.7315135955810547 0.02942230224609375 0.01223785400390625
2 0.3010528564453125 0.7249617767333985 0.02724517822265625 0.01209075927734375
2 0.3670130920410156 0.7452797698974609 0.02724517822265625 0.01209075927734375
2 0.3333956909179687 0.738990478515625 0.0125006103515625 0.0278057861328125
2 0.23922714233398437 0.9459597778320312 0.02724456787109375 0.012090606689453125
2 0.23315719604492188 0.959898681640625 0.02724517822265625 0.01209075927734375
2 0.23458282470703126 0.9738429260253906 0.023583984375 0.01225067138671875
2 0.23400360107421875 0.9867630004882812 0.02724456787109375 0.012090606689453125
2 0.23287612915039063 0.997421875 0.0244976806640625 0.012591552734375
2 0.00960479736328125 0.7841813659667969 0.0133795166015625 0.029716796875
2 0.042750244140625 0.4403125762939453 0.02699981689453125 0.027491226196289062
2 0.053562469482421875 0.4333749771118164 0.029375 0.0297686767578125
2 0.0822503662109375 0.4070625305175781 0.02699981689453125 0.027491226196289062
2 0.9249153137207031 0.34048450469970704 0.0125006103515625 0.02780570983886719
2 0.8649784851074219 0.560101547241211 0.0263751220703125 0.012252578735351563
2 0.8674534606933594 0.5467969894409179 0.02637481689453125 0.01225250244140625
2 0.830015869140625 0.026995043754577636 0.02637481689453125 0.012252588272094727
2 0.8461048889160157 0.009668314158916473 0.0263751220703125 0.012252588868141174
2 0.8503483581542969 0.08708106994628906 0.0125006103515625 0.027805747985839843
2 0.9398300170898437 0.08414047956466675 0.012628173828125 0.026875252723693847
2 0.9808544921875 0.009793314635753631 0.0263751220703125 0.012252593636512757
2 0.7730679321289062 0.8986716461181641 0.02757537841796875 0.01156097412109375
2 0.7699423217773438 0.8610947418212891 0.02528656005859375 0.011447906494140625
2 0.7955317687988281 0.8687735748291016 0.01357421875 0.025843658447265626
2 0.7722596740722656 0.87540771484375 0.02528656005859375 0.011447906494140625
2 0.7740318298339843 0.8439191436767578 0.02528656005859375 0.011447906494140625
2 0.7699424743652343 0.8152931976318359 0.02528656005859375 0.011447906494140625
2 0.7732106018066406 0.7943095397949219 0.02582489013671875 0.01173828125
2 0.8675433349609375 0.8683193969726563 0.0252862548828125 0.011447906494140625
2 0.8680885314941407 0.7906202697753906 0.02528656005859375 0.011447906494140625
2 0.8704060363769531 0.7730357360839843 0.02528656005859375 0.011447906494140625
2 0.8706787109375 0.7426378631591797 0.0252862548828125 0.011447906494140625
2 0.8642805480957031 0.7591356658935546 0.02989105224609375 0.013091278076171876
2 0.8409701538085937 0.7100043487548828 0.01357421875 0.025843658447265626
