7 0.1724114990234375 0.44012115478515623 0.056177978515625 0.0449920654296875
7 0.232755126953125 0.13076812744140626 0.05824005126953125 0.0302862548828125
7 0.17574432373046875 0.2164447021484375 0.0560101318359375 0.0522607421875
7 0.33445556640625 0.1699530029296875 0.04066162109375 0.04890625
7 0.8041064453125 0.7421087646484374 0.04080078125 0.0192486572265625
7 0.8544451904296875 0.6165371704101562 0.03531005859375 0.043465576171875
7 0.8544378662109375 0.10837474822998047 0.047305908203125 0.049000091552734375
2 0.517183837890625 0.012255172729492187 0.01086669921875 0.02452056884765625
2 0.36055908203125 0.01125518798828125 0.01086669921875 0.022520599365234376
2 0.22568359375 0.01188018798828125 0.01086669921875 0.023770599365234374
2 0.49399658203125 0.012086410522460938 0.011241455078125 0.024220428466796874
2 0.012095794677734376 0.17812347412109375 0.02423736572265625 0.0135638427734375
2 0.01377288818359375 0.27964996337890624 0.0272393798828125 0.0120367431640625
2 0.012562103271484375 0.38451904296875 0.0251837158203125 0.011649169921875
2 0.012550048828125 0.8793209838867188 0.025184326171875 0.01314697265625
2 0.01340301513671875 0.8621908569335938 0.026339111328125 0.0131475830078125
2 0.5866534423828125 0.9580511474609374 0.031197509765625 0.0233050537109375
2 0.69483154296875 0.9292514038085937 0.0298291015625 0.0169305419921875
2 0.450379638671875 0.9273886108398437 0.013646240234375 0.03094482421875
2 0.4777557373046875 0.9162460327148437 0.011617431640625 0.0269830322265625
2 0.6351702880859375 0.9755303955078125 0.010169677734375 0.0255450439453125
2 0.34322021484375 0.9259536743164063 0.010169677734375 0.0255450439453125
2 0.3415252685546875 0.87171630859375 0.010169677734375 0.0255450439453125
2 0.2832598876953125 0.7053213500976563 0.014837646484375 0.0264453125
2 0.270335693359375 0.7088699340820312 0.014837646484375 0.0264453125
2 0.3224169921875 0.6563958740234375 0.0189697265625 0.025692138671875
2 0.24761474609375 0.6692910766601563 0.028944091796875 0.0217138671875
2 0.3735699462890625 0.63541748046875 0.026400146484375 0.0297320556640625
2 0.386053466796875 0.6484579467773437 0.0281494140625 0.030299072265625
2 0.3546624755859375 0.7544354248046875 0.026998291015625 0.031453857421875
2 0.31589111328125 0.632161865234375 0.0177099609375 0.0296551513671875
2 0.46390869140625 0.2722296142578125 0.01183837890625 0.0261279296875
2 0.4785015869140625 0.2719873046875 0.01183837890625 0.0261279296875
2 0.40554443359375 0.2532614135742188 0.01183837890625 0.0261279296875
2 0.439833984375 0.3699920654296875 0.011837158203125 0.0261279296875
2 0.409434814453125 0.3826385498046875 0.01183837890625 0.0261279296875
2 0.340125732421875 0.389691162109375 0.011837158203125 0.0261279296875
2 0.33890869140625 0.4210626220703125 0.01183837890625 0.0261279296875
2 0.3894573974609375 0.2511178588867187 0.01183837890625 0.0261279296875
2 0.29146240234375 0.32807403564453125 0.030968017578125 0.0153009033203125
2 0.3433746337890625 0.362158203125 0.025819091796875 0.0307196044921875
2 0.574339599609375 0.27137908935546873 0.011837158203125 0.0261273193359375
2 0.5877056884765625 0.27669586181640626 0.01183837890625 0.0261279296875
2 0.741551513671875 0.40759185791015623 0.028153076171875 0.013341064453125
2 0.6416119384765625 0.44586639404296874 0.028153076171875 0.0133404541015625
2 0.6129046630859375 0.34258544921875 0.028153076171875 0.0133404541015625
2 0.6713165283203125 0.693349609375 0.013597412109375 0.029090576171875
2 0.904144287109375 0.8456585693359375 0.01265869140625 0.0291900634765625
2 0.9505047607421875 0.84476318359375 0.011160888671875 0.02894287109375
