7 0.6925630187988281 0.18075042724609375 0.0491265869140625 0.0285003662109375
7 0.6817521667480468 0.36990692138671877 0.02574615478515625 0.0519366455078125
7 0.7711614990234374 0.6676895141601562 0.01707244873046875 0.0328790283203125
7 0.5820561218261718 0.7184555053710937 0.05613800048828125 0.0275885009765625
7 0.2073456573486328 0.7156265258789063 0.058941192626953125 0.0362469482421875
7 0.04593879699707031 0.7138287353515625 0.0523724365234375 0.0300933837890625
2 0.7933746337890625 0.3647491455078125 0.02441986083984375 0.0121929931640625
2 0.7970053100585938 0.25409881591796873 0.02441986083984375 0.0121929931640625
2 0.797869873046875 0.18183074951171874 0.02441986083984375 0.0121929931640625
2 0.797869873046875 0.1666162109375 0.02441986083984375 0.0121929931640625
2 0.8655691528320313 0.174627685546875 0.0125787353515625 0.02656494140625
2 0.9536294555664062 0.9366607666015625 0.0125787353515625 0.02656494140625
2 0.8110238647460938 0.9368072509765625 0.015994873046875 0.027412109375
2 0.7182583618164062 0.826304931640625 0.0125787353515625 0.02656494140625
2 0.6766793823242188 0.8284100341796875 0.0125787353515625 0.02656494140625
2 0.482691650390625 0.9050759887695312 0.02814910888671875 0.0126715087890625
2 0.445889892578125 0.9357778930664062 0.012578582763671875 0.02656494140625
2 0.04208274841308594 0.8217050170898438 0.017649078369140626 0.0295074462890625
2 0.06816581726074218 0.82457763671875 0.015237884521484375 0.031259765625
