7 0.0506170654296875 0.6679605102539062 0.0320184326171875 0.03226043701171875
7 0.36501556396484375 0.6320611572265625 0.054779052734375 0.05154144287109375
7 0.5307098388671875 0.6842840576171875 0.06108154296875 0.0734326171875
7 0.5499380493164062 0.6295001220703125 0.0563751220703125 0.0307574462890625
7 0.6318899536132813 0.6210952758789062 0.056722412109375 0.03630950927734375
7 0.70753173828125 0.6295938110351562 0.0533123779296875 0.0533123779296875
7 0.6248236083984375 0.7146621704101562 0.054603271484375 0.0573248291015625
7 0.6987982177734375 0.27258140563964844 0.07434326171875 0.07333633422851563
7 0.8829904174804688 0.6182572937011719 0.057056884765625 0.0345928955078125
7 0.9624029541015625 0.6272242736816406 0.063692626953125 0.06675933837890625
7 0.8938241577148438 0.2632383728027344 0.0378973388671875 0.018523406982421876
2 0.13379486083984374 0.9770040893554688 0.01194091796875 0.02595184326171875
2 0.17697296142578126 0.9357693481445313 0.01194091796875 0.02595184326171875
2 0.17740447998046874 0.909215087890625 0.01194091796875 0.02595184326171875
2 0.06770751953125 0.8442025756835938 0.0249871826171875 0.01151641845703125
2 0.0737799072265625 0.83003173828125 0.02498779296875 0.011517333984375
2 0.7352536010742188 0.03405952453613281 0.0110491943359375 0.025569000244140626
2 0.9658169555664062 0.08703216552734375 0.011048583984375 0.025569000244140626
2 0.9520980834960937 0.09198638916015625 0.0110491943359375 0.025569000244140626
2 0.8927212524414062 0.022070388793945312 0.0233953857421875 0.0111181640625
2 0.492410888671875 0.046097335815429685 0.02808349609375 0.0120294189453125
2 0.48900390625 0.0624029541015625 0.0296514892578125 0.01776947021484375
2 0.484576416015625 0.07774383544921876 0.026004638671875 0.01635833740234375
2 0.24488494873046876 0.020086441040039062 0.0219122314453125 0.011298980712890625
2 0.8243450927734375 0.1272138214111328 0.011048583984375 0.025569000244140626
2 0.8119671630859375 0.12672821044921875 0.0110491943359375 0.025569000244140626
2 0.995631103515625 0.40320396423339844 0.011048583984375 0.025569000244140626
2 0.9579052734375 0.4287210845947266 0.02494140625 0.011220245361328126
2 0.929178466796875 0.4304032897949219 0.02494140625 0.011220245361328126
2 0.8839590454101562 0.5003829956054687 0.0110491943359375 0.02556915283203125
2 0.6970526123046875 0.4999873352050781 0.011048583984375 0.02556915283203125
2 0.7259292602539062 0.49820724487304685 0.0110491943359375 0.02556884765625
2 0.7856210327148437 0.4717333984375 0.0273834228515625 0.01071319580078125
2 0.9292520141601562 0.7846000671386719 0.011048583984375 0.02556915283203125
2 0.9415151977539062 0.7849954223632812 0.011048583984375 0.02556915283203125
2 0.8389004516601563 0.8005517578125 0.0330364990234375 0.0227813720703125
2 0.9323324584960937 0.8857095336914063 0.010731201171875 0.024481201171875
2 0.9202670288085938 0.8870941162109375 0.010731201171875 0.024481201171875
2 0.5063040161132812 0.40097511291503907 0.011048583984375 0.025569000244140626
2 0.3059405517578125 0.4056528472900391 0.011048583984375 0.025569000244140626
2 0.193154296875 0.5236361694335937 0.0110491943359375 0.02556884765625
2 0.15573272705078126 0.5181788635253907 0.011048583984375 0.02556915283203125
2 0.12813934326171875 0.4491844177246094 0.0264068603515625 0.019807891845703127
2 0.09504150390625 0.4520762634277344 0.026407470703125 0.019808807373046876
2 0.14991729736328124 0.7903945922851563 0.0200457763671875 0.029283447265625
2 0.3648287963867187 0.7964663696289063 0.0284503173828125 0.0245599365234375
