7 0.24412872314453124 0.23688644409179688 0.0526715087890625 0.049524688720703126
7 0.5576876831054688 0.29199995040893556 0.048125 0.03173633575439453
7 0.4882818603515625 0.21659845352172852 0.021435546875 0.02344738006591797
7 0.7355426025390625 0.22688478469848633 0.0216143798828125 0.0237420654296875
7 0.8583529663085937 0.2791326141357422 0.028621826171875 0.03049781799316406
7 0.8599356079101562 0.5704524993896485 0.0409490966796875 0.043530731201171874
7 0.7026870727539063 0.9661875915527344 0.046875 0.025142669677734375
2 0.11241531372070312 0.34048450469970704 0.0125006103515625 0.02780570983886719
2 0.2321551513671875 0.3445067596435547 0.0125006103515625 0.0278057861328125
2 0.245460205078125 0.34605396270751954 0.0125006103515625 0.0278057861328125
2 0.261158447265625 0.3444183731079102 0.01357421875 0.02584381103515625
2 0.052478485107421875 0.560101547241211 0.0263751220703125 0.012252578735351563
2 0.05495346069335937 0.5467969894409179 0.02637481689453125 0.01225250244140625
2 0.017515869140625 0.026995043754577636 0.02637481689453125 0.012252588272094727
2 0.033604888916015624 0.009668314158916473 0.0263751220703125 0.012252588868141174
2 0.03784835815429687 0.08708106994628906 0.0125006103515625 0.027805747985839843
2 0.12733001708984376 0.08414047956466675 0.012628173828125 0.026875252723693847
2 0.1683544921875 0.009793314635753631 0.0263751220703125 0.012252593636512757
2 0.21135498046875 0.010668314397335052 0.02637451171875 0.012252586483955384
2 0.25698028564453124 0.011043311059474946 0.02637451171875 0.012252586483955384
2 0.2962799072265625 0.010083963572978973 0.0299755859375 0.012417927384376526
2 0.39974822998046877 0.2981937599182129 0.0299755859375 0.01241790771484375
2 0.400982666015625 0.27928205490112307 0.02757568359375 0.01156097412109375
2 0.4019354248046875 0.3667438888549805 0.02757568359375 0.01156097412109375
2 0.33147125244140624 0.29144582748413084 0.01357421875 0.02584381103515625
2 0.3991796875 0.38444076538085936 0.0275750732421875 0.01156097412109375
2 0.3035809326171875 0.5193613815307617 0.0275750732421875 0.01156097412109375
2 0.3991790771484375 0.6450828552246094 0.02757568359375 0.01156097412109375
2 0.40340179443359375 0.6607756042480468 0.0275750732421875 0.01156097412109375
2 0.30172393798828123 0.7201799774169921 0.02876708984375 0.01360015869140625
2 0.33118255615234377 0.7145042419433594 0.01357421875 0.025843658447265626
2 0.40147216796875 0.8712293243408203 0.01357421875 0.02584381103515625
2 0.0550433349609375 0.8683193969726563 0.0252862548828125 0.011447906494140625
2 0.05558853149414063 0.7906202697753906 0.02528656005859375 0.011447906494140625
2 0.05790603637695312 0.7730357360839843 0.02528656005859375 0.011447906494140625
2 0.0581787109375 0.7426378631591797 0.0252862548828125 0.011447906494140625
2 0.05178054809570312 0.7591356658935546 0.02989105224609375 0.013091278076171876
2 0.02847015380859375 0.7100043487548828 0.01357421875 0.025843658447265626
2 0.749505615234375 0.8614005279541016 0.01357421875 0.025843658447265626
2 0.36054229736328125 0.852833251953125 0.034964599609375 0.0196356201171875
2 0.7661834716796875 0.8603096008300781 0.01357421875 0.02584381103515625
2 0.7816131591796875 0.8584392547607422 0.01357421875 0.025843658447265626
2 0.8618814086914063 0.86015380859375 0.01357421875 0.02584381103515625
2 0.8475857543945312 0.8630781555175782 0.0118109130859375 0.020726318359375
2 0.9485397338867188 0.8620240783691406 0.01357421875 0.025843658447265626
2 0.7806784057617188 0.7621176147460937 0.01357421875 0.02584381103515625
2 0.6583700561523438 0.6154526519775391 0.0275750732421875 0.011561050415039062
2 0.6597283935546875 0.5161990737915039 0.031536865234375 0.011809463500976563
2 0.648228759765625 0.49562660217285154 0.0275750732421875 0.01156097412109375
2 0.6443600463867187 0.47779857635498046 0.0260882568359375 0.011847152709960937
2 0.7634854125976562 0.4682986450195312 0.0260882568359375 0.011847152709960937
2 0.78286376953125 0.056377921104431156 0.0260614013671875 0.011783275604248047
2 0.6529415893554688 0.3165056610107422 0.0272113037109375 0.032839813232421876
2 0.673143310546875 0.32453189849853514 0.02469482421875 0.03511436462402344
4 0.6937631225585937 0.30719699859619143 0.0138128662109375 0.03261749267578125
2 0.5235568237304687 0.09172133445739745 0.012628173828125 0.026875267028808592
2 0.6924581909179688 0.08566596984863281 0.012628173828125 0.026875
2 0.709542236328125 0.09064001321792603 0.0126275634765625 0.026875262260437013
2 0.8008053588867188 0.09128881454467773 0.012628173828125 0.026875267028808592
