7 0.8584387969970703 0.7575787353515625 0.0523724365234375 0.0300933837890625
2 0.8545827484130859 0.8654550170898437 0.017649078369140626 0.0295074462890625
2 0.8806658172607422 0.86832763671875 0.015237884521484375 0.031259765625
2 0.6943463897705078 0.9115411376953125 0.024088592529296876 0.0129705810546875
2 0.7259906768798828 0.7314532470703125 0.012578582763671875 0.02656494140625
2 0.48641731262207033 0.8491375732421875 0.0150372314453125 0.0287261962890625
2 0.19341087341308594 0.9630850219726562 0.015037307739257813 0.0287261962890625
2 0.7267111206054687 0.4094073486328125 0.012578582763671875 0.02656494140625
2 0.6510626220703125 0.523599853515625 0.012578582763671875 0.02656494140625
2 0.4474002838134766 0.5601861572265625 0.01550140380859375 0.0268994140625
2 0.35259567260742186 0.6649813842773438 0.015501480102539062 0.0268988037109375
2 0.4238454437255859 0.6539739990234374 0.0136968994140625 0.022646484375
2 0.2626755714416504 0.5921572875976563 0.01550151824951172 0.0268988037109375
2 0.12657439231872558 0.710496826171875 0.015501537322998048 0.0268994140625
2 0.1145849895477295 0.7127169799804688 0.01550151824951172 0.0268994140625
2 0.15277323722839356 0.6190228271484375 0.015501537322998048 0.0268994140625
2 0.1371003246307373 0.6323263549804687 0.014015331268310546 0.026865234375
