7 0.3644378662109375 0.19718772888183594 0.0626641845703125 0.038874969482421876
2 0.23922714233398437 0.13345977783203125 0.02724456787109375 0.012090606689453125
2 0.23315719604492188 0.147398681640625 0.02724517822265625 0.01209075927734375
2 0.23458282470703126 0.16134292602539063 0.023583984375 0.01225067138671875
2 0.052258453369140624 0.2292316436767578 0.0126275634765625 0.026875
2 0.23400360107421875 0.17426300048828125 0.02724456787109375 0.012090606689453125
2 0.23287612915039063 0.184921875 0.0244976806640625 0.012591552734375
2 0.23154617309570313 0.19817184448242187 0.02449920654296875 0.012093353271484374
2 0.05253143310546875 0.37661155700683596 0.01262725830078125 0.026875
2 0.05171249389648438 0.40458648681640624 0.01262725830078125 0.026875
2 0.0519854736328125 0.551829833984375 0.01262786865234375 0.026875
2 0.05244522094726563 0.5269618225097656 0.0111029052734375 0.01898895263671875
2 0.05069793701171875 0.7589395141601563 0.0113958740234375 0.02533050537109375
2 0.10141189575195313 0.9566940307617188 0.01086700439453125 0.02276824951171875
2 0.2064393615722656 0.5149453735351562 0.02449920654296875 0.012093505859375
2 0.2879026794433594 0.5363128662109375 0.02449920654296875 0.012093505859375
2 0.37063446044921877 0.39482994079589845 0.01262786865234375 0.026875
2 0.3575529479980469 0.39686492919921873 0.0126275634765625 0.026875
2 0.20875411987304687 0.6249227905273438 0.02449920654296875 0.012093505859375
2 0.28654525756835936 0.6530982971191406 0.02469482421875 0.01250885009765625
2 0.2873567199707031 0.6656797790527343 0.02449920654296875 0.01209320068359375
2 0.35194931030273435 0.5807087707519532 0.02449920654296875 0.01209320068359375
2 0.35122146606445315 0.5545079040527344 0.02449920654296875 0.01209320068359375
2 0.2859013366699219 0.6915165710449219 0.02449920654296875 0.01209320068359375
2 0.28881240844726563 0.7177174377441407 0.02449920654296875 0.01209320068359375
2 0.3468547058105469 0.6940638732910156 0.02449920654296875 0.01209320068359375
2 0.3722157287597656 0.9789320373535156 0.01086669921875 0.02276824951171875
2 0.7730679321289062 0.08617164611816407 0.02757537841796875 0.01156097412109375
2 0.7699423217773438 0.04859474182128906 0.02528656005859375 0.011447906494140625
2 0.7955317687988281 0.056273574829101565 0.01357421875 0.025843658447265626
2 0.7722596740722656 0.06290771484375 0.02528656005859375 0.011447906494140625
2 0.7740318298339843 0.03141914367675781 0.02528656005859375 0.011447906494140625
2 0.7699424743652343 0.004254875183105469 0.02528656005859375 0.00851715087890625
2 0.8675433349609375 0.05581939697265625 0.0252862548828125 0.011447906494140625
2 0.8695411682128906 0.24352989196777344 0.02535797119140625 0.011283416748046875
2 0.8421255493164063 0.1847039794921875 0.01194091796875 0.02595184326171875
2 0.7734103393554688 0.27753822326660155 0.025357666015625 0.01128326416015625
2 0.7675155639648438 0.33270767211914065 0.025357666015625 0.01128326416015625
2 0.7712942504882813 0.3939228057861328 0.0253582763671875 0.011283416748046875
2 0.7684225463867187 0.4720668029785156 0.025357666015625 0.01128326416015625
2 0.7688758850097657 0.4843099975585938 0.025357666015625 0.01128326416015625
2 0.9196647644042969 0.40583450317382813 0.01194061279296875 0.02595184326171875
2 0.978310546875 0.4047764587402344 0.0119403076171875 0.0259515380859375
2 0.9919424438476563 0.404625244140625 0.01194091796875 0.02595184326171875
2 0.9656137084960937 0.4041717529296875 0.012847900390625 0.031115570068359376
2 0.7734103393554688 0.5689532470703125 0.025357666015625 0.01128326416015625
2 0.7732594299316407 0.6019036865234375 0.025357666015625 0.01128326416015625
2 0.7981411743164063 0.5808647155761719 0.01194061279296875 0.02595184326171875
2 0.8409159851074218 0.5445892333984375 0.01194061279296875 0.02595184326171875
2 0.8792306518554688 0.7147642517089844 0.025357666015625 0.01128326416015625
2 0.77243896484375 0.8377961730957031 0.025357666015625 0.01128326416015625
2 0.7719471740722657 0.8687997436523438 0.025357666015625 0.01128326416015625
2 0.7698077392578125 0.8806100463867188 0.02272003173828125 0.0108990478515625
2 0.9044721984863281 0.6689332580566406 0.01194061279296875 0.02595184326171875
2 0.9221266174316406 0.669947509765625 0.01194091796875 0.02595184326171875
2 0.8003733825683593 0.8978291320800781 0.01194091796875 0.02595184326171875
2 0.9838156127929687 0.7673501586914062 0.01194091796875 0.02595184326171875
