7 0.6866818237304687 0.8015774536132813 0.049886474609375 0.0563458251953125
2 0.06770416259765626 0.060122833251953126 0.01284149169921875 0.02924560546875
2 0.4123809814453125 0.06363189697265625 0.01162506103515625 0.023843994140625
2 0.4755177307128906 0.06508758544921875 0.01162506103515625 0.023843994140625
2 0.5339239501953125 0.0639959716796875 0.01162506103515625 0.023843994140625
2 0.23505828857421876 0.034687347412109375 0.0246337890625 0.01112579345703125
2 0.9139118957519531 0.14419403076171874 0.01086700439453125 0.02276824951171875
2 0.6686740112304688 0.27276580810546874 0.01086700439453125 0.02276885986328125
2 0.48638214111328126 0.27246795654296874 0.01086700439453125 0.02276824951171875
2 0.4993284606933594 0.268896484375 0.01086700439453125 0.02276885986328125
2 0.892757568359375 0.44674835205078123 0.0280426025390625 0.0128118896484375
2 0.893245849609375 0.4638385009765625 0.0280426025390625 0.0128118896484375
2 0.795589599609375 0.4662797546386719 0.0280426025390625 0.0128118896484375
2 0.7919276428222656 0.48361404418945314 0.0280426025390625 0.0128118896484375
2 0.7954612731933594 0.4977592468261719 0.02798736572265625 0.0122943115234375
2 0.8667205810546875 0.8625213623046875 0.0125787353515625 0.0313885498046875
