7 0.0881768798828125 0.6240664482116699 0.06089599609375 0.03838291168212891
7 0.0935009765625 0.6765626525878906 0.049766845703125 0.025124969482421874
7 0.03945648193359375 0.2237071228027344 0.0548394775390625 0.027527122497558593
7 0.1301220703125 0.2183406448364258 0.0571380615234375 0.026564788818359376
7 0.2736285400390625 0.2638073348999023 0.062122802734375 0.03788753509521484
7 0.352374267578125 0.2687409019470215 0.05003662109375 0.026600341796875
7 0.4450067138671875 0.26705060958862303 0.055894775390625 0.04049861907958984
7 0.26112548828125 0.6296875 0.055999755859375 0.030877532958984374
7 0.4256500244140625 0.6373764038085937 0.06405029296875 0.053777008056640624
7 0.816356201171875 0.8323875427246094 0.036015625 0.048275146484375
2 0.2675146484375 0.058095302581787106 0.0264111328125 0.011914119720458985
2 0.1654730224609375 0.08788788795471192 0.012628173828125 0.026875
2 0.22828857421875 0.09503629684448242 0.011868896484375 0.026734447479248045
2 0.21626953125 0.0894876217842102 0.0126025390625 0.021985373497009277
2 0.24375 0.05750755786895752 0.024140625 0.011128854751586915
2 0.3891009521484375 0.03964233636856079 0.0264111328125 0.011914124488830566
2 0.7605230712890625 0.05729498863220215 0.0264111328125 0.011914148330688476
2 0.788671875 0.056579370498657224 0.0264111328125 0.011914148330688476
2 0.795828857421875 0.010062167644500733 0.0264111328125 0.011914136409759522
2 0.9585137939453126 0.19451574325561524 0.0109619140625 0.026725883483886718
2 0.8528363037109375 0.0902695631980896 0.0109619140625 0.026725926399230958
2 0.95851318359375 0.23602338790893554 0.0109619140625 0.026725883483886718
2 0.857130126953125 0.5981417083740235 0.0109619140625 0.02672599792480469
2 0.8435321044921875 0.6005271530151367 0.0109619140625 0.02672576904296875
2 0.8211077880859375 0.5967102432250977 0.0109619140625 0.026725692749023436
2 0.8060809326171875 0.6036281967163086 0.0109619140625 0.026725692749023436
2 0.66657470703125 0.3964949035644531 0.025938720703125 0.011876754760742188
2 0.6669140625 0.4120908737182617 0.025810546875 0.012534561157226563
2 0.6901910400390625 0.6252639007568359 0.025938720703125 0.011876754760742188
2 0.898922119140625 0.6264567184448242 0.025714111328125 0.011876754760742188
2 0.50881591796875 0.3982364654541016 0.01104736328125 0.025569076538085937
2 0.42174560546875 0.494610595703125 0.011048583984375 0.025569076538085937
2 0.409102783203125 0.49604190826416017 0.01104736328125 0.025569076538085937
2 0.225887451171875 0.3604035568237305 0.011048583984375 0.025569076538085937
2 0.054503173828125 0.8156845855712891 0.011048583984375 0.025569000244140626
2 0.08456695556640625 0.8995321655273437 0.011048583984375 0.025569000244140626
2 0.15697509765625 0.9033432006835938 0.011048583984375 0.025569000244140626
2 0.07084808349609376 0.9044863891601562 0.0110491943359375 0.025569000244140626
2 0.011527862548828125 0.8345703887939453 0.0231689453125 0.0111181640625
2 0.11627288818359376 0.836285400390625 0.0233953857421875 0.0111181640625
2 0.1527630615234375 0.835746841430664 0.029534912109375 0.01181396484375
2 0.20811767578125 0.875157470703125 0.02339599609375 0.011118316650390625
2 0.19111328125 0.8055415344238281 0.0113427734375 0.027636566162109376
2 0.3460284423828125 0.9031025695800782 0.0113427734375 0.02763641357421875
2 0.3279241943359375 0.9033123016357422 0.010955810546875 0.02729461669921875
2 0.3684857177734375 0.8054010009765625 0.0110498046875 0.025569000244140626
2 0.66664306640625 0.8100221252441406 0.025008544921875 0.0111724853515625
2 0.660689697265625 0.7978257751464843 0.02339599609375 0.011118316650390625
2 0.6645916748046875 0.7682231903076172 0.027042236328125 0.010643463134765625
2 0.664129638671875 0.9262918853759765 0.025008544921875 0.0111724853515625
2 0.667303466796875 0.9146517944335938 0.025008544921875 0.0111724853515625
2 0.9616558837890625 0.5777070236206054 0.01112548828125 0.026933441162109373
2 0.9260003662109375 0.8153366088867188 0.024837646484375 0.024437255859375
