7 0.44875 0.7119375610351563 0.025999755859375 0.0265985107421875
2 0.05037628173828125 0.9118106079101562 0.02814910888671875 0.0126715087890625
2 0.00752716064453125 0.7871322631835938 0.0125787353515625 0.02656494140625
2 0.2178228759765625 0.8331332397460938 0.0098760986328125 0.026158447265625
2 0.9188604736328125 0.8868374633789062 0.011463623046875 0.0247686767578125
2 0.7982888793945313 0.8452301025390625 0.0110699462890625 0.0268505859375
2 0.8933358764648438 0.9156118774414063 0.02873779296875 0.0202117919921875
2 0.7503836059570312 0.948482666015625 0.0109710693359375 0.02699462890625
2 0.7389620971679688 0.9533935546875 0.0107861328125 0.0259893798828125
2 0.6412896728515625 0.93541015625 0.0107861328125 0.0259893798828125
2 0.5977423095703125 0.9426388549804687 0.0107861328125 0.02598876953125
2 0.6188992309570313 0.8322720336914062 0.0107861328125 0.0259893798828125
2 0.6990478515625 0.867216796875 0.030853271484375 0.01341796875
2 0.6494467163085937 0.9116522216796875 0.0254449462890625 0.012503662109375
2 0.3336846923828125 0.8633453369140625 0.0254449462890625 0.012503662109375
2 0.204071044921875 0.8343682861328126 0.0098760986328125 0.026158447265625
2 0.25114501953125 0.8377182006835937 0.0098760986328125 0.026158447265625
2 0.26514373779296874 0.8339474487304688 0.0109649658203125 0.027222900390625
2 0.47328857421875 0.9392697143554688 0.0098760986328125 0.0261578369140625
2 0.446851806640625 0.94608154296875 0.0105645751953125 0.0242669677734375
2 0.43494354248046874 0.9464651489257813 0.0100506591796875 0.0208038330078125
2 0.299365234375 0.94064697265625 0.0100494384765625 0.0260931396484375
2 0.27168548583984375 0.9447021484375 0.0100494384765625 0.0260931396484375
2 0.288258056640625 0.943468017578125 0.0100494384765625 0.0260931396484375
2 0.030458526611328127 0.7782635498046875 0.01048614501953125 0.0229327392578125
2 0.09710159301757812 0.8304498291015625 0.01048614501953125 0.0229327392578125
2 0.04967575073242188 0.9445187377929688 0.01048614501953125 0.0229327392578125
2 0.0752398681640625 0.9445187377929688 0.01048614501953125 0.0229327392578125
2 0.0042752838134765625 0.9404638671875 0.008550567626953125 0.0229327392578125
2 0.13677001953125 0.9445187377929688 0.0104864501953125 0.0229327392578125
2 0.123111572265625 0.942210693359375 0.01699951171875 0.0271978759765625
2 0.030194091796875 0.7255490112304688 0.01120391845703125 0.025048828125
2 0.030823211669921875 0.5978756713867187 0.01120452880859375 0.025048828125
2 0.2733197021484375 0.5699752807617188 0.0108526611328125 0.0249078369140625
2 0.9898846435546875 0.111466064453125 0.0117279052734375 0.028408203125
2 0.9771102905273438 0.10991455078125 0.0108837890625 0.024732666015625
2 0.8697650146484375 0.11162261962890625 0.0108843994140625 0.024732666015625
2 0.85645263671875 0.11148040771484374 0.013873291015625 0.0275091552734375
2 0.9115899658203125 0.14110595703125 0.0213568115234375 0.01151123046875
2 0.8891671752929687 0.1408343505859375 0.02321533203125 0.011822509765625
2 0.8083767700195312 0.30828277587890623 0.0232147216796875 0.0118218994140625
2 0.9083377075195312 0.3933779907226562 0.02321533203125 0.011822509765625
2 0.809158935546875 0.3344952392578125 0.0232147216796875 0.0118212890625
2 0.6700738525390625 0.14083404541015626 0.0232147216796875 0.0118218994140625
2 0.6957003784179687 0.142398681640625 0.0232147216796875 0.0118218994140625
2 0.6407321166992187 0.141812744140625 0.02321533203125 0.011822509765625
2 0.6144342041015625 0.11617462158203125 0.0108837890625 0.024732666015625
2 0.6177603149414063 0.20987579345703125 0.0108837890625 0.024732666015625
2 0.55242431640625 0.21144012451171876 0.0108843994140625 0.024732666015625
2 0.5808880615234375 0.21291534423828126 0.012911376953125 0.02916748046875
2 0.4265716552734375 0.2104541015625 0.01180419921875 0.026998291015625
2 0.4420953369140625 0.2114404296875 0.0108843994140625 0.024732666015625
2 0.4581683349609375 0.20830078125 0.011219482421875 0.028568115234375
2 0.478809814453125 0.1564410400390625 0.0280084228515625 0.0120794677734375
2 0.26310516357421876 0.213787841796875 0.0108843994140625 0.024732666015625
2 0.22593719482421876 0.11519683837890625 0.0108837890625 0.024732666015625
2 0.3786541748046875 0.1846099853515625 0.0280096435546875 0.012080078125
2 0.21146148681640625 0.11343536376953126 0.0108843994140625 0.024732666015625
2 0.19874664306640624 0.115587158203125 0.0108843994140625 0.024732666015625
2 0.10915298461914062 0.1120660400390625 0.01088409423828125 0.024732666015625
2 0.09624252319335938 0.11226165771484375 0.01088409423828125 0.024732666015625
2 0.08137527465820313 0.1118707275390625 0.0108837890625 0.024732666015625
2 0.028558349609375 0.09191741943359374 0.01088409423828125 0.024732666015625
2 0.80953857421875 0.4200225830078125 0.02321533203125 0.011822509765625
2 0.8139865112304687 0.40659942626953127 0.0311865234375 0.0128143310546875
2 0.8396188354492188 0.3652423095703125 0.0125128173828125 0.0312701416015625
2 0.911087646484375 0.4583770751953125 0.0232147216796875 0.0118218994140625
2 0.8397311401367188 0.4289910888671875 0.0109637451171875 0.0238494873046875
2 0.839356689453125 0.45686614990234375 0.010963134765625 0.02385009765625
2 0.7912924194335937 0.50258056640625 0.024715576171875 0.0111602783203125
2 0.7624380493164062 0.5026873779296875 0.028775634765625 0.0133746337890625
2 0.7292922973632813 0.5023309326171875 0.024715576171875 0.011160888671875
2 0.700543212890625 0.5039553833007813 0.024715576171875 0.0111602783203125
2 0.64916748046875 0.5022055053710938 0.024715576171875 0.0111602783203125
2 0.7569171142578125 0.5443310546875 0.024715576171875 0.0111602783203125
2 0.6944046020507812 0.544278564453125 0.0271905517578125 0.01130615234375
2 0.647391357421875 0.5432159423828125 0.02871826171875 0.011319580078125
2 0.8006378173828125 0.5688592529296875 0.0111505126953125 0.0262823486328125
2 0.7848858642578125 0.5730975341796875 0.009478759765625 0.0210552978515625
2 0.8343746948242188 0.5636248779296875 0.0147723388671875 0.0277508544921875
2 0.8498757934570312 0.5612503051757812 0.0147723388671875 0.027750244140625
2 0.86413818359375 0.5591506958007812 0.018739013671875 0.0306988525390625
2 0.8989013671875 0.5798367309570313 0.0256976318359375 0.03117431640625
2 0.8870626831054688 0.5862503051757812 0.02202880859375 0.0279998779296875
2 0.9204110717773437 0.5584420776367187 0.0255133056640625 0.021614990234375
2 0.8895004272460938 0.49537567138671873 0.032059326171875 0.0242498779296875
2 0.4847479248046875 0.544278564453125 0.0271905517578125 0.01130615234375
2 0.37849945068359375 0.5031201171875 0.02990478515625 0.01141845703125
2 0.6295425415039062 0.4742327880859375 0.0109637451171875 0.0238494873046875
2 0.6236862182617188 0.570557861328125 0.010963134765625 0.0238494873046875
2 0.4328546142578125 0.5707595825195313 0.0109637451171875 0.02385009765625
2 0.3987261962890625 0.5703558349609374 0.010963134765625 0.0238494873046875
2 0.3890338134765625 0.474232177734375 0.010963134765625 0.0238494873046875
2 0.55785400390625 0.47625244140625 0.0109637451171875 0.0238494873046875
2 0.6170376586914063 0.4744281005859375 0.011279296875 0.0290045166015625
2 0.44882232666015626 0.475032958984375 0.011279296875 0.0290045166015625
2 0.3747113037109375 0.47584075927734376 0.011279296875 0.0290045166015625
2 0.25999237060546876 0.572398681640625 0.0108526611328125 0.0249078369140625
2 0.12125991821289063 0.5715914916992187 0.01085174560546875 0.0249078369140625
