7 0.6806964111328125 0.7937387084960937 0.05594970703125 0.035062255859375
7 0.5351251220703125 0.44962493896484373 0.02199951171875 0.0232501220703125
7 0.97125 0.3903125 0.0502130126953125 0.050875244140625
7 0.946402587890625 0.7569821166992188 0.05080322265625 0.0325372314453125
7 0.8498611450195312 0.041445770263671876 0.0532220458984375 0.019359130859375
7 0.8679595947265625 0.012186050415039062 0.0275823974609375 0.02487213134765625
2 0.76001708984375 0.9814889526367188 0.0278582763671875 0.0127679443359375
2 0.39742218017578124 0.9340966796875 0.0278582763671875 0.0127679443359375
2 0.9254129028320313 0.5762725830078125 0.0278582763671875 0.0127679443359375
2 0.5345089721679688 0.5813616943359375 0.0278582763671875 0.0127679443359375
2 0.7775439453125 0.8961248779296875 0.01066162109375 0.024749755859375
2 0.4512408447265625 0.9026409912109375 0.01066162109375 0.024749755859375
2 0.4379913330078125 0.8993807983398437 0.010755615234375 0.0227789306640625
2 0.5836138916015625 0.8993829345703125 0.01066162109375 0.024749755859375
2 0.7920721435546875 0.8959515380859375 0.010755615234375 0.0227789306640625
2 0.26434112548828126 0.9004705810546875 0.0115301513671875 0.028519287109375
2 0.19274932861328126 0.8995315551757812 0.0114642333984375 0.024769287109375
2 0.1063604736328125 0.8868374633789062 0.011463623046875 0.0247686767578125
2 0.08083587646484375 0.9156118774414063 0.02873779296875 0.0202117919921875
2 0.9763189697265625 0.2839620971679688 0.0118377685546875 0.0261279296875
2 0.9605191040039063 0.28489105224609373 0.01183837890625 0.0261285400390625
2 0.860379638671875 0.286053466796875 0.01183837890625 0.0261279296875
2 0.8866348266601562 0.5488320922851563 0.01183837890625 0.0261279296875
2 0.9681866455078125 0.5495291137695313 0.01183837890625 0.0261279296875
2 0.7824240112304688 0.5782278442382812 0.0220489501953125 0.0119561767578125
2 0.68867919921875 0.284659423828125 0.01183837890625 0.0261279296875
2 0.7539669799804688 0.28837677001953127 0.01183837890625 0.0261279296875
2 0.5708816528320313 0.2879119873046875 0.0118377685546875 0.0261279296875
2 0.5427682495117188 0.287911376953125 0.0118377685546875 0.0261279296875
2 0.5014111328125 0.2818707275390625 0.0118377685546875 0.0261279296875
2 0.5167584228515625 0.284559326171875 0.012021484375 0.0234295654296875
2 0.5557919311523437 0.28874114990234373 0.012021484375 0.0234295654296875
2 0.6742868041992187 0.2857208251953125 0.012021484375 0.0234295654296875
2 0.48957489013671873 0.2831646728515625 0.012021484375 0.0234295654296875
2 0.6842642211914063 0.5504580688476562 0.0118377685546875 0.0261279296875
2 0.7309652709960938 0.5504583740234374 0.0118377685546875 0.0261279296875
2 0.5996920776367187 0.5504580688476562 0.0118377685546875 0.0261279296875
2 0.5838925170898438 0.5509231567382813 0.01183837890625 0.026129150390625
2 0.8273880004882812 0.6436273193359375 0.01183837890625 0.0261279296875
2 0.5971365356445313 0.6459506225585937 0.01183837890625 0.026129150390625
2 0.62455322265625 0.6466482543945312 0.01183837890625 0.026129150390625
2 0.6446133422851562 0.6456375122070312 0.011690673828125 0.0236419677734375
2 0.7123907470703125 0.1897637939453125 0.012021484375 0.0234295654296875
2 0.8227532958984375 0.18860137939453125 0.012021484375 0.0234295654296875
2 0.983963623046875 0.1892083740234375 0.0144146728515625 0.0322247314453125
2 0.6765316772460938 0.13549041748046875 0.026339111328125 0.0131475830078125
2 0.5539334106445313 0.1609521484375 0.012021484375 0.0234295654296875
2 0.5406900024414063 0.15862945556640626 0.012021484375 0.0234295654296875
2 0.5416192626953125 0.18232879638671876 0.012021484375 0.0234295654296875
2 0.39876617431640626 0.2604913330078125 0.0116326904296875 0.0210101318359375
2 0.3019091796875 0.22962890625 0.01142822265625 0.028056640625
2 0.3933721923828125 0.5167694091796875 0.01183837890625 0.0261279296875
2 0.4918853759765625 0.5555694580078125 0.01183837890625 0.0261285400390625
2 0.405867919921875 0.6751931762695312 0.0189617919921875 0.0273040771484375
2 0.392484130859375 0.6741299438476562 0.0183587646484375 0.0284814453125
2 0.39818115234375 0.6480227661132812 0.018358154296875 0.0284808349609375
2 0.3625146484375 0.5902218627929687 0.0278582763671875 0.0127679443359375
2 0.35903350830078123 0.603197021484375 0.0278582763671875 0.0127679443359375
2 0.33450836181640625 0.6232916259765625 0.02785888671875 0.0127685546875
2 0.46873016357421876 0.569659423828125 0.032503662109375 0.025235595703125
2 0.3714385986328125 0.6411981201171875 0.023258056640625 0.0249658203125
2 0.49030029296875 0.2075408935546875 0.024805908203125 0.016058349609375
2 0.6753314208984375 0.065987548828125 0.0239727783203125 0.0118890380859375
2 0.6747830200195313 0.080972900390625 0.023973388671875 0.0118896484375
2 0.6456063842773437 0.05168853759765625 0.011607666015625 0.0261767578125
2 0.1938507080078125 0.2114056396484375 0.01142822265625 0.028056640625
2 0.35714752197265626 0.1269805908203125 0.01134521484375 0.028468017578125
2 0.342838134765625 0.1250701904296875 0.0114910888671875 0.0248443603515625
2 0.2978387451171875 0.152069091796875 0.0298931884765625 0.0178155517578125
2 0.1773846435546875 0.111466064453125 0.0117279052734375 0.028408203125
2 0.16461029052734374 0.10991455078125 0.0108837890625 0.024732666015625
2 0.0572650146484375 0.11162261962890625 0.0108843994140625 0.024732666015625
2 0.04395263671875 0.11148040771484374 0.013873291015625 0.0275091552734375
2 0.0990899658203125 0.14110595703125 0.0213568115234375 0.01151123046875
2 0.07666717529296875 0.1408343505859375 0.02321533203125 0.011822509765625
2 0.09583770751953125 0.3933779907226562 0.02321533203125 0.011822509765625
2 0.02711883544921875 0.3652423095703125 0.0125128173828125 0.0312701416015625
2 0.098587646484375 0.4583770751953125 0.0232147216796875 0.0118218994140625
2 0.02723114013671875 0.4289910888671875 0.0109637451171875 0.0238494873046875
2 0.026856689453125 0.45686614990234375 0.010963134765625 0.02385009765625
2 0.02187469482421875 0.5636248779296875 0.0147723388671875 0.0277508544921875
2 0.03737579345703125 0.5612503051757812 0.0147723388671875 0.027750244140625
2 0.05163818359375 0.5591506958007812 0.018739013671875 0.0306988525390625
2 0.0864013671875 0.5798367309570313 0.0256976318359375 0.03117431640625
2 0.07456268310546875 0.5862503051757812 0.02202880859375 0.0279998779296875
2 0.10791107177734376 0.5584420776367187 0.0255133056640625 0.021614990234375
2 0.07700042724609375 0.49537567138671873 0.032059326171875 0.0242498779296875
