7 0.15875 0.4340625 0.0502130126953125 0.050875244140625
7 0.133902587890625 0.8007321166992187 0.05080322265625 0.0325372314453125
7 0.2277154541015625 0.8029843139648437 0.0246124267578125 0.024970703125
7 0.284375 0.729124755859375 0.02086669921875 0.0389996337890625
7 0.03736114501953125 0.08519577026367188 0.0532220458984375 0.019359130859375
7 0.0554595947265625 0.05537368774414062 0.0275823974609375 0.02649688720703125
7 0.28661376953125 0.04779449462890625 0.023021240234375 0.0478399658203125
7 0.5660235595703125 0.8712405395507813 0.051605224609375 0.02530029296875
7 0.57450927734375 0.43338623046875 0.0234869384765625 0.0260125732421875
7 0.5794918823242188 0.1384234619140625 0.04085693359375 0.0673675537109375
7 0.9849114990234376 0.44012115478515623 0.056177978515625 0.0449920654296875
7 0.9882443237304688 0.2164447021484375 0.0560101318359375 0.0522607421875
2 0.6997463989257813 0.08663345336914062 0.0275567626953125 0.0116778564453125
2 0.7296694946289063 0.1256060791015625 0.0302972412109375 0.013233642578125
2 0.7984402465820313 0.11174652099609375 0.01104736328125 0.0239410400390625
2 0.7289266967773438 0.1733404541015625 0.0302972412109375 0.0132330322265625
2 0.8231329345703124 0.17812347412109375 0.0272088623046875 0.0135638427734375
2 0.79812255859375 0.26928619384765623 0.011065673828125 0.0259417724609375
2 0.8262728881835938 0.27964996337890624 0.0272393798828125 0.0120367431640625
2 0.8247219848632813 0.38451904296875 0.0259234619140625 0.011649169921875
2 0.757684326171875 0.4013641357421875 0.01183837890625 0.0261285400390625
2 0.7299981689453126 0.4845263671875 0.027874755859375 0.014136962890625
2 0.7260494995117187 0.5242550659179688 0.026339111328125 0.0131475830078125
2 0.7289126586914062 0.5781634521484375 0.026339111328125 0.0131475830078125
2 0.7305328369140625 0.9045526123046875 0.026339111328125 0.0131475830078125
2 0.7259039306640624 0.86936767578125 0.026339111328125 0.01314697265625
2 0.8245147705078125 0.8793209838867188 0.026339111328125 0.01314697265625
2 0.8259030151367187 0.8621908569335938 0.026339111328125 0.0131475830078125
2 0.47682952880859375 0.781173095703125 0.026339111328125 0.0131475830078125
2 0.2606256103515625 0.6216818237304688 0.026339111328125 0.01314697265625
2 0.3638665771484375 0.9253656005859375 0.0278582763671875 0.0127679443359375
2 0.11291290283203125 0.6200225830078125 0.0278582763671875 0.0127679443359375
2 0.475323486328125 0.33049468994140624 0.026339111328125 0.0131475830078125
2 0.47276763916015624 0.34861785888671876 0.026339111328125 0.01314697265625
2 0.34474761962890627 0.2877438354492188 0.026339111328125 0.0131475830078125
2 0.30919921875 0.30214935302734375 0.026339111328125 0.013148193359375
2 0.24263275146484375 0.3008349609375 0.0290283203125 0.0133807373046875
2 0.1882135009765625 0.3270150756835937 0.0118377685546875 0.0261279296875
2 0.1638189697265625 0.32771209716796873 0.0118377685546875 0.0261279296875
2 0.14801910400390625 0.32864105224609375 0.01183837890625 0.0261285400390625
2 0.047879638671875 0.329803466796875 0.01183837890625 0.0261279296875
2 0.07413482666015625 0.5925820922851562 0.01183837890625 0.0261279296875
2 0.1556866455078125 0.5932791137695312 0.01183837890625 0.0261279296875
2 0.1868206787109375 0.5918853759765625 0.01183837890625 0.026129150390625
2 0.01488800048828125 0.6873773193359375 0.01183837890625 0.0261279296875
2 0.0102532958984375 0.23235137939453124 0.012021484375 0.0234295654296875
2 0.171463623046875 0.2329583740234375 0.0144146728515625 0.0322247314453125
2 0.4743768310546875 0.1900262451171875 0.026339111328125 0.01314697265625
2 0.32011077880859373 0.12554168701171875 0.026339111328125 0.0131475830078125
2 0.4770220947265625 0.00798187255859375 0.026339111328125 0.0131475830078125
