7 0.04585296630859375 0.2791326141357422 0.028621826171875 0.03049781799316406
7 0.04743560791015625 0.5704524993896485 0.0409490966796875 0.043530731201171874
7 0.4776019287109375 0.13018303871154785 0.0255303955078125 0.027798614501953124
7 0.408018798828125 0.3142152976989746 0.022001953125 0.023370838165283202
7 0.809354248046875 0.29263084411621093 0.0258026123046875 0.04709712982177734
7 0.697857666015625 0.4610356521606445 0.0204998779296875 0.032474212646484375
7 0.39843780517578126 0.9675089263916016 0.059725341796875 0.05328933715820312
7 0.7595004272460938 0.8503750610351563 0.0270416259765625 0.024499969482421877
2 0.6302349853515625 0.8208763122558593 0.01194091796875 0.02595184326171875
2 0.6610772705078125 0.9962773895263672 0.02498779296875 0.0115167236328125
2 0.6643673706054688 0.8965809631347657 0.02498779296875 0.0115167236328125
2 0.4014617919921875 0.8320564270019531 0.02498779296875 0.011517486572265624
2 0.26867431640625 0.8336361694335938 0.027132568359375 0.01187744140625
2 0.4500726318359375 0.7641962432861328 0.01194091796875 0.02595184326171875
2 0.6335238647460938 0.6855015563964844 0.01194091796875 0.02595184326171875
2 0.29796295166015624 0.8607331085205078 0.011871337890625 0.027015533447265625
2 0.7180111694335938 0.6060951995849609 0.0249871826171875 0.0115167236328125
2 0.7466036987304687 0.6086255645751953 0.0249871826171875 0.0115167236328125
2 0.04938140869140625 0.86015380859375 0.01357421875 0.02584381103515625
2 0.03508575439453125 0.8630781555175782 0.0118109130859375 0.020726318359375
2 0.13603973388671875 0.8620240783691406 0.01357421875 0.025843658447265626
7 0.189588623046875 0.9714701843261718 0.0199273681640625 0.028809967041015624
2 0.1949853515625 0.08665918588638305 0.0126275634765625 0.026875262260437013
2 0.2784716796875 0.08880379438400268 0.0126275634765625 0.026875252723693847
2 0.29470977783203123 0.09094840049743652 0.012628173828125 0.026875
2 0.39198272705078124 0.08819103956222535 0.0126275634765625 0.026875252723693847
2 0.4186370849609375 0.10764570236206054 0.0126275634765625 0.026875267028808592
2 0.37548919677734377 0.08045845150947571 0.01324951171875 0.03577453136444092
2 0.43150482177734373 0.11423270225524902 0.012628173828125 0.026875
2 0.448299560546875 0.11282163619995117 0.0222119140625 0.03162502288818359
2 0.5517401123046874 0.239407958984375 0.0260888671875 0.011847152709960937
2 0.5475119018554687 0.19602558135986328 0.0260888671875 0.011847152709960937
2 0.660250244140625 0.23917659759521484 0.030609130859375 0.011441421508789063
2 0.727789306640625 0.05692959785461426 0.030609130859375 0.011441431045532226
2 0.757548828125 0.09097835540771484 0.012628173828125 0.026875267028808592
2 0.5556011962890625 0.5016499710083008 0.0260614013671875 0.011783218383789063
2 0.5528515625 0.5172749710083008 0.0260614013671875 0.011783218383789063
2 0.5526016235351563 0.5893999099731445 0.0260614013671875 0.011783294677734375
2 0.7544448852539063 0.538648681640625 0.01194091796875 0.02595184326171875
