7 0.0811529541015625 0.6272242736816406 0.063692626953125 0.06675933837890625
7 0.1777056884765625 0.6755003356933593 0.05105224609375 0.03562713623046875
7 0.2566424560546875 0.6271488952636719 0.0559912109375 0.050101318359375
7 0.371783447265625 0.6324568176269532 0.05990234375 0.03425201416015625
7 0.0156988525390625 0.2632383728027344 0.0315228271484375 0.018523406982421876
7 0.816356201171875 0.021542129516601564 0.036015625 0.044025115966796875
7 0.817750244140625 0.211500244140625 0.024500732421875 0.05442092895507813
7 0.782186279296875 0.18443748474121094 0.03487548828125 0.05674942016601563
7 0.28378173828125 0.26875350952148436 0.05556396484375 0.03325653076171875
7 0.5160321044921875 0.20829254150390625 0.05893310546875 0.0321649169921875
7 0.74224609375 0.5026496887207031 0.029312744140625 0.04154937744140625
7 0.8018743896484375 0.6355000305175781 0.061824951171875 0.04649993896484375
7 0.7218115234375 0.6053126525878906 0.0383740234375 0.056773681640625
2 0.08456695556640625 0.08703216552734375 0.011048583984375 0.025569000244140626
2 0.15697509765625 0.09084320068359375 0.011048583984375 0.025569000244140626
2 0.07084808349609376 0.09198638916015625 0.0110491943359375 0.025569000244140626
2 0.011527862548828125 0.022070388793945312 0.0231689453125 0.0111181640625
2 0.11627288818359376 0.023785400390625 0.0233953857421875 0.0111181640625
2 0.1527630615234375 0.023246841430664064 0.029534912109375 0.01181396484375
2 0.20811767578125 0.062657470703125 0.02339599609375 0.011118316650390625
2 0.3460284423828125 0.09060256958007812 0.0113427734375 0.02763641357421875
2 0.3279241943359375 0.09081230163574219 0.010955810546875 0.02729461669921875
2 0.664129638671875 0.11379188537597656 0.025008544921875 0.0111724853515625
2 0.667303466796875 0.10215179443359375 0.025008544921875 0.0111724853515625
2 0.66988037109375 0.24354026794433595 0.02782958984375 0.01157196044921875
2 0.6660064697265625 0.2588706207275391 0.02782958984375 0.01157196044921875
2 0.66332275390625 0.28511749267578124 0.02141845703125 0.01059906005859375
2 0.66871337890625 0.27147201538085936 0.02141845703125 0.01059906005859375
2 0.596292724609375 0.5426051330566406 0.0291015625 0.01140289306640625
2 0.59175537109375 0.5617279052734375 0.027518310546875 0.0107122802734375
2 0.5884246826171875 0.58820068359375 0.027518310546875 0.0107122802734375
2 0.5485125732421875 0.3347650146484375 0.02494140625 0.0112200927734375
2 0.547989501953125 0.34581794738769533 0.024949951171875 0.011236572265625
2 0.5834246826171875 0.34940399169921876 0.018233642578125 0.027875213623046874
2 0.57588623046875 0.3757012176513672 0.018233642578125 0.027875213623046874
4 0.2237774658203125 0.3534529113769531 0.011405029296875 0.02522491455078125
2 0.1537774658203125 0.4298857116699219 0.02494140625 0.0112200927734375
2 0.114381103515625 0.40320396423339844 0.011048583984375 0.025569000244140626
2 0.16497589111328126 0.4993475341796875 0.011048583984375 0.02556884765625
2 0.1907855224609375 0.4301445007324219 0.02494140625 0.0112200927734375
2 0.0766552734375 0.4287210845947266 0.02494140625 0.011220245361328126
2 0.047928466796875 0.4304032897949219 0.02494140625 0.011220245361328126
2 0.004098052978515625 0.5003829956054687 0.008233642578125 0.02556915283203125
2 0.04800201416015625 0.7846000671386719 0.011048583984375 0.02556915283203125
2 0.06026519775390625 0.7849954223632812 0.011048583984375 0.02556915283203125
2 0.13943450927734374 0.8248092651367187 0.0295013427734375 0.01573028564453125
2 0.05108245849609375 0.8857095336914063 0.010731201171875 0.024481201171875
2 0.03901702880859375 0.8870941162109375 0.010731201171875 0.024481201171875
2 0.235897216796875 0.8093228149414062 0.0110498046875 0.02556915283203125
2 0.2501373291015625 0.8113006591796875 0.011048583984375 0.02556915283203125
2 0.3458660888671875 0.9135554504394531 0.01104736328125 0.02556915283203125
2 0.176025390625 0.8285671997070313 0.029501953125 0.01573028564453125
2 0.267598876953125 0.8430052185058594 0.029501953125 0.01572998046875
2 0.3117999267578125 0.8443759155273437 0.027664794921875 0.01259368896484375
2 0.3573370361328125 0.8192121887207031 0.0110498046875 0.02556915283203125
2 0.5582867431640625 0.8993150329589844 0.011048583984375 0.02556915283203125
2 0.5598687744140625 0.6239984130859375 0.0110498046875 0.02556915283203125
2 0.58627685546875 0.8278469848632812 0.02357666015625 0.0099346923828125
2 0.5874169921875 0.8419699096679687 0.0251513671875 0.0106805419921875
2 0.5852386474609375 0.7602313232421875 0.02357666015625 0.0099346923828125
2 0.585980224609375 0.7145611572265625 0.02357666015625 0.0099346923828125
2 0.5877593994140625 0.7025503540039062 0.02357666015625 0.0099346923828125
2 0.4870025634765625 0.6826806640625 0.022537841796875 0.01172576904296875
2 0.490118408203125 0.6687428283691407 0.024910888671875 0.01172821044921875
2 0.973583984375 0.5762019348144531 0.011182861328125 0.02882904052734375
2 0.9614056396484375 0.7804458618164063 0.011182861328125 0.0229193115234375
2 0.9606884765625 0.8035475158691406 0.011182861328125 0.0229193115234375
