7 0.18925018310546876 0.5373753356933594 0.03274993896484375 0.03474334716796875
2 0.10141189575195313 0.14419403076171874 0.01086700439453125 0.02276824951171875
2 0.3722157287597656 0.16643203735351564 0.01086669921875 0.02276824951171875
2 0.35357162475585935 0.35664794921875 0.02449920654296875 0.012093505859375
2 0.3125776672363281 0.5328765869140625 0.02469482421875 0.01250885009765625
2 0.3117613220214844 0.558228759765625 0.02449920654296875 0.01209320068359375
2 0.3093446350097656 0.6116278076171875 0.0281494140625 0.012672119140625
2 0.3869049072265625 0.6123951721191406 0.02449920654296875 0.01209320068359375
2 0.3874794006347656 0.5984585571289063 0.02449920654296875 0.01209320068359375
2 0.3889161682128906 0.5852401733398438 0.02449920654296875 0.01209320068359375
2 0.39056060791015623 0.5571000671386719 0.0280426025390625 0.0128118896484375
2 0.080257568359375 0.44674835205078123 0.0280426025390625 0.0128118896484375
2 0.080745849609375 0.4638385009765625 0.0280426025390625 0.0128118896484375
2 0.5501966857910157 0.5408018493652343 0.013128662109375 0.03443389892578125
2 0.6789817810058594 0.385860595703125 0.01367279052734375 0.0284515380859375
2 0.8049433898925781 0.38177398681640623 0.01367279052734375 0.0284515380859375
2 0.7165606689453125 0.590047607421875 0.02449920654296875 0.012093505859375
2 0.6819290161132813 0.5928082275390625 0.0297283935546875 0.02271728515625
2 0.0542205810546875 0.8625213623046875 0.0125787353515625 0.0313885498046875
2 0.77243896484375 0.025296173095703124 0.025357666015625 0.01128326416015625
2 0.7719471740722657 0.05629974365234375 0.025357666015625 0.01128326416015625
2 0.7698077392578125 0.06811004638671875 0.02272003173828125 0.0108990478515625
2 0.8003733825683593 0.08532913208007813 0.01194091796875 0.02595184326171875
2 0.7701692199707031 0.23616561889648438 0.02169464111328125 0.01239410400390625
2 0.771416015625 0.2494140625 0.0216943359375 0.01239410400390625
2 0.9216529846191406 0.9683160400390625 0.01088409423828125 0.024732666015625
2 0.9087425231933594 0.9685116577148437 0.01088409423828125 0.024732666015625
2 0.8938752746582032 0.9681207275390625 0.0108837890625 0.024732666015625
2 0.841058349609375 0.9481674194335937 0.01088409423828125 0.024732666015625
2 0.8423318481445312 0.8018794250488281 0.01088409423828125 0.024732666015625
2 0.77833251953125 0.8494775390625 0.0269500732421875 0.01119171142578125
2 0.772081298828125 0.7793829345703125 0.0242510986328125 0.0121917724609375
2 0.7486271667480469 0.6967123413085937 0.01088409423828125 0.024732666015625
2 0.9163858032226563 0.6148344421386719 0.01088409423828125 0.02473297119140625
2 0.92930419921875 0.6151985168457031 0.01088409423828125 0.024732666015625
