7 0.232755126953125 0.9432681274414062 0.05824005126953125 0.0302862548828125
7 0.33445556640625 0.9824530029296875 0.04066162109375 0.04890625
7 0.8544378662109375 0.9208747482299805 0.047305908203125 0.049000091552734375
7 0.8340045166015625 0.7030137634277344 0.059742431640625 0.05427703857421875
7 0.82559814453125 0.6333418273925782 0.0575537109375 0.06581695556640625
7 0.884041748046875 0.5754861450195312 0.050836181640625 0.0304327392578125
7 0.07437591552734375 0.6066250610351562 0.0292547607421875 0.02875
2 0.20818450927734375 0.01230926513671875 0.0295013427734375 0.01573028564453125
2 0.11983245849609375 0.07320953369140625 0.010731201171875 0.024481201171875
2 0.10776702880859375 0.0745941162109375 0.010731201171875 0.024481201171875
2 0.4146160888671875 0.10105545043945313 0.01104736328125 0.02556915283203125
2 0.244775390625 0.01606719970703125 0.029501953125 0.01573028564453125
2 0.336348876953125 0.030505218505859376 0.029501953125 0.01572998046875
2 0.3805499267578125 0.03187591552734375 0.027664794921875 0.01259368896484375
2 0.4260870361328125 0.009740219116210938 0.0110498046875 0.01949676513671875
2 0.6270367431640625 0.08681503295898438 0.011048583984375 0.02556915283203125
2 0.65502685546875 0.01534698486328125 0.02357666015625 0.0099346923828125
2 0.6561669921875 0.02946990966796875 0.0251513671875 0.0106805419921875
2 0.720162353515625 0.3476019287109375 0.011182861328125 0.0229193115234375
2 0.7682464599609375 0.35094207763671875 0.01106201171875 0.02816650390625
2 0.7540972900390625 0.3496881103515625 0.01106201171875 0.02816680908203125
2 0.7347576904296875 0.35040496826171874 0.011063232421875 0.028167724609375
2 0.0175323486328125 0.3366363525390625 0.0139117431640625 0.02575958251953125
2 0.07236663818359375 0.34201019287109374 0.0257110595703125 0.02640106201171875
2 0.10187530517578125 0.42816986083984376 0.024892578125 0.0126617431640625
2 0.1277398681640625 0.429595947265625 0.026412353515625 0.01324981689453125
2 0.1729888916015625 0.4311265563964844 0.0296337890625 0.01204742431640625
2 0.13941436767578125 0.38190231323242185 0.026412353515625 0.01324981689453125
2 0.1658941650390625 0.38361053466796874 0.0264117431640625 0.01324920654296875
2 0.1735479736328125 0.35179412841796875 0.0128131103515625 0.03041839599609375
2 0.2890087890625 0.4305242919921875 0.02562744140625 0.0116851806640625
2 0.3123577880859375 0.42981231689453125 0.025626220703125 0.0116851806640625
2 0.3478076171875 0.41173141479492187 0.025626220703125 0.0116851806640625
2 0.307232666015625 0.38482376098632814 0.02562744140625 0.01168487548828125
2 0.411378173828125 0.3829780578613281 0.02634521484375 0.012254638671875
2 0.3883111572265625 0.35380462646484373 0.0126708984375 0.0294976806640625
2 0.5574468994140624 0.23647506713867186 0.024061279296875 0.01169281005859375
2 0.557872314453125 0.2763385009765625 0.02406005859375 0.01169281005859375
2 0.5591546630859375 0.29000564575195314 0.024061279296875 0.01169281005859375
2 0.628626708984375 0.20630523681640625 0.0132470703125 0.02906951904296875
2 0.33186279296875 0.4640516662597656 0.011397705078125 0.02349090576171875
2 0.3436798095703125 0.46305496215820313 0.011397705078125 0.02349090576171875
2 0.434794921875 0.46191619873046874 0.011397705078125 0.02349090576171875
2 0.4759405517578125 0.4651905822753906 0.011397705078125 0.02349090576171875
2 0.487987060546875 0.4597816467285156 0.012420654296875 0.0286151123046875
2 0.6028607177734375 0.42952728271484375 0.0306103515625 0.0116741943359375
2 0.664365234375 0.43066619873046874 0.030609130859375 0.0116741943359375
2 0.07331329345703125 0.461187744140625 0.0116595458984375 0.023125
2 0.06006317138671875 0.4588749694824219 0.0119097900390625 0.02524993896484375
2 0.619371337890625 0.7209477233886719 0.011241455078125 0.0282952880859375
2 0.50935302734375 0.7555343627929687 0.030609130859375 0.0125830078125
2 0.6194610595703125 0.7528488159179687 0.025328369140625 0.0129608154296875
2 0.638349609375 0.7934701538085938 0.026103515625 0.01244049072265625
2 0.4666217041015625 0.7269479370117188 0.01124267578125 0.02829559326171875
2 0.4553082275390625 0.7250727844238282 0.01086669921875 0.0253955078125
2 0.44143310546875 0.7251980590820313 0.01086669921875 0.02539581298828125
2 0.517183837890625 0.8243226623535156 0.01086669921875 0.02539581298828125
2 0.36055908203125 0.8223226928710937 0.01086669921875 0.02539581298828125
2 0.22568359375 0.8235726928710938 0.01086669921875 0.02539581298828125
2 0.49399658203125 0.8225726318359375 0.011241455078125 0.02829559326171875
2 0.3517218017578125 0.756412353515625 0.033306884765625 0.0116802978515625
2 0.08830902099609375 0.7246981811523437 0.01086669921875 0.02539581298828125
2 0.18768341064453126 0.7268229675292969 0.01086669921875 0.02539581298828125
2 0.1674334716796875 0.7288229370117187 0.01086669921875 0.02539581298828125
2 0.15479034423828125 0.7266822814941406 0.0116552734375 0.0233868408203125
2 0.1150238037109375 0.7956611633300781 0.0275567626953125 0.0116778564453125
2 0.087589111328125 0.7976266479492188 0.0288238525390625 0.0099981689453125
2 0.043336181640625 0.7976609802246094 0.0288275146484375 0.00919677734375
2 0.012095794677734376 0.9906234741210938 0.02423736572265625 0.0135638427734375
