7 0.1036614990234375 0.3963711547851563 0.056177978515625 0.0449920654296875
7 0.164005126953125 0.08701812744140625 0.05824005126953125 0.0302862548828125
7 0.10699432373046874 0.1726947021484375 0.0560101318359375 0.0522607421875
7 0.26570556640625 0.1262030029296875 0.04066162109375 0.04890625
7 0.7353564453125 0.6983587646484375 0.04080078125 0.0192486572265625
7 0.7856951904296875 0.5727871704101563 0.03531005859375 0.043465576171875
7 0.7856878662109374 0.06462474822998047 0.047305908203125 0.049000091552734375
2 0.09499176025390625 0.9762924194335938 0.03351318359375 0.01315673828125
2 0.5179034423828125 0.9143011474609375 0.031197509765625 0.0233050537109375
2 0.62608154296875 0.8855014038085938 0.0298291015625 0.0169305419921875
2 0.381629638671875 0.8836386108398437 0.013646240234375 0.03094482421875
2 0.4090057373046875 0.8724960327148438 0.011617431640625 0.0269830322265625
2 0.4525421142578125 0.9708685302734374 0.011668701171875 0.0305084228515625
2 0.468958740234375 0.9737109375 0.0110107421875 0.0255999755859375
2 0.5664202880859375 0.9317803955078126 0.010169677734375 0.0255450439453125
2 0.27447021484375 0.8822036743164062 0.010169677734375 0.0255450439453125
2 0.2727752685546875 0.82796630859375 0.010169677734375 0.0255450439453125
2 0.2145098876953125 0.6615713500976562 0.014837646484375 0.0264453125
2 0.201585693359375 0.6651199340820313 0.014837646484375 0.0264453125
2 0.2536669921875 0.6126458740234375 0.0189697265625 0.025692138671875
2 0.17886474609375 0.6255410766601562 0.028944091796875 0.0217138671875
2 0.3048199462890625 0.59166748046875 0.026400146484375 0.0297320556640625
2 0.317303466796875 0.6047079467773437 0.0281494140625 0.030299072265625
2 0.2859124755859375 0.7106854248046875 0.026998291015625 0.031453857421875
2 0.24714111328125 0.588411865234375 0.0177099609375 0.0296551513671875
2 0.39515869140625 0.2284796142578125 0.01183837890625 0.0261279296875
2 0.4097515869140625 0.2282373046875 0.01183837890625 0.0261279296875
2 0.33679443359375 0.20951141357421876 0.01183837890625 0.0261279296875
2 0.371083984375 0.3262420654296875 0.011837158203125 0.0261279296875
2 0.340684814453125 0.3388885498046875 0.01183837890625 0.0261279296875
2 0.271375732421875 0.345941162109375 0.011837158203125 0.0261279296875
2 0.27015869140625 0.3773126220703125 0.01183837890625 0.0261279296875
2 0.3207073974609375 0.20736785888671874 0.01183837890625 0.0261279296875
2 0.22271240234375 0.28432403564453124 0.030968017578125 0.0153009033203125
2 0.2746246337890625 0.318408203125 0.025819091796875 0.0307196044921875
2 0.505589599609375 0.22762908935546874 0.011837158203125 0.0261273193359375
2 0.5189556884765625 0.23294586181640625 0.01183837890625 0.0261279296875
2 0.672801513671875 0.3638418579101563 0.028153076171875 0.013341064453125
2 0.5728619384765625 0.40211639404296873 0.028153076171875 0.0133404541015625
2 0.5441546630859375 0.29883544921875 0.028153076171875 0.0133404541015625
2 0.6025665283203125 0.649599609375 0.013597412109375 0.029090576171875
2 0.835394287109375 0.8019085693359375 0.01265869140625 0.0291900634765625
2 0.8817547607421875 0.80101318359375 0.011160888671875 0.02894287109375
