7 0.03736114501953125 0.8976957702636719 0.0532220458984375 0.019359130859375
7 0.0554595947265625 0.8678736877441406 0.0275823974609375 0.02649688720703125
7 0.28661376953125 0.8602944946289063 0.023021240234375 0.0478399658203125
7 0.5794918823242188 0.9509234619140625 0.04085693359375 0.0673675537109375
7 0.8868759155273438 0.6066250610351562 0.0292547607421875 0.02875
2 0.13595367431640626 0.22193084716796874 0.01194091796875 0.02595184326171875
2 0.13379486083984374 0.16450408935546876 0.01194091796875 0.02595184326171875
2 0.17697296142578126 0.12326934814453125 0.01194091796875 0.02595184326171875
2 0.17740447998046874 0.096715087890625 0.01194091796875 0.02595184326171875
2 0.06770751953125 0.03170257568359375 0.0249871826171875 0.01151641845703125
2 0.0737799072265625 0.01753173828125 0.02498779296875 0.011517333984375
2 0.9323324584960937 0.07320953369140625 0.010731201171875 0.024481201171875
2 0.9202670288085938 0.0745941162109375 0.010731201171875 0.024481201171875
2 0.30020721435546877 0.29152984619140626 0.01194091796875 0.02595184326171875
2 0.2149066162109375 0.308656005859375 0.0308941650390625 0.01986663818359375
2 0.5225082397460937 0.3186332702636719 0.0292999267578125 0.0150677490234375
2 0.5478765869140625 0.3210865783691406 0.0286773681640625 0.01500213623046875
2 0.7049508666992188 0.35072128295898436 0.024892578125 0.0126617431640625
2 0.7169912719726562 0.31969467163085935 0.0139117431640625 0.02575958251953125
2 0.8300323486328125 0.3366363525390625 0.0139117431640625 0.02575958251953125
2 0.8848666381835938 0.34201019287109374 0.0257110595703125 0.02640106201171875
2 0.9143753051757812 0.42816986083984376 0.024892578125 0.0126617431640625
2 0.9402398681640625 0.429595947265625 0.026412353515625 0.01324981689453125
2 0.9854888916015625 0.4311265563964844 0.0296337890625 0.01204742431640625
2 0.9519143676757813 0.38190231323242185 0.026412353515625 0.01324981689453125
2 0.9783941650390625 0.38361053466796874 0.0264117431640625 0.01324920654296875
2 0.9860479736328125 0.35179412841796875 0.0128131103515625 0.03041839599609375
2 0.8858132934570313 0.461187744140625 0.0116595458984375 0.023125
2 0.8725631713867188 0.4588749694824219 0.0119097900390625 0.02524993896484375
2 0.9008090209960937 0.7246981811523437 0.01086669921875 0.02539581298828125
2 0.9799334716796875 0.7288229370117187 0.01086669921875 0.02539581298828125
2 0.9672903442382812 0.7266822814941406 0.0116552734375 0.0233868408203125
2 0.9275238037109375 0.7956611633300781 0.0275567626953125 0.0116778564453125
2 0.900089111328125 0.7976266479492188 0.0288238525390625 0.0099981689453125
2 0.855836181640625 0.7976609802246094 0.0288275146484375 0.00919677734375
2 0.7563088989257812 0.8089479064941406 0.01086669921875 0.02539581298828125
2 0.7543093872070312 0.714822998046875 0.01086669921875 0.02539581298828125
2 0.6997463989257813 0.8991334533691406 0.0275567626953125 0.0116778564453125
2 0.7296694946289063 0.9381060791015625 0.0302972412109375 0.013233642578125
2 0.7984402465820313 0.9242465209960937 0.01104736328125 0.0239410400390625
2 0.7243984985351563 0.6251889038085937 0.0275567626953125 0.0116778564453125
2 0.72880615234375 0.7622077941894532 0.0275567626953125 0.0116778564453125
2 0.73174560546875 0.7315489196777344 0.0246697998046875 0.01317779541015625
2 0.7289266967773438 0.9858404541015625 0.0302972412109375 0.0132330322265625
2 0.8231329345703124 0.9906234741210938 0.0272088623046875 0.0135638427734375
2 0.32011077880859373 0.9380416870117188 0.026339111328125 0.0131475830078125
2 0.36359649658203125 0.8047744750976562 0.026339111328125 0.01314727783203125
2 0.47321929931640627 0.7809649658203125 0.026339111328125 0.0131475830078125
2 0.47305450439453123 0.7679023742675781 0.026339111328125 0.01314727783203125
2 0.4770220947265625 0.8204818725585937 0.026339111328125 0.0131475830078125
2 0.3332977294921875 0.7518641662597656 0.026339111328125 0.01314727783203125
2 0.4431561279296875 0.7431373596191406 0.0119744873046875 0.02212066650390625
2 0.13806427001953125 0.6935932922363282 0.0121270751953125 0.02220611572265625
2 0.1523211669921875 0.6307545471191406 0.011982421875 0.023544921875
2 0.1493548583984375 0.8126161193847656 0.012003173828125 0.027142333984375
2 0.0894384765625 0.7570628356933594 0.0268609619140625 0.01737518310546875
2 0.08523712158203126 0.7111387634277344 0.0284722900390625 0.01622283935546875
2 0.1260845947265625 0.7078741455078125 0.0280096435546875 0.0187518310546875
2 0.130313720703125 0.8136256408691406 0.017874755859375 0.02722015380859375
2 0.20912506103515624 0.768125 0.0275 0.0263092041015625
