7 0.18781463623046876 0.5633303833007812 0.0323699951171875 0.046087646484375
7 0.18859466552734375 0.4500286865234375 0.0581890869140625 0.0496923828125
7 0.21237533569335937 0.7219375610351563 0.05475006103515625 0.0455047607421875
7 0.47375 0.9801251220703125 0.0275 0.037249755859375
2 0.39094268798828125 0.291207275390625 0.02814910888671875 0.0126715087890625
2 0.34300689697265624 0.1964117431640625 0.0125787353515625 0.02656494140625
2 0.3923500061035156 0.303538818359375 0.02639312744140625 0.0125103759765625
2 0.391873779296875 0.315946044921875 0.02665069580078125 0.012799072265625
2 0.38893325805664064 0.34104644775390625 0.02814910888671875 0.0126715087890625
2 0.39395721435546877 0.3924929809570312 0.02814910888671875 0.0126715087890625
2 0.39114349365234374 0.40595733642578125 0.02814910888671875 0.0126715087890625
2 0.3921064758300781 0.4183895874023438 0.02550445556640625 0.0123016357421875
2 0.31674530029296877 0.3169024658203125 0.02550445556640625 0.0123016357421875
2 0.3187547302246094 0.30424163818359373 0.0255047607421875 0.0123016357421875
2 0.3199601745605469 0.46742431640625 0.02550445556640625 0.0123016357421875
2 0.3913447570800781 0.45740478515625 0.0281500244140625 0.012672119140625
2 0.3953639221191406 0.524124755859375 0.02814910888671875 0.0126715087890625
2 0.5180471801757812 0.509285888671875 0.0125787353515625 0.02656494140625
2 0.3223722839355469 0.5640890502929687 0.0255047607421875 0.0123016357421875
2 0.05306915283203125 0.174627685546875 0.0125787353515625 0.02656494140625
2 0.5174282836914063 0.6228375244140625 0.0125787353515625 0.02656494140625
2 0.5189752197265625 0.7305108642578125 0.0125787353515625 0.02656494140625
2 0.362415771484375 0.8313775634765626 0.0125787353515625 0.02656494140625
2 0.37308670043945313 0.863233642578125 0.02814910888671875 0.0126715087890625
2 0.6537179565429687 0.8774664306640625 0.02814910888671875 0.0126715087890625
2 0.8628762817382812 0.9118106079101562 0.02814910888671875 0.0126715087890625
2 0.8200271606445313 0.7871322631835938 0.0125787353515625 0.02656494140625
2 0.34997344970703126 0.83080322265625 0.0125787353515625 0.02656494140625
2 0.334659423828125 0.8353973388671875 0.0125787353515625 0.02656494140625
2 0.2018109130859375 0.827357177734375 0.0125787353515625 0.02656494140625
2 0.2161579895019531 0.83005615234375 0.01294189453125 0.03052734375
2 0.14112945556640624 0.9366607666015625 0.0125787353515625 0.02656494140625
2 0.8429585266113281 0.7782635498046875 0.01048614501953125 0.0229327392578125
2 0.9096015930175781 0.8304498291015625 0.01048614501953125 0.0229327392578125
2 0.8621757507324219 0.9445187377929688 0.01048614501953125 0.0229327392578125
2 0.8877398681640625 0.9445187377929688 0.01048614501953125 0.0229327392578125
2 0.8158074951171875 0.9404638671875 0.01048614501953125 0.0229327392578125
2 0.8032901000976562 0.9462823486328125 0.0104864501953125 0.022933349609375
2 0.94927001953125 0.9445187377929688 0.0104864501953125 0.0229327392578125
2 0.935611572265625 0.942210693359375 0.01699951171875 0.0271978759765625
2 0.842694091796875 0.7255490112304688 0.01120391845703125 0.025048828125
2 0.7741539001464843 0.6820965576171875 0.02906829833984375 0.0125177001953125
2 0.6749418640136718 0.9390646362304688 0.01119415283203125 0.030667724609375
2 0.6896611022949218 0.9460171508789063 0.0113677978515625 0.020869140625
2 0.8433232116699219 0.5978756713867187 0.01120452880859375 0.025048828125
2 0.9216529846191406 0.1120660400390625 0.01088409423828125 0.024732666015625
2 0.9087425231933594 0.11226165771484375 0.01088409423828125 0.024732666015625
2 0.8938752746582032 0.1118707275390625 0.0108837890625 0.024732666015625
2 0.841058349609375 0.09191741943359374 0.01088409423828125 0.024732666015625
2 0.7745114135742187 0.19410064697265625 0.02694976806640625 0.01119140625
2 0.7760762023925781 0.3286856079101563 0.0269500732421875 0.01119140625
2 0.7758805847167969 0.3419879150390625 0.0269500732421875 0.01119140625
2 0.9337599182128906 0.5715914916992187 0.01085174560546875 0.0249078369140625
