7 0.6925630187988281 0.22450042724609376 0.0491265869140625 0.0285003662109375
7 0.6817521667480468 0.4136569213867187 0.02574615478515625 0.0519366455078125
7 0.7711614990234374 0.7114395141601563 0.01707244873046875 0.0328790283203125
7 0.5820561218261718 0.7622055053710938 0.05613800048828125 0.0275885009765625
7 0.2073456573486328 0.7593765258789062 0.058941192626953125 0.0362469482421875
7 0.04593879699707031 0.7575787353515625 0.0523724365234375 0.0300933837890625
2 0.8667205810546875 0.0500213623046875 0.0125787353515625 0.0313885498046875
2 0.7933746337890625 0.4084991455078125 0.02441986083984375 0.0121929931640625
2 0.7970053100585938 0.29784881591796875 0.02441986083984375 0.0121929931640625
2 0.797869873046875 0.22558074951171875 0.02441986083984375 0.0121929931640625
2 0.797869873046875 0.2103662109375 0.02441986083984375 0.0121929931640625
2 0.8655691528320313 0.218377685546875 0.0125787353515625 0.02656494140625
2 0.9536294555664062 0.9804107666015625 0.0125787353515625 0.02656494140625
2 0.8110238647460938 0.9805572509765625 0.015994873046875 0.027412109375
2 0.7182583618164062 0.870054931640625 0.0125787353515625 0.02656494140625
2 0.6766793823242188 0.8721600341796875 0.0125787353515625 0.02656494140625
2 0.482691650390625 0.9488259887695313 0.02814910888671875 0.0126715087890625
2 0.445889892578125 0.9795278930664062 0.012578582763671875 0.02656494140625
2 0.04208274841308594 0.8654550170898437 0.017649078369140626 0.0295074462890625
2 0.06816581726074218 0.86832763671875 0.015237884521484375 0.031259765625
