7 0.20575439453125 0.121546630859375 0.05225830078125 0.03009307861328125
7 0.2646649169921875 0.07758010864257812 0.07092041015625 0.0661602783203125
7 0.3942498779296875 0.04756256103515625 0.02911376953125 0.01412506103515625
7 0.5298123168945312 0.07487472534179687 0.024375 0.04699981689453125
7 0.57259033203125 0.13064132690429686 0.050819091796875 0.04928253173828125
7 0.7613088989257812 0.12199935913085938 0.065118408203125 0.0670013427734375
7 0.9507061767578125 0.04770584106445312 0.0221453857421875 0.03391510009765625
7 0.2805108642578125 0.45116744995117186 0.043883056640625 0.04566192626953125
7 0.6631613159179688 0.45833419799804687 0.05168701171875 0.02807373046875
7 0.7724343872070313 0.4524755859375 0.058165283203125 0.047977294921875
7 0.34785614013671873 0.8571369934082032 0.052039794921875 0.02847686767578125
7 0.5173159790039062 0.8201121520996094 0.017633056640625 0.01602569580078125
7 0.5470718383789063 0.8155097961425781 0.0141058349609375 0.0232708740234375
2 0.2109075927734375 0.23729476928710938 0.01194091796875 0.02595184326171875
2 0.240426025390625 0.31428741455078124 0.0272589111328125 0.01169921875
2 0.717471923828125 0.3129046630859375 0.0272589111328125 0.01169921875
2 0.9237777709960937 0.3156706237792969 0.02725830078125 0.01169830322265625
2 0.626007080078125 0.342659912109375 0.01194091796875 0.02595184326171875
2 0.8267813110351563 0.3457017517089844 0.01194091796875 0.02595184326171875
2 0.9860733032226563 0.23784774780273438 0.0119403076171875 0.02595184326171875
2 0.7466995239257812 0.31310699462890623 0.0230682373046875 0.01213287353515625
2 0.8840762329101562 0.26640670776367187 0.02725830078125 0.01169830322265625
2 0.8920620727539063 0.23566436767578125 0.012171630859375 0.02264678955078125
2 0.9065576171875 0.2341581726074219 0.012171630859375 0.02264678955078125
4 0.8598947143554687 0.23406951904296874 0.012025146484375 0.0254547119140625
2 0.9898846435546875 0.967716064453125 0.0117279052734375 0.028408203125
2 0.9771102905273438 0.96616455078125 0.0108837890625 0.024732666015625
2 0.8697650146484375 0.9678726196289062 0.0108843994140625 0.024732666015625
2 0.85645263671875 0.9677304077148438 0.013873291015625 0.0275091552734375
2 0.9115899658203125 0.99735595703125 0.0213568115234375 0.01151123046875
2 0.8891671752929687 0.9970843505859375 0.02321533203125 0.011822509765625
2 0.6700738525390625 0.9970840454101563 0.0232147216796875 0.0118218994140625
2 0.6144342041015625 0.9724246215820312 0.0108837890625 0.024732666015625
2 0.22593719482421876 0.9714468383789062 0.0108837890625 0.024732666015625
2 0.21146148681640625 0.9696853637695313 0.0108843994140625 0.024732666015625
2 0.19874664306640624 0.971837158203125 0.0108843994140625 0.024732666015625
2 0.10915298461914062 0.9683160400390625 0.01088409423828125 0.024732666015625
2 0.09624252319335938 0.9685116577148437 0.01088409423828125 0.024732666015625
2 0.08137527465820313 0.9681207275390625 0.0108837890625 0.024732666015625
2 0.028558349609375 0.9481674194335937 0.01088409423828125 0.024732666015625
2 0.02983184814453125 0.8018794250488281 0.01088409423828125 0.024732666015625
2 0.2519940185546875 0.7074470520019531 0.0108837890625 0.02473236083984375
2 0.28368408203125 0.6090853881835937 0.0108837890625 0.02473236083984375
2 0.240167236328125 0.7067192077636719 0.0108837890625 0.02473236083984375
2 0.10388580322265625 0.6148344421386719 0.01088409423828125 0.02473297119140625
2 0.11680419921875 0.6151985168457031 0.01088409423828125 0.024732666015625
2 0.6053671264648437 0.6150094604492188 0.0108843994140625 0.02473297119140625
2 0.6267617797851562 0.6132595825195313 0.0140521240234375 0.0330194091796875
2 0.7791424560546875 0.7028848266601563 0.0108843994140625 0.02473297119140625
2 0.765318603515625 0.7038714599609375 0.0108837890625 0.024732666015625
2 0.8395684814453125 0.6088877868652344 0.0108837890625 0.02473236083984375
2 0.783289794921875 0.6084928894042969 0.0108837890625 0.02473236083984375
2 0.765911865234375 0.6086904907226562 0.0108837890625 0.02473236083984375
2 0.8018832397460938 0.6790921020507813 0.0232147216796875 0.01182159423828125
2 0.8616656494140625 0.6370123291015625 0.02321533203125 0.01182220458984375
2 0.6707998657226563 0.6359442138671875 0.0281219482421875 0.0111785888671875
2 0.699371337890625 0.635478515625 0.0281219482421875 0.0111785888671875
2 0.9059207153320312 0.6351480102539062 0.0232147216796875 0.01182159423828125
