7 0.1382061767578125 0.04770584106445312 0.0221453857421875 0.03391510009765625
7 0.19317047119140626 0.45855377197265623 0.0373455810546875 0.0276336669921875
7 0.392562255859375 0.490625 0.0420037841796875 0.0192498779296875
7 0.5758090209960938 0.5026541137695313 0.0221337890625 0.0243609619140625
7 0.572196044921875 0.45773193359375 0.0298931884765625 0.01621368408203125
7 0.6478756713867188 0.4446250915527344 0.0235003662109375 0.025469970703125
7 0.8498611450195312 0.8976957702636719 0.0532220458984375 0.019359130859375
7 0.8679595947265625 0.8678736877441406 0.0275823974609375 0.02649688720703125
7 0.44430511474609374 0.0729937744140625 0.0223895263671875 0.02326263427734375
7 0.8132455444335938 0.08275054931640625 0.0325103759765625 0.05300079345703125
2 0.11127777099609375 0.3156706237792969 0.02725830078125 0.01169830322265625
2 0.01428131103515625 0.3457017517089844 0.01194091796875 0.02595184326171875
2 0.17357330322265624 0.23784774780273438 0.0119403076171875 0.02595184326171875
2 0.07157623291015625 0.26640670776367187 0.02725830078125 0.01169830322265625
2 0.45617706298828126 0.2662174987792969 0.0272589111328125 0.01169921875
2 0.18562164306640624 0.23690658569335937 0.01194091796875 0.02595184326171875
2 0.2503802490234375 0.34421066284179686 0.0119403076171875 0.02595184326171875
2 0.07956207275390625 0.23566436767578125 0.012171630859375 0.02264678955078125
2 0.0940576171875 0.2341581726074219 0.012171630859375 0.02264678955078125
4 0.04739471435546875 0.23406951904296874 0.012025146484375 0.0254547119140625
2 0.5239486694335938 0.26904205322265623 0.02725830078125 0.01169830322265625
2 0.537314453125 0.31497528076171877 0.0272589111328125 0.01169921875
2 0.6536550903320313 0.3145989990234375 0.0272589111328125 0.01169921875
2 0.6349826049804688 0.22862335205078124 0.01194091796875 0.02595184326171875
2 0.5218856811523438 0.3530601501464844 0.020987548828125 0.03066802978515625
2 0.589425048828125 0.34439910888671876 0.01194091796875 0.02595184326171875
2 0.5559442138671875 0.11999435424804687 0.02498779296875 0.011517333984375
2 0.5563201904296875 0.016267242431640624 0.02498779296875 0.01151641845703125
2 0.5574502563476562 0.04149261474609375 0.02498779296875 0.011517333984375
2 0.7443280029296875 0.2666712951660156 0.0272589111328125 0.01169921875
2 0.9484536743164063 0.22193084716796874 0.01194091796875 0.02595184326171875
2 0.9462948608398437 0.16450408935546876 0.01194091796875 0.02595184326171875
2 0.9894729614257812 0.12326934814453125 0.01194091796875 0.02595184326171875
2 0.9899044799804687 0.096715087890625 0.01194091796875 0.02595184326171875
2 0.88020751953125 0.03170257568359375 0.0249871826171875 0.01151641845703125
2 0.8862799072265625 0.01753173828125 0.02498779296875 0.011517333984375
2 0.6765316772460938 0.9917404174804687 0.026339111328125 0.0131475830078125
2 0.6753314208984375 0.922237548828125 0.0239727783203125 0.0118890380859375
2 0.6747830200195313 0.937222900390625 0.023973388671875 0.0118896484375
2 0.6456063842773437 0.9079385375976563 0.011607666015625 0.0261767578125
2 0.5797543334960937 0.8571794128417969 0.02397216796875 0.0118896484375
2 0.35714752197265626 0.9832305908203125 0.01134521484375 0.028468017578125
2 0.342838134765625 0.9813201904296875 0.0114910888671875 0.0248443603515625
2 0.1773846435546875 0.967716064453125 0.0117279052734375 0.028408203125
2 0.16461029052734374 0.96616455078125 0.0108837890625 0.024732666015625
2 0.0572650146484375 0.9678726196289062 0.0108843994140625 0.024732666015625
2 0.04395263671875 0.9677304077148438 0.013873291015625 0.0275091552734375
2 0.0990899658203125 0.99735595703125 0.0213568115234375 0.01151123046875
2 0.07666717529296875 0.9970843505859375 0.02321533203125 0.011822509765625
2 0.0270684814453125 0.6088877868652344 0.0108837890625 0.02473236083984375
2 0.0491656494140625 0.6370123291015625 0.02321533203125 0.01182220458984375
2 0.09342071533203125 0.6351480102539062 0.0232147216796875 0.01182159423828125
2 0.2227679443359375 0.676607666015625 0.0232147216796875 0.01182159423828125
2 0.1958575439453125 0.6102851867675781 0.0108843994140625 0.02473297119140625
2 0.262320556640625 0.7053987121582032 0.012625732421875 0.0253619384765625
2 0.9505642700195313 0.6935932922363282 0.0121270751953125 0.02220611572265625
2 0.9648211669921875 0.6307545471191406 0.011982421875 0.023544921875
2 0.9618548583984375 0.8126161193847656 0.012003173828125 0.027142333984375
2 0.9019384765625 0.7570628356933594 0.0268609619140625 0.01737518310546875
2 0.8977371215820312 0.7111387634277344 0.0284722900390625 0.01622283935546875
2 0.9385845947265625 0.7078741455078125 0.0280096435546875 0.0187518310546875
2 0.942813720703125 0.8136256408691406 0.017874755859375 0.02722015380859375
