7 0.0610626220703125 0.5565000915527344 0.02535888671875 0.02199981689453125
7 0.1382061767578125 0.8602058410644531 0.0221453857421875 0.03391510009765625
7 0.39843780517578126 0.15500892639160158 0.059725341796875 0.05328933715820312
7 0.27542266845703123 0.19409591674804688 0.02326171875 0.02318145751953125
7 0.44430511474609374 0.8854937744140625 0.0223895263671875 0.02326263427734375
7 0.8132455444335938 0.8952505493164062 0.0325103759765625 0.05300079345703125
7 0.7586260986328125 0.7438127136230469 0.0267498779296875 0.0275299072265625
7 0.8631170654296875 0.6679605102539062 0.0320184326171875 0.03226043701171875
7 0.7731985473632812 0.40629547119140624 0.035115966796875 0.0354803466796875
7 0.7641921997070312 0.20396644592285157 0.049854736328125 0.06285736083984375
7 0.7595004272460938 0.03787506103515625 0.0270416259765625 0.024499969482421877
2 0.5559442138671875 0.9324943542480468 0.02498779296875 0.011517333984375
2 0.5563201904296875 0.8287672424316406 0.02498779296875 0.01151641845703125
2 0.5574502563476562 0.8539926147460938 0.02498779296875 0.011517333984375
2 0.9462948608398437 0.9770040893554688 0.01194091796875 0.02595184326171875
2 0.9894729614257812 0.9357693481445313 0.01194091796875 0.02595184326171875
2 0.9899044799804687 0.909215087890625 0.01194091796875 0.02595184326171875
2 0.635802001953125 0.611614990234375 0.01194091796875 0.02595184326171875
2 0.88020751953125 0.8442025756835938 0.0249871826171875 0.01151641845703125
2 0.8862799072265625 0.83003173828125 0.02498779296875 0.011517333984375
2 0.6656332397460938 0.7313484191894531 0.0249871826171875 0.01151641845703125
2 0.5398736572265626 0.336864013671875 0.02498779296875 0.011517486572265624
2 0.586207275390625 0.5273539733886718 0.01194091796875 0.02595184326171875
2 0.6332717895507812 0.35933799743652345 0.01194091796875 0.02595184326171875
2 0.5558148193359375 0.5544758605957031 0.0249871826171875 0.01151641845703125
2 0.4953662109375 0.30873062133789064 0.0119403076171875 0.0259515380859375
2 0.26156036376953123 0.30771842956542966 0.01194091796875 0.02595184326171875
2 0.1593341064453125 0.31050193786621094 0.0119403076171875 0.0259515380859375
2 0.142886962890625 0.31202011108398436 0.01194091796875 0.02595184326171875
2 0.6302349853515625 0.010625152587890626 0.01194091796875 0.02135223388671875
2 0.6610772705078125 0.18377738952636719 0.02498779296875 0.0115167236328125
2 0.6643673706054688 0.08408096313476562 0.02498779296875 0.0115167236328125
2 0.4014617919921875 0.019556427001953126 0.02498779296875 0.011517486572265624
2 0.26867431640625 0.02113616943359375 0.027132568359375 0.01187744140625
2 0.29796295166015624 0.048233108520507814 0.011871337890625 0.027015533447265625
2 0.05125396728515625 0.3061165618896484 0.01194091796875 0.02595184326171875
2 0.0122393798828125 0.3084265899658203 0.01194091796875 0.02595184326171875
2 0.06511444091796875 0.4059625244140625 0.01194091796875 0.02595184326171875
2 0.2756390380859375 0.5680996704101563 0.01194091796875 0.02595184326171875
2 0.2419927978515625 0.3370606231689453 0.0249871826171875 0.0115167236328125
2 0.3006655883789062 0.46834014892578124 0.02498779296875 0.0115167236328125
2 0.302957763671875 0.5042164611816407 0.0314483642578125 0.0125799560546875
2 0.29922943115234374 0.5207002258300781 0.0314483642578125 0.01258026123046875
2 0.3035784912109375 0.6161555480957032 0.02498779296875 0.01151641845703125
2 0.04353607177734375 0.739224853515625 0.0253570556640625 0.01128326416015625
2 0.0758197021484375 0.7380859375 0.029534912109375 0.01119384765625
2 0.0551751708984375 0.6977262878417969 0.0253570556640625 0.01128326416015625
2 0.19958740234375 0.7714480590820313 0.01148681640625 0.021712646484375
2 0.1884539794921875 0.771279296875 0.0114874267578125 0.021712646484375
2 0.04938140869140625 0.04765380859375 0.01357421875 0.02584381103515625
2 0.03508575439453125 0.050578155517578126 0.0118109130859375 0.020726318359375
2 0.13603973388671875 0.04952407836914063 0.01357421875 0.025843658447265626
7 0.189588623046875 0.15897018432617188 0.0199273681640625 0.028809967041015624
2 0.9682327270507812 0.5181788635253907 0.011048583984375 0.02556915283203125
2 0.9406393432617187 0.4491844177246094 0.0264068603515625 0.019807891845703127
2 0.90754150390625 0.4520762634277344 0.026407470703125 0.019808807373046876
2 0.9624172973632813 0.7903945922851563 0.0200457763671875 0.029283447265625
