2 0.7975967407226563 0.9906404113769531 0.02141693115234375 0.012442169189453125
2 0.5093338012695312 0.8874213409423828 0.0224395751953125 0.02663726806640625
2 0.5178910827636719 0.8761798858642578 0.02243927001953125 0.026636962890625
2 0.21160812377929689 0.9478536987304688 0.0309857177734375 0.0232940673828125
2 0.035247421264648436 0.9727259826660156 0.03699478149414062 0.022451629638671877
2 0.3034978485107422 0.8381343078613281 0.027263336181640625 0.025648040771484373
2 0.3692723083496094 0.7819208526611328 0.02712493896484375 0.025433197021484374
2 0.3816179656982422 0.7145340728759766 0.027124786376953126 0.025433197021484374
2 0.4336090087890625 0.632593879699707 0.0270574951171875 0.029393692016601563
2 0.4452686309814453 0.6259067249298096 0.027057342529296875 0.02939380645751953
2 0.5864637756347656 0.501363525390625 0.0244683837890625 0.026080245971679687
2 0.5965803527832031 0.4957049560546875 0.02446807861328125 0.02608009338378906
2 0.5778904724121093 0.5083935928344726 0.02446807861328125 0.02608001708984375
2 0.5291496276855469 0.590020637512207 0.028292236328125 0.026570892333984374
2 0.5886488342285157 0.537037124633789 0.028292236328125 0.026570892333984374
2 0.6222564697265625 0.5089163208007812 0.028292236328125 0.026570892333984374
2 0.7924385070800781 0.696673583984375 0.02949249267578125 0.016194915771484374
2 0.7876374816894531 0.7439985656738282 0.02949249267578125 0.016194915771484374
2 0.7874656677246094 0.5862482833862305 0.0211334228515625 0.0281207275390625
2 0.8221047973632812 0.7841813659667969 0.0133795166015625 0.029716796875
2 0.855250244140625 0.4403125762939453 0.02699981689453125 0.027491226196289062
2 0.8660624694824218 0.4333749771118164 0.029375 0.0297686767578125
2 0.8947503662109375 0.4070625305175781 0.02699981689453125 0.027491226196289062
