7 0.29708770751953123 0.19261787414550782 0.03907470703125 0.026986083984375
7 0.5329998779296875 0.19755012512207032 0.0484991455078125 0.025850372314453127
7 0.64122314453125 0.2026702880859375 0.0443035888671875 0.04609100341796875
7 0.7147671508789063 0.19766761779785155 0.0520355224609375 0.028585357666015623
7 0.7026870727539063 0.15368759155273437 0.046875 0.025142669677734375
7 0.7783755493164063 0.511812744140625 0.0410003662109375 0.03817779541015625
7 0.8735626220703125 0.5565000915527344 0.02535888671875 0.02199981689453125
7 0.36620941162109377 0.5125575256347656 0.0293310546875 0.02686492919921875
7 0.3485910034179687 0.5583027648925781 0.0525677490234375 0.03785552978515625
7 0.20575439453125 0.934046630859375 0.05225830078125 0.03009307861328125
7 0.2646649169921875 0.8900801086425781 0.07092041015625 0.0661602783203125
7 0.3942498779296875 0.8600625610351562 0.02911376953125 0.01412506103515625
7 0.5298123168945312 0.8873747253417968 0.024375 0.04699981689453125
7 0.57259033203125 0.9431413269042969 0.050819091796875 0.04928253173828125
7 0.7613088989257812 0.9344993591308594 0.065118408203125 0.0670013427734375
7 0.9507061767578125 0.8602058410644531 0.0221453857421875 0.03391510009765625
2 0.40147216796875 0.058729324340820316 0.01357421875 0.02584381103515625
2 0.0550433349609375 0.05581939697265625 0.0252862548828125 0.011447906494140625
2 0.057041168212890625 0.24352989196777344 0.02535797119140625 0.011283416748046875
2 0.02962554931640625 0.1847039794921875 0.01194091796875 0.02595184326171875
2 0.10716476440429687 0.40583450317382813 0.01194061279296875 0.02595184326171875
2 0.165810546875 0.4047764587402344 0.0119403076171875 0.0259515380859375
2 0.17944244384765626 0.404625244140625 0.01194091796875 0.02595184326171875
2 0.15311370849609374 0.4041717529296875 0.012847900390625 0.031115570068359376
2 0.028415985107421875 0.5445892333984375 0.01194061279296875 0.02595184326171875
2 0.06673065185546875 0.7147642517089844 0.025357666015625 0.01128326416015625
2 0.18237335205078126 0.696929931640625 0.0266571044921875 0.01118499755859375
2 0.2322491455078125 0.697703857421875 0.025357666015625 0.01128326416015625
2 0.09197219848632812 0.6689332580566406 0.01194061279296875 0.02595184326171875
2 0.10962661743164062 0.669947509765625 0.01194091796875 0.02595184326171875
2 0.2944882202148438 0.6693388366699219 0.01194091796875 0.02595184326171875
2 0.17131561279296875 0.7673501586914062 0.01194091796875 0.02595184326171875
2 0.9718341064453125 0.31050193786621094 0.0119403076171875 0.0259515380859375
2 0.955386962890625 0.31202011108398436 0.01194091796875 0.02595184326171875
2 0.8637539672851563 0.3061165618896484 0.01194091796875 0.02595184326171875
2 0.8247393798828125 0.3084265899658203 0.01194091796875 0.02595184326171875
2 0.8776144409179687 0.4059625244140625 0.01194091796875 0.02595184326171875
2 0.7703244018554688 0.40673255920410156 0.01194091796875 0.02595184326171875
2 0.6399346923828125 0.3094533538818359 0.0119403076171875 0.0259515380859375
2 0.4369061279296875 0.40621917724609374 0.01194091796875 0.02595184326171875
2 0.4256121826171875 0.4049359130859375 0.01194091796875 0.02595184326171875
2 0.355283203125 0.4044225311279297 0.01194091796875 0.02595184326171875
2 0.3257662963867187 0.4080160522460938 0.0119403076171875 0.0259515380859375
2 0.7009869384765625 0.33821792602539064 0.0249871826171875 0.0115167236328125
2 0.4005572509765625 0.3349110412597656 0.02498779296875 0.0115167236328125
2 0.371939697265625 0.38009254455566405 0.0289385986328125 0.011507720947265624
2 0.29820953369140624 0.37773475646972654 0.02498779296875 0.011517486572265624
2 0.2518197631835937 0.33721893310546874 0.0274432373046875 0.01140869140625
2 0.2969708251953125 0.30860855102539064 0.011878662109375 0.02232330322265625
2 0.36203857421875 0.7596615600585938 0.0119403076171875 0.02595184326171875
2 0.4600054931640625 0.7685899353027343 0.01194091796875 0.02595184326171875
2 0.521761474609375 0.7661100769042969 0.01194091796875 0.02595184326171875
2 0.5584677124023437 0.7973600769042969 0.01194091796875 0.02595184326171875
2 0.545570068359375 0.6708718872070313 0.01194091796875 0.02595184326171875
2 0.3965213012695312 0.7397306823730468 0.025357666015625 0.01128326416015625
2 0.724132080078125 0.7682427978515625 0.0114874267578125 0.021712646484375
2 0.7079376220703125 0.7689175415039062 0.01148681640625 0.021712646484375
2 0.8560360717773438 0.739224853515625 0.0253570556640625 0.01128326416015625
2 0.8883197021484375 0.7380859375 0.029534912109375 0.01119384765625
2 0.8676751708984375 0.6977262878417969 0.0253570556640625 0.01128326416015625
2 0.749505615234375 0.04890052795410156 0.01357421875 0.025843658447265626
2 0.36054229736328125 0.040333251953125 0.034964599609375 0.0196356201171875
2 0.7661834716796875 0.047809600830078125 0.01357421875 0.02584381103515625
2 0.7816131591796875 0.04593925476074219 0.01357421875 0.025843658447265626
2 0.8618814086914063 0.04765380859375 0.01357421875 0.02584381103515625
2 0.8475857543945312 0.050578155517578126 0.0118109130859375 0.020726318359375
2 0.9485397338867188 0.04952407836914063 0.01357421875 0.025843658447265626
