7 0.1724114990234375 0.3963711547851563 0.056177978515625 0.0449920654296875
7 0.232755126953125 0.08701812744140625 0.05824005126953125 0.0302862548828125
7 0.17574432373046875 0.1726947021484375 0.0560101318359375 0.0522607421875
7 0.33445556640625 0.1262030029296875 0.04066162109375 0.04890625
7 0.8041064453125 0.6983587646484375 0.04080078125 0.0192486572265625
7 0.8544451904296875 0.5727871704101563 0.03531005859375 0.043465576171875
7 0.8544378662109375 0.06462474822998047 0.047305908203125 0.049000091552734375
2 0.012095794677734376 0.13437347412109374 0.02423736572265625 0.0135638427734375
2 0.01377288818359375 0.23589996337890626 0.0272393798828125 0.0120367431640625
2 0.012562103271484375 0.34076904296875 0.0251837158203125 0.011649169921875
2 0.012550048828125 0.8355709838867188 0.025184326171875 0.01314697265625
2 0.01340301513671875 0.8184408569335937 0.026339111328125 0.0131475830078125
2 0.16374176025390624 0.9762924194335938 0.03351318359375 0.01315673828125
2 0.5866534423828125 0.9143011474609375 0.031197509765625 0.0233050537109375
2 0.69483154296875 0.8855014038085938 0.0298291015625 0.0169305419921875
2 0.450379638671875 0.8836386108398437 0.013646240234375 0.03094482421875
2 0.4777557373046875 0.8724960327148438 0.011617431640625 0.0269830322265625
2 0.5212921142578125 0.9708685302734374 0.011668701171875 0.0305084228515625
2 0.537708740234375 0.9737109375 0.0110107421875 0.0255999755859375
2 0.6351702880859375 0.9317803955078126 0.010169677734375 0.0255450439453125
2 0.34322021484375 0.8822036743164062 0.010169677734375 0.0255450439453125
2 0.3415252685546875 0.82796630859375 0.010169677734375 0.0255450439453125
2 0.2832598876953125 0.6615713500976562 0.014837646484375 0.0264453125
2 0.270335693359375 0.6651199340820313 0.014837646484375 0.0264453125
2 0.3224169921875 0.6126458740234375 0.0189697265625 0.025692138671875
2 0.24761474609375 0.6255410766601562 0.028944091796875 0.0217138671875
2 0.3735699462890625 0.59166748046875 0.026400146484375 0.0297320556640625
2 0.386053466796875 0.6047079467773437 0.0281494140625 0.030299072265625
2 0.3546624755859375 0.7106854248046875 0.026998291015625 0.031453857421875
2 0.31589111328125 0.588411865234375 0.0177099609375 0.0296551513671875
2 0.46390869140625 0.2284796142578125 0.01183837890625 0.0261279296875
2 0.4785015869140625 0.2282373046875 0.01183837890625 0.0261279296875
2 0.40554443359375 0.20951141357421876 0.01183837890625 0.0261279296875
2 0.439833984375 0.3262420654296875 0.011837158203125 0.0261279296875
2 0.409434814453125 0.3388885498046875 0.01183837890625 0.0261279296875
2 0.340125732421875 0.345941162109375 0.011837158203125 0.0261279296875
2 0.33890869140625 0.3773126220703125 0.01183837890625 0.0261279296875
2 0.3894573974609375 0.20736785888671874 0.01183837890625 0.0261279296875
2 0.29146240234375 0.28432403564453124 0.030968017578125 0.0153009033203125
2 0.3433746337890625 0.318408203125 0.025819091796875 0.0307196044921875
2 0.574339599609375 0.22762908935546874 0.011837158203125 0.0261273193359375
2 0.5877056884765625 0.23294586181640625 0.01183837890625 0.0261279296875
2 0.741551513671875 0.3638418579101563 0.028153076171875 0.013341064453125
2 0.6416119384765625 0.40211639404296873 0.028153076171875 0.0133404541015625
2 0.6129046630859375 0.29883544921875 0.028153076171875 0.0133404541015625
2 0.6713165283203125 0.649599609375 0.013597412109375 0.029090576171875
2 0.904144287109375 0.8019085693359375 0.01265869140625 0.0291900634765625
2 0.9505047607421875 0.80101318359375 0.011160888671875 0.02894287109375
