7 0.8584387969970703 0.7138287353515625 0.0523724365234375 0.0300933837890625
2 0.8545827484130859 0.8217050170898438 0.017649078369140626 0.0295074462890625
2 0.8806658172607422 0.82457763671875 0.015237884521484375 0.031259765625
2 0.6943463897705078 0.8677911376953125 0.024088592529296876 0.0129705810546875
2 0.7259906768798828 0.6877032470703125 0.012578582763671875 0.02656494140625
2 0.48641731262207033 0.8053875732421875 0.0150372314453125 0.0287261962890625
2 0.19341087341308594 0.9193350219726563 0.015037307739257813 0.0287261962890625
2 0.7267111206054687 0.3656573486328125 0.012578582763671875 0.02656494140625
2 0.6510626220703125 0.479849853515625 0.012578582763671875 0.02656494140625
2 0.4474002838134766 0.5164361572265626 0.01550140380859375 0.0268994140625
2 0.35259567260742186 0.6212313842773437 0.015501480102539062 0.0268988037109375
2 0.4238454437255859 0.6102239990234375 0.0136968994140625 0.022646484375
2 0.2626755714416504 0.5484072875976562 0.01550151824951172 0.0268988037109375
2 0.12657439231872558 0.666746826171875 0.015501537322998048 0.0268994140625
2 0.1145849895477295 0.6689669799804687 0.01550151824951172 0.0268994140625
2 0.15277323722839356 0.5752728271484375 0.015501537322998048 0.0268994140625
2 0.1371003246307373 0.5885763549804688 0.014015331268310546 0.026865234375
