7 0.18781463623046876 0.6070803833007813 0.0323699951171875 0.046087646484375
7 0.18859466552734375 0.4937786865234375 0.0581890869140625 0.0496923828125
7 0.21237533569335937 0.7656875610351562 0.05475006103515625 0.0455047607421875
2 0.39094268798828125 0.334957275390625 0.02814910888671875 0.0126715087890625
2 0.0542205810546875 0.0500213623046875 0.0125787353515625 0.0313885498046875
2 0.34300689697265624 0.2401617431640625 0.0125787353515625 0.02656494140625
2 0.3923500061035156 0.347288818359375 0.02639312744140625 0.0125103759765625
2 0.391873779296875 0.359696044921875 0.02665069580078125 0.012799072265625
2 0.38893325805664064 0.38479644775390626 0.02814910888671875 0.0126715087890625
2 0.39395721435546877 0.43624298095703123 0.02814910888671875 0.0126715087890625
2 0.39114349365234374 0.44970733642578126 0.02814910888671875 0.0126715087890625
2 0.3921064758300781 0.46213958740234373 0.02550445556640625 0.0123016357421875
2 0.31674530029296877 0.3606524658203125 0.02550445556640625 0.0123016357421875
2 0.3187547302246094 0.34799163818359374 0.0255047607421875 0.0123016357421875
2 0.3199601745605469 0.51117431640625 0.02550445556640625 0.0123016357421875
2 0.3913447570800781 0.50115478515625 0.0281500244140625 0.012672119140625
2 0.3953639221191406 0.567874755859375 0.02814910888671875 0.0126715087890625
2 0.5180471801757812 0.553035888671875 0.0125787353515625 0.02656494140625
2 0.3223722839355469 0.6078390502929687 0.0255047607421875 0.0123016357421875
2 0.05306915283203125 0.218377685546875 0.0125787353515625 0.02656494140625
2 0.5174282836914063 0.6665875244140625 0.0125787353515625 0.02656494140625
2 0.5189752197265625 0.7742608642578125 0.0125787353515625 0.02656494140625
2 0.362415771484375 0.8751275634765625 0.0125787353515625 0.02656494140625
2 0.37308670043945313 0.906983642578125 0.02814910888671875 0.0126715087890625
2 0.6537179565429687 0.9212164306640624 0.02814910888671875 0.0126715087890625
2 0.8628762817382812 0.9555606079101563 0.02814910888671875 0.0126715087890625
2 0.8200271606445313 0.8308822631835937 0.0125787353515625 0.02656494140625
2 0.34997344970703126 0.87455322265625 0.0125787353515625 0.02656494140625
2 0.334659423828125 0.8791473388671875 0.0125787353515625 0.02656494140625
2 0.2018109130859375 0.871107177734375 0.0125787353515625 0.02656494140625
2 0.2161579895019531 0.87380615234375 0.01294189453125 0.03052734375
2 0.14112945556640624 0.9804107666015625 0.0125787353515625 0.02656494140625
2 0.8429585266113281 0.8220135498046875 0.01048614501953125 0.0229327392578125
2 0.9096015930175781 0.8741998291015625 0.01048614501953125 0.0229327392578125
2 0.8621757507324219 0.9882687377929688 0.01048614501953125 0.0229327392578125
2 0.8877398681640625 0.9882687377929688 0.01048614501953125 0.0229327392578125
2 0.8158074951171875 0.9842138671875 0.01048614501953125 0.0229327392578125
2 0.8032901000976562 0.9900323486328125 0.0104864501953125 0.022933349609375
2 0.94927001953125 0.9882687377929688 0.0104864501953125 0.0229327392578125
2 0.935611572265625 0.985960693359375 0.01699951171875 0.0271978759765625
2 0.842694091796875 0.7692990112304687 0.01120391845703125 0.025048828125
2 0.7741539001464843 0.7258465576171875 0.02906829833984375 0.0125177001953125
2 0.6749418640136718 0.9828146362304687 0.01119415283203125 0.030667724609375
2 0.6896611022949218 0.9897671508789062 0.0113677978515625 0.020869140625
2 0.8433232116699219 0.6416256713867188 0.01120452880859375 0.025048828125
2 0.9216529846191406 0.1558160400390625 0.01088409423828125 0.024732666015625
2 0.9087425231933594 0.15601165771484374 0.01088409423828125 0.024732666015625
2 0.8938752746582032 0.1556207275390625 0.0108837890625 0.024732666015625
2 0.841058349609375 0.13566741943359376 0.01088409423828125 0.024732666015625
2 0.7745114135742187 0.23785064697265626 0.02694976806640625 0.01119140625
2 0.7760762023925781 0.37243560791015623 0.0269500732421875 0.01119140625
2 0.7758805847167969 0.3857379150390625 0.0269500732421875 0.01119140625
2 0.77833251953125 0.0369775390625 0.0269500732421875 0.01119171142578125
2 0.9337599182128906 0.6153414916992187 0.01085174560546875 0.0249078369140625
